#Creator: wheelEventBuffer
#Creation time: Tue Mar 28 17:09:24 2017
#Time	Angular velocity
#[s]	[rad/s]
0.135714	2.933984
0.240540	3.067902
0.340834	3.201982
0.437052	3.333750
0.529570	3.463642
0.618686	3.591541
0.704696	3.718037
0.787862	3.842645
0.868416	3.961755
0.946624	4.077343
1.022708	4.185107
1.096904	4.287342
1.169368	4.385372
1.240258	4.481971
1.309656	4.573581
1.377728	4.660425
1.444544	4.744605
1.510208	4.825054
1.574808	4.906439
1.638334	4.983175
1.700906	5.059903
1.762564	5.133321
1.823290	5.212531
1.883098	5.292975
1.942004	5.375757
1.999980	5.461740
2.057052	5.547969
2.113260	5.634133
2.168646	5.712610
2.223278	5.789033
2.277214	5.862930
2.330478	5.934476
2.383114	6.002737
2.435168	6.070945
2.486632	6.136642
2.537574	6.200593
2.587982	6.263393
2.637878	6.327478
2.687300	6.392367
2.736202	6.453029
2.784642	6.518098
2.832636	6.577323
2.880156	6.642688
2.927218	6.708791
2.973820	6.775054
3.019962	6.841447
3.065646	6.911587
3.110884	6.981317
3.155680	7.044246
3.200080	7.109606
3.244092	7.167350
3.287746	7.226704
3.331038	7.285359
3.374002	7.342572
3.416612	7.400341
3.458912	7.456902
3.500886	7.511459
3.542568	7.562813
3.583952	7.622265
3.625022	7.675901
3.665804	7.729916
3.706316	7.782384
3.746530	7.840653
3.786452	7.897417
3.826086	7.957025
3.865428	8.013858
3.904486	8.071924
3.943270	8.131258
3.981780	8.184641
4.020036	8.240459
4.058048	8.290038
4.095832	8.340216
4.133384	8.389662
4.170726	8.439697
4.207832	8.490332
4.244736	8.539257
4.281416	8.587810
4.317896	8.635494
4.354180	8.686591
4.390244	8.732468
4.426116	8.782758
4.461802	8.827178
4.497282	8.880074
4.532558	8.930561
4.567640	8.981625
4.602514	9.033795
4.637190	9.085524
4.671672	9.139445
4.705964	9.182721
4.740090	9.230205
4.774046	9.273800
4.807842	9.318915
4.841474	9.361122
4.874960	9.405403
4.908276	9.450673
4.941444	9.496381
4.974448	9.539056
5.007308	9.580947
5.040026	9.629108
5.072572	9.672391
5.104972	9.719071
5.137236	9.759530
5.169344	9.807057
5.201302	9.853813
5.233108	9.901017
5.264764	9.948045
5.296272	9.992979
5.327638	10.040245
5.358864	10.081486
5.389964	10.123720
5.420936	10.162362
5.451792	10.201964
5.482528	10.238537
5.513154	10.279408
5.543650	10.320607
5.574034	10.362137
5.604290	10.401936
5.634434	10.441348
5.664464	10.487357
5.694360	10.525304
5.724146	10.569212
5.753822	10.606322
5.783378	10.650189
5.812814	10.694419
5.842132	10.739019
5.871328	10.780292
5.900410	10.824120
5.929380	10.867554
5.958244	10.900738
5.987016	10.938693
6.015690	10.972313
6.044278	11.007683
6.072772	11.040953
6.101184	11.076767
6.129494	11.113601
6.157716	11.152264
6.185838	11.188805
6.213868	11.225587
6.241808	11.268266
6.269642	11.302319
6.297388	11.341490
6.325050	11.376811
6.352610	11.418990
6.380074	11.458139
6.407448	11.497558
6.434724	11.536401
6.461910	11.574654
6.489006	11.616598
6.516016	11.646744
6.542952	11.680520
6.569812	11.710126
6.596606	11.742516
6.623324	11.771555
6.649976	11.805173
6.676542	11.841661
6.703038	11.876579
6.729448	11.911703
6.755784	11.944311
6.782048	11.985322
6.808220	12.018335
6.834316	12.057080
6.860344	12.087698
6.886286	12.129701
6.912146	12.166341
6.937930	12.204151
6.963634	12.239336
6.989262	12.276642
7.014818	12.313211
7.040300	12.343205
7.065724	12.371397
7.091088	12.400697
7.116394	12.429153
7.141638	12.457739
7.166828	12.488443
7.191946	12.521294
7.217006	12.555322
7.241994	12.587518
7.266916	12.620893
7.291776	12.661586
7.316552	12.692278
7.341268	12.729306
7.365924	12.758255
7.390508	12.796711
7.415024	12.832255
7.439474	12.867996
7.463852	12.903938
7.488168	12.935818
7.512422	12.973210
7.536614	12.997901
7.560760	13.025925
7.584852	13.051901
7.608898	13.080159
7.632890	13.105259
7.656840	13.133749
7.680724	13.166776
7.704562	13.196642
7.728334	13.229987
7.752052	13.259022
7.775718	13.299435
7.799308	13.328777
7.822846	13.365067
7.846332	13.393557
7.869752	13.430201
7.893114	13.464738
7.916418	13.498293
7.939664	13.530850
7.962852	13.564735
7.985986	13.598791
8.009070	13.620015
8.032114	13.646046
8.055116	13.669797
8.078078	13.694824
8.100996	13.717547
8.123876	13.747561
8.146698	13.777707
8.169480	13.806771
8.192204	13.839615
8.214880	13.867717
8.237508	13.907006
8.260072	13.934146
8.282588	13.970085
8.305058	13.996225
8.327474	14.032485
8.349834	14.066413
8.372142	14.100506
8.394398	14.129678
8.416606	14.162802
8.438764	14.197364
8.460876	14.216638
8.482960	14.238545
8.505018	14.246294
8.527072	14.248878
8.549126	14.239836
8.571212	14.217925
8.593330	14.184543
8.615516	14.144947
8.637752	14.105570
8.660052	14.067673
8.682404	14.047544
8.704788	14.017458
8.727222	13.991238
8.749712	13.952712
8.772252	13.919329
8.794858	13.876293
8.817528	13.839615
8.840258	13.801918
8.863046	13.769253
8.885886	13.741548
8.908782	13.701992
8.931744	13.662663
8.954780	13.615293
8.977894	13.569422
9.001086	13.518041
9.024366	13.473978
9.047706	13.441694
9.071110	13.407275
9.094568	13.375309
9.118088	13.337831
9.141678	13.306195
9.165322	13.261261
9.189046	13.223304
9.212848	13.180033
9.236706	13.149141
9.260626	13.119488
9.284604	13.086698
9.308642	13.050817
9.332752	13.009743
9.356940	12.971068
9.381204	12.921984
9.405558	12.879603
9.429990	12.834352
9.454508	12.794627
9.479102	12.751005
9.503786	12.707680
9.528544	12.664648
9.553398	12.621907
9.578324	12.580461
9.603334	12.540287
9.628424	12.509328
9.653574	12.469606
9.678806	12.432104
9.704128	12.385053
9.729530	12.348057
9.755010	12.308387
9.780576	12.270888
9.806216	12.233616
9.831936	12.194677
9.857744	12.155044
9.883642	12.105397
9.909648	12.058005
9.935752	12.009146
9.961962	11.964326
9.988270	11.917126
10.014686	11.872091
10.041192	11.829176
10.067804	11.783034
10.094516	11.738128
10.121328	11.693563
10.148244	11.656251
10.175246	11.609729
10.202352	11.568687
10.229574	11.518636
10.256890	11.479073
10.284308	11.437282
10.311828	11.394968
10.339450	11.352145
10.367176	11.309643
10.395008	11.267458
10.422956	11.214367
10.451032	11.166534
10.479228	11.115960
10.507556	11.066622
10.536008	11.013857
10.564600	10.965419
10.593306	10.917406
10.622152	10.869811
10.651116	10.819647
10.680216	10.771421
10.709452	10.726552
10.738804	10.674797
10.768296	10.629289
10.797936	10.574193
10.827706	10.528831
10.857610	10.481758
10.887654	10.433719
10.917832	10.385430
10.948150	10.338267
10.978612	10.290182
11.009222	10.237202
11.039992	10.183445
11.070924	10.129595
11.102024	10.075020
11.133290	10.018473
11.164740	9.963821
11.196346	9.911638
11.228132	9.858761
11.260088	9.802773
11.292224	9.746813
11.324552	9.695077
11.357046	9.637970
11.389730	9.585040
11.422618	9.524596
11.455686	9.474043
11.488938	9.420633
11.522386	9.366704
11.556022	9.312286
11.589852	9.259587
11.623880	9.208021
11.658108	9.148493
11.692562	9.090257
11.727236	9.030160
11.762144	8.970341
11.797284	8.908781
11.832676	8.847065
11.868300	8.788163
11.904184	8.724707
11.940318	8.662639
11.976718	8.598152
12.013396	8.538329
12.050328	8.471101
12.087554	8.408074
12.125078	8.339331
12.162884	8.278678
12.200978	8.215462
12.239366	8.153204
12.278044	8.091049
12.317020	8.029835
12.356298	7.968731
12.395890	7.902185
12.435814	7.836350
12.476086	7.766991
12.516716	7.698472
12.557712	7.627076
12.599104	7.555901
12.640876	7.483903
12.683074	7.409417
12.725690	7.334001
12.768754	7.256081
12.812292	7.180783
12.856284	7.099965
12.900776	7.022202
12.945788	6.940292
12.991304	6.863569
13.037336	6.785884
13.083900	6.709651
13.130986	6.633711
13.178620	6.558101
13.226804	6.483660
13.275564	6.403311
13.324940	6.324166
13.374952	6.240500
13.425652	6.154917
13.477068	6.065787
13.529268	5.974881
13.582256	5.882471
13.636126	5.785835
13.690892	5.687376
13.746642	5.585054
13.803438	5.483284
13.861308	5.374654
13.920360	5.267593
13.980668	5.155392
14.042256	5.047546
14.105184	4.938990
14.169516	4.830990
14.235288	4.723489
14.302580	4.615916
14.371474	4.508341
14.442068	4.395311
14.514544	4.279050
14.589078	4.155766
14.665918	4.027167
14.745320	3.891481
14.827654	3.748380
14.913290	3.596392
15.002816	3.433134
15.096838	3.260131
15.196242	3.074567
15.302126	2.877443
15.415922	2.663495
15.539804	2.433532
15.677030	2.179966
15.832852	1.898909
16.017730	1.573282
16.260472	1.163665
16.747070	0.540298
17.205930	0.503764
17.723222	1.038275
17.995198	1.404717
18.202052	1.699132
18.375972	1.956062
18.528612	2.192166
18.665814	2.411342
18.791202	2.618780
18.907282	2.812275
19.015712	2.996273
19.117816	3.169037
19.214632	3.332265
19.306896	3.485778
19.395322	3.629298
19.480380	3.763919
19.562538	3.889939
19.642144	4.008565
19.719528	4.116666
19.794942	4.218488
19.868624	4.312768
19.940716	4.405049
20.011308	4.496855
20.080486	4.588008
20.148276	4.681956
20.214710	4.775909
20.279840	4.875070
20.343652	4.972291
20.406206	5.072321
20.467584	5.169134
20.527792	5.268123
20.586890	5.364742
20.644956	5.459841
20.702014	5.552283
20.758164	5.641620
20.813422	5.729697
20.867874	5.812167
20.921560	5.892843
20.974558	5.966031
21.026908	6.036881
21.078680	6.102313
21.129896	6.166031
21.180582	6.229858
21.230756	6.294515
21.280406	6.360529
21.329538	6.426365
21.378164	6.498413
21.426246	6.568247
21.473800	6.642968
21.520862	6.712518
21.567404	6.786763
21.613442	6.860871
21.659000	6.933246
21.704080	7.004041
21.748720	7.074066
21.792912	7.143230
21.836696	7.208795
21.880080	7.274563
21.923096	7.335028
21.965758	7.392678
22.008112	7.444885
22.050166	7.496045
22.091932	7.547551
22.133422	7.597564
22.174626	7.650479
22.215548	7.701870
22.256188	7.761618
22.296522	7.816074
22.336552	7.877219
22.376304	7.932914
22.415750	7.995095
22.454896	8.054127
22.493762	8.115294
22.532330	8.173568
22.570632	8.233548
22.608650	8.292664
22.646410	8.348195
22.683914	8.405374
22.721182	8.456963
22.758216	8.508267
22.795052	8.551809
22.831696	8.594858
22.868152	8.639293
22.904430	8.681311
22.940524	8.726161
22.976436	8.768051
23.012166	8.819744
23.047692	8.866541
23.083016	8.917379
23.118164	8.963174
23.153108	9.016683
23.187844	9.069263
23.222392	9.121400
23.256734	9.171462
23.290896	9.223701
23.324858	9.275991
23.358634	9.326661
23.392226	9.378448
23.425648	9.424024
23.458898	9.470616
23.492010	9.509028
23.524982	9.547173
23.557822	9.584455
23.590538	9.622030
23.623124	9.659306
23.655580	9.696872
23.687910	9.741977
23.720090	9.782017
23.752126	9.826690
23.784040	9.866811
23.815802	9.914140
23.847414	9.959398
23.878888	10.006347
23.910210	10.051167
23.941398	10.097039
23.972432	10.147919
24.003322	10.193357
24.034072	10.239872
24.064690	10.283446
24.095172	10.328750
24.125542	10.362820
24.155806	10.398493
24.185966	10.433719
24.216032	10.464999
24.246002	10.500677
24.275870	10.531655
24.305648	10.573481
24.335308	10.609188
24.364856	10.650911
24.394312	10.684962
24.423654	10.728018
24.452876	10.770682
24.481992	10.812199
24.510986	10.855538
24.539872	10.897713
24.568638	10.944028
24.597288	10.986895
24.625822	11.033197
24.654248	11.073643
24.682560	11.115960
24.710788	11.148306
24.738926	11.180841
24.766982	11.212766
24.794964	11.243263
24.822866	11.274737
24.850690	11.303946
24.878440	11.343128
24.906096	11.375163
24.933662	11.412353
24.961160	11.444782
24.988560	11.484108
25.015868	11.522015
25.043090	11.562726
25.070210	11.602011
25.097244	11.641565
25.124176	11.685734
25.151014	11.727612
25.177752	11.770673
25.204402	11.808723
25.230960	11.848807
25.257442	11.881070
25.283848	11.911703
25.310190	11.941587
25.336468	11.968884
25.362684	11.999055
25.388834	12.023854
25.414928	12.060783
25.440944	12.089558
25.466884	12.125956
25.492770	12.154103
25.518578	12.190891
25.544306	12.226950
25.569964	12.264181
25.595538	12.300676
25.621044	12.337389
25.646458	12.382125
25.671794	12.419326
25.697044	12.463670
25.722218	12.498379
25.747312	12.537284
25.772346	12.567376
25.797314	12.595592
25.822226	12.624950
25.847086	12.651388
25.871890	12.679983
25.896640	12.702542
25.921344	12.736531
25.945982	12.764475
25.970556	12.797754
25.995088	12.822827
26.019552	12.858516
26.043948	12.892288
26.068294	12.921984
26.092584	12.943279
26.116848	12.958227
26.141090	12.960366
26.165350	12.943279
26.189646	12.920921
26.213994	12.886999
26.238404	12.852204
26.262892	12.809234
26.287456	12.768626
26.312098	12.728274
26.336832	12.679983
26.361656	12.629011
26.386584	12.574418
26.411612	12.533283
26.436720	12.489436
26.461908	12.451814
26.487188	12.407554
26.512544	12.371397
26.537978	12.331577
26.563502	12.288167
26.589106	12.246970
26.614802	12.208894
26.640562	12.177660
26.666396	12.144706
26.692300	12.111931
26.718282	12.073761
26.744342	12.034909
26.770506	11.984408
26.796772	11.935235
26.823144	11.889164
26.849622	11.842554
26.876202	11.796308
26.902890	11.743394
26.929698	11.700531
26.956606	11.647607
26.983622	11.606298
27.010752	11.558472
27.037974	11.519480
27.065292	11.479912
27.092712	11.438115
27.120226	11.394968
27.147850	11.352145
27.175566	11.316161
27.203374	11.277975
27.231276	11.242459
27.259274	11.200772
27.287378	11.157016
27.315604	11.104958
27.343960	11.053383
27.372446	11.002286
27.401070	10.950895
27.429824	10.899981
27.458720	10.842799
27.487760	10.796593
27.516924	10.746366
27.546216	10.700247
27.575650	10.651633
27.605204	10.607755
27.634880	10.562105
27.664692	10.516847
27.694622	10.472674
27.724686	10.429562
27.754864	10.389552
27.785168	10.345076
27.815598	10.302330
27.846168	10.253909
27.876872	10.208594
27.907736	10.153166
27.938762	10.097688
27.969962	10.040245
28.001348	9.980915
28.032910	9.925416
28.064654	9.866191
28.096580	9.817477
28.128672	9.761349
28.160930	9.711861
28.193382	9.655743
28.225996	9.607905
28.258770	9.559956
28.291726	9.510755
28.324836	9.461489
28.358134	9.411602
28.391592	9.365587
28.425226	9.316152
28.459038	9.267782
28.493040	9.212882
28.527242	9.158094
28.561666	9.097100
28.596320	9.034315
28.631214	8.971878
28.666362	8.905751
28.701766	8.842085
28.737422	8.776869
28.773338	8.720348
28.809490	8.659774
28.845878	8.603332
28.882536	8.542508
28.919428	8.487121
28.956560	8.432448
28.993948	8.376687
29.031570	8.320336
29.069466	8.263870
29.107604	8.209022
29.146014	8.150666
29.184698	8.092717
29.223680	8.027373
29.262974	7.963479
29.302612	7.891070
29.342612	7.817241
29.382994	7.742490
29.423772	7.666909
29.464946	7.593891
29.506518	7.518650
29.548500	7.450535
29.590864	7.380174
29.633616	7.314535
29.676788	7.243700
29.720350	7.179142
29.764306	7.114114
29.808684	7.047722
29.853470	6.979766
29.898710	6.911587
29.944388	6.843534
29.990548	6.770090
30.037210	6.696778
30.084418	6.615829
30.132206	6.533551
30.180636	6.443235
30.229746	6.352555
30.279570	6.259150
30.330146	6.165789
30.381488	6.073527
30.433612	5.980113
30.486538	5.894612
30.540236	5.806366
30.594726	5.723434
30.650060	5.636155
30.706220	5.552283
30.763240	5.467062
30.821188	5.379992
30.880070	5.290480
30.940000	5.198042
31.001010	5.102307
31.063216	5.001580
31.126720	4.896345
31.191678	4.781870
31.258242	4.661532
31.326624	4.532538
31.397004	4.399866
31.469562	4.264065
31.544514	4.124665
31.622040	3.984770
31.702346	3.843209
31.785654	3.705233
31.872132	3.565535
31.962040	3.427292
32.055794	3.283506
32.153786	3.136449
32.256626	2.982109
32.365174	2.818887
32.480512	2.642970
32.604438	2.448172
32.739528	2.229566
32.890264	1.978208
33.065242	1.677323
33.288412	1.277392
33.773426	0.562020
34.160088	0.538492
34.662678	1.186976
34.902326	1.568193
35.089134	1.858667
35.249294	2.103060
35.392288	2.317629
35.523042	2.508899
35.644466	2.680540
35.758604	2.837114
35.866716	2.983412
35.969780	3.120932
36.068494	3.252907
36.163318	3.377476
36.254720	3.501240
36.342996	3.622017
36.428328	3.744717
36.510934	3.865244
36.591012	3.985579
36.668710	4.104404
36.744208	4.221436
36.817658	4.337659
36.889204	4.447706
36.959032	4.554485
37.027280	4.655315
37.094092	4.752213
37.159566	4.845594
37.223824	4.936506
37.286910	5.023655
37.348956	5.107284
37.409982	5.188599
37.470080	5.267593
37.529292	5.347938
37.587624	5.423084
37.645144	5.500565
37.701888	5.575340
37.757830	5.655636
37.812994	5.735136
37.867394	5.816472
37.921038	5.896825
37.973948	5.978747
38.026154	6.059937
38.077678	6.135444
38.128578	6.210891
38.178880	6.281427
38.228626	6.351014
38.277830	6.417438
38.326542	6.484731
38.374740	6.550170
38.422484	6.613044
38.469764	6.675434
38.516620	6.734389
38.563064	6.797924
38.609072	6.856977
38.654682	6.918588
38.699916	6.975427
38.744740	7.039826
38.789166	7.103497
38.833204	7.166369
38.876844	7.230030
38.920104	7.294833
38.962984	7.360118
39.005498	7.419216
39.047680	7.478558
39.089532	7.534157
39.131082	7.589488
39.172326	7.643406
39.213292	7.696964
39.253958	7.751277
39.294358	7.804036
39.334480	7.855553
39.374344	7.905367
39.413960	7.959041
39.453302	8.008547
39.492404	8.060740
39.531270	8.108591
39.569878	8.163373
39.608236	8.216751
39.646344	8.272574
39.684198	8.326070
39.721804	8.380709
39.759172	8.436070
39.796304	8.485287
39.833224	8.535081
39.869930	8.581711
39.906438	8.630275
39.942744	8.674599
39.978864	8.722769
40.014780	8.769030
40.050518	8.815784
40.086054	8.862539
40.121414	8.906256
40.156602	8.955509
40.191588	8.999120
40.226404	9.047845
40.261052	9.090257
40.295514	9.139976
40.329796	9.187018
40.363904	9.236175
40.397828	9.284764
40.431574	9.333312
40.465148	9.383491
40.498554	9.425721
40.531808	9.469474
40.564912	9.510755
40.597872	9.553560
40.630684	9.593235
40.663366	9.635605
40.695890	9.678351
40.728286	9.720274
40.760532	9.763169
40.792642	9.803385
40.824622	9.849488
40.856450	9.888551
40.888144	9.933576
40.919716	9.972044
40.951144	10.018473
40.982432	10.062757
41.013586	10.107434
41.044598	10.151198
41.075476	10.196666
41.106222	10.242543
41.136840	10.278735
41.167346	10.317895
41.197740	10.354623
41.228028	10.392301
41.258200	10.428870
41.288272	10.468486
41.318222	10.506296
41.348072	10.546504
41.377804	10.584168
41.407430	10.622101
41.436954	10.666823
41.466348	10.703893
41.495640	10.744896
41.524838	10.780292
41.553916	10.824120
41.582884	10.865299
41.611746	10.906793
41.640494	10.947842
41.669136	10.988432
41.697674	11.031648
41.726110	11.064283
41.754460	11.098681
41.782726	11.130926
41.810906	11.166534
41.838996	11.198377
41.867008	11.235222
41.894920	11.271501
41.922752	11.307201
41.950488	11.344766
41.978134	11.380108
42.005696	11.423143
42.033152	11.457304
42.060524	11.495875
42.087818	11.529627
42.115014	11.571244
42.142116	11.610587
42.169130	11.651063
42.196048	11.689212
42.222878	11.728487
42.249622	11.769791
42.276282	11.797194
42.302884	11.825614
42.329434	11.841661
42.355962	11.847020
42.382494	11.836307
42.409070	11.813163
42.435700	11.779500
42.462422	11.737251
42.489240	11.690952
42.516160	11.646744
42.543180	11.612304
42.570284	11.566983
42.597490	11.527088
42.624812	11.474880
42.652236	11.433120
42.679762	11.391662
42.707390	11.352145
42.735112	11.312086
42.762934	11.271501
42.790862	11.229599
42.818906	11.175273
42.847082	11.125408
42.875382	11.075205
42.903808	11.029324
42.932354	10.979983
42.961034	10.931081
42.989832	10.884121
43.018766	10.834573
43.047824	10.786214
43.077010	10.739019
43.106330	10.697333
43.135758	10.650189
43.165322	10.603458
43.195030	10.549337
43.224868	10.505593
43.254834	10.460817
43.284932	10.417803
43.315154	10.371031
43.345514	10.324677
43.376016	10.277390
43.406664	10.223876
43.437468	10.173551
43.468428	10.120458
43.499554	10.068562
43.530840	10.012087
43.562308	9.958136
43.593932	9.906637
43.625732	9.855049
43.657692	9.802773
43.689828	9.748022
43.722148	9.698070
43.754630	9.642111
43.787298	9.590892
43.820156	9.535003
43.853188	9.484912
43.886400	9.433079
43.919800	9.380689
43.953380	9.328877
43.987148	9.277635
44.021106	9.228578
44.055258	9.168785
44.089632	9.111876
44.124220	9.053581
44.159032	8.996543
44.194070	8.934624
44.229354	8.876060
44.264860	8.817268
44.300618	8.756809
44.336614	8.697654
44.372862	8.635019
44.409378	8.577493
44.446136	8.512417
44.483174	8.452412
44.520492	8.387870
44.558072	8.329160
44.595930	8.268655
44.634062	8.209022
44.672472	8.149397
44.711160	8.090633
44.750136	8.032299
44.789408	7.967519
44.828998	7.904571
44.868912	7.837914
44.909168	7.771603
44.949772	7.701870
44.990748	7.634119
45.032082	7.566092
45.073810	7.494615
45.115924	7.423423
45.158456	7.349786
45.201422	7.278945
45.244810	7.200863
45.288664	7.126378
45.333004	7.048038
45.377804	6.975736
45.423082	6.901566
45.468848	6.828362
45.515104	6.755823
45.561856	6.683102
45.609126	6.611652
45.656922	6.535182
45.705286	6.458070
45.754236	6.378868
45.803810	6.298049
45.854030	6.213102
45.904950	6.129219
45.956576	6.042222
46.008980	5.950888
46.062182	5.859650
46.116242	5.764390
46.171218	5.669926
46.227116	5.570397
46.284030	5.471252
46.342012	5.368775
46.401080	5.269537
46.461274	5.169644
46.522650	5.071338
46.585198	4.972448
46.649034	4.874465
46.714152	4.776780
46.780658	4.673181
46.848686	4.567331
46.918346	4.456413
46.989800	4.341375
47.063210	4.220869
47.138824	4.095415
47.216832	3.963955
47.297604	3.823191
47.381466	3.675753
47.468890	3.519755
47.560452	3.354825
47.656750	3.180007
47.758650	2.998962
47.867164	2.806497
47.983610	2.606309
48.109822	2.393412
48.248412	2.166705
48.403558	1.919280
48.582840	1.639286
48.803626	1.301341
49.160542	0.777872
49.658774	0.471355
50.159088	0.718200
50.546630	1.187146
50.789392	1.482709
50.988008	1.726643
51.160704	1.941820
51.315456	2.140837
51.456532	2.330870
51.586642	2.512832
51.707696	2.692025
51.821024	2.863908
51.927736	3.033479
52.028796	3.195728
52.124888	3.352248
52.216686	3.499524
52.304796	3.640063
52.389606	3.773594
52.471570	3.899403
52.550954	4.019746
52.628070	4.132804
52.703154	4.240353
52.776446	4.337180
52.848146	4.428771
52.918448	4.512356
52.987450	4.594449
53.055234	4.676381
53.121838	4.758547
53.187278	4.843801
53.251566	4.929380
53.314728	5.021246
53.376742	5.111772
53.437642	5.205104
53.497498	5.295831
53.556316	5.388667
53.614134	5.478503
53.671034	5.567830
53.727030	5.653397
53.782210	5.736183
53.836590	5.819057
53.890234	5.895719
53.943184	5.972155
53.995502	6.040595
54.047228	6.107058
54.098430	6.166999
54.149128	6.226401
54.199346	6.285951
54.249094	6.344345
54.298374	6.406184
54.347172	6.467642
54.395502	6.536270
54.443320	6.602481
54.490638	6.674299
54.537490	6.741037
54.583852	6.811189
54.629738	6.881007
54.675180	6.948889
54.720166	7.016556
54.764740	7.082359
54.808890	7.148431
54.852648	7.212104
54.896024	7.274563
54.939046	7.331947
54.981730	7.388158
55.024122	7.436778
55.066228	7.485329
55.108060	7.534157
55.149630	7.581795
55.190930	7.631523
55.231958	7.680404
55.272720	7.737151
55.313184	7.790103
55.353356	7.847703
55.393264	7.900993
55.432872	7.961058
55.472188	8.019586
55.511226	8.077735
55.549976	8.135048
55.588464	8.192325
55.626674	8.250847
55.664628	8.305379
55.702326	8.361526
55.739790	8.412126
55.777022	8.463798
55.814052	8.506424
55.850894	8.548086
55.887554	8.590628
55.924036	8.632646
55.960338	8.675557
55.996460	8.716477
56.032404	8.766583
56.068146	8.812322
56.103686	8.863539
56.139050	8.909287
56.174206	8.960618
56.209162	9.012544
56.243928	9.063507
56.278486	9.114520
56.312864	9.166110
56.347036	9.218829
56.381022	9.269422
56.414824	9.320021
56.448450	9.366146
56.481908	9.413294
56.515220	9.451810
56.548390	9.490643
56.581424	9.528062
56.614336	9.564613
56.647114	9.603793
56.679758	9.640336
56.712278	9.685512
56.744646	9.725089
56.776870	9.769849
56.808966	9.810732
56.840910	9.857523
56.872700	9.904763
56.904350	9.951196
56.935842	9.996795
56.967200	10.042813
56.998402	10.092498
57.029460	10.139403
57.060372	10.186747
57.091150	10.229869
57.121792	10.274029
57.152324	10.309092
57.182744	10.345076
57.213060	10.379254
57.243284	10.411588
57.273406	10.446903
57.303426	10.479661
57.333352	10.520369
57.363160	10.557136
57.392854	10.599165
57.422454	10.633606
57.451934	10.677699
57.481296	10.719232
57.510562	10.755932
57.539728	10.784733
57.568850	10.798820
57.597940	10.801047
57.627060	10.781772
57.656236	10.755196
57.685506	10.714114
57.714888	10.670446
57.744412	10.615641
57.774080	10.562105
57.803902	10.506296
57.833888	10.448988
57.864032	10.394364
57.894336	10.336907
57.924802	10.290182
57.955408	10.238537
57.986158	10.190712
58.017076	10.136786
58.048138	10.089904
58.079340	10.044739
58.110692	9.999340
58.142178	9.952457
58.173824	9.906012
58.205604	9.862475
58.237538	9.813797
58.269622	9.770457
58.301860	9.720876
58.334262	9.670605
58.366856	9.610844
58.399644	9.551236
58.432640	9.490643
58.465848	9.431380
58.499262	9.372852
58.532886	9.311182
58.566732	9.257404
58.600770	9.199932
58.635008	9.147961
58.669468	9.091309
58.704120	9.039514
58.738968	8.988820
58.774024	8.937166
58.809270	8.886605
58.844732	8.834625
58.880392	8.784232
58.916268	8.730041
58.952360	8.678912
58.988684	8.621275
59.025248	8.562998
59.062086	8.496302
59.099208	8.429280
59.136628	8.361971
59.174354	8.293977
59.212390	8.226218
59.250734	8.157015
59.289398	8.096888
59.328352	8.033120
59.367594	7.974800
59.407158	7.910940
59.447016	7.852411
59.487168	7.794355
59.527634	7.735627
59.568398	7.676276
59.609492	7.615982
59.650900	7.556992
59.692650	7.494257
59.734750	7.431149
59.777234	7.360808
59.820118	7.291108
59.863448	7.213429
59.907242	7.134146
59.951528	7.054052
59.996322	6.973878
60.041630	6.895204
60.087454	6.814735
60.133812	6.741615
60.180674	6.666368
60.228044	6.595551
60.275964	6.520262
60.324404	6.450644
60.373368	6.380941
60.422896	6.308672
60.472982	6.235051
60.523684	6.160227
60.575004	6.083642
60.627000	6.002279
60.679712	5.919938
60.733206	5.828990
60.787546	5.735764
60.842820	5.635144
60.899094	5.532726
60.956420	5.428894
61.014872	5.323470
61.074482	5.218766
61.135290	5.114268
61.197334	5.016115
61.260606	4.915497
61.325150	4.819281
61.391056	4.718948
61.458342	4.620941
61.527084	4.520537
61.597412	4.418431
61.669390	4.312649
61.743240	4.201338
61.819110	4.084128
61.897288	3.959059
61.978068	3.825892
62.061886	3.679886
62.149230	3.522755
62.240760	3.353465
62.337174	3.175186
62.439344	2.987952
62.548380	2.790592
62.665652	2.585035
62.793016	2.368904
62.933118	2.142852
63.089910	1.898565
63.270500	1.629102
63.490922	1.308103
63.820688	0.843123
64.391350	0.380201
64.963706	0.807686
65.308456	1.246229
65.540376	1.542870
65.731596	1.786498
65.898666	2.004078
66.048852	2.202648
66.186138	2.391481
66.313156	2.569768
66.431740	2.741785
66.543188	2.907106
66.648524	3.067123
66.748568	3.222940
66.843966	3.371314
66.935348	3.512907
67.023214	3.644708
67.108036	3.769157
67.190160	3.885994
67.269930	3.996734
67.347544	4.101082
67.423272	4.200776
67.497220	4.297782
67.569558	4.390397
67.640408	4.482994
67.709816	4.569855
67.777916	4.658076
67.844780	4.742170
67.910412	4.831287
67.974856	4.919808
68.038144	5.010035
68.100302	5.099491
68.161376	5.189627
68.221406	5.279988
68.280440	5.365108
68.338552	5.449424
68.395794	5.528832
68.452226	5.607383
68.507878	5.682644
68.562818	5.757207
68.617048	5.828558
68.670650	5.897047
68.723618	5.964219
68.776010	6.028771
68.827844	6.096865
68.879100	6.160469
68.929820	6.226894
68.980032	6.289978
69.029700	6.358727
69.078844	6.427154
69.127470	6.495994
69.175576	6.564679
69.223178	6.634551
69.270288	6.705641
69.316914	6.770382
69.363098	6.836088
69.408850	6.897626
69.454198	6.959356
69.499152	7.016869
69.543746	7.075978
69.587958	7.133498
69.631832	7.190316
69.675354	7.245705
69.718548	7.299579
69.761432	7.357360
69.803970	7.410465
69.846204	7.466472
69.888146	7.517211
69.929772	7.575579
69.971084	7.633377
70.012084	7.692440
70.052770	7.750895
70.093150	7.808691
70.133232	7.869327
70.173020	7.922511
70.212542	7.977230
70.251800	8.027783
70.290808	8.080644
70.329564	8.130416
70.368090	8.180805
70.406368	8.231391
70.444434	8.279114
70.482264	8.326953
70.519886	8.373561
70.557300	8.424759
70.594480	8.471558
70.631452	8.522115
70.668226	8.567668
70.704778	8.620329
70.741116	8.669332
70.777252	8.720832
70.813168	8.771968
70.848876	8.823707
70.884376	8.877565
70.919676	8.922444
70.954794	8.969828
70.989732	9.014096
71.024500	9.059847
71.059090	9.102372
71.093526	9.145830
71.127786	9.191318
71.161892	9.235089
71.195824	9.279279
71.229600	9.321680
71.263226	9.370057
71.296674	9.411038
71.329974	9.456932
71.363128	9.498103
71.396116	9.546592
71.428942	9.593235
71.461612	9.641519
71.494118	9.686707
71.526466	9.735939
71.558656	9.786283
71.590698	9.823617
71.622626	9.859379
71.654458	9.881087
71.686244	9.891042
71.718026	9.881087
71.749870	9.856286
71.781804	9.819318
71.813890	9.769241
71.846136	9.714263
71.878570	9.655743
71.911196	9.607905
71.943982	9.552979
71.976958	9.501550
72.010130	9.442719
72.043486	9.391906
72.077028	9.339971
72.110756	9.290805
72.144664	9.238348
72.178764	9.187018
72.213060	9.136255
72.247556	9.077649
72.282268	9.024453
72.317196	8.965221
72.352354	8.907266
72.387742	8.846566
72.423378	8.787180
72.459242	8.730041
72.495356	8.671247
72.531712	8.610406
72.568328	8.547621
72.605220	8.489873
72.642352	8.427923
72.679762	8.367762
72.717460	8.302745
72.755426	8.244784
72.793666	8.185494
72.832188	8.127471
72.870982	8.068607
72.910060	8.009363
72.949432	7.951386
72.989100	7.887900
73.029092	7.825419
73.069408	7.759701
73.110070	7.693948
73.151082	7.625595
73.192470	7.558083
73.234220	7.490326
73.276372	7.419216
73.318916	7.348067
73.361880	7.276248
73.405278	7.206479
73.449100	7.130584
73.493380	7.058490
73.538146	6.981007
73.583376	6.909459
73.629088	6.836088
73.675290	6.764551
73.721974	6.693925
73.769160	6.623082
73.816856	6.552083
73.865090	6.475374
73.913896	6.400181
73.963300	6.319840
74.013336	6.238765
74.064034	6.155399
74.115438	6.070710
74.167552	5.985354
74.220454	5.895719
74.274156	5.805079
74.328726	5.710118
74.384224	5.616606
74.440654	5.517955
74.498100	5.420651
74.556624	5.319504
74.616224	5.223278
74.676950	5.125114
74.738850	5.027674
74.801958	4.930154
74.866328	4.832625
74.932018	4.735165
74.999108	4.632934
75.067718	4.528748
75.137966	4.419177
75.210022	4.305203
75.284058	4.185442
75.360314	4.060374
75.439004	3.929152
75.520474	3.790806
75.605026	3.646570
75.693118	3.494464
75.785302	3.333255
75.882216	3.160492
75.984744	2.980186
76.093958	2.788858
76.211118	2.590491
76.338008	2.381293
76.477136	2.160120
76.632444	1.919632
76.811126	1.647521
77.029236	1.321418
77.356890	0.847984
77.918874	0.388962
78.483518	0.790258
78.836568	1.215523
79.074590	1.498794
79.271592	1.733044
79.443952	1.940189
79.599068	2.131599
79.740866	2.315750
79.871836	2.495229
79.993756	2.672650
80.107894	2.843791
80.215406	3.010284
80.317298	3.168014
80.414264	3.320010
80.506970	3.464712
80.595962	3.603322
80.681632	3.736255
80.764402	3.861823
80.844564	3.980932
80.922440	4.092214
80.998286	4.196736
81.072350	4.291207
81.144834	4.380114
81.215912	4.462616
81.285690	4.543551
81.354230	4.624478
81.421582	4.705801
81.487760	4.789743
81.552774	4.874011
81.616658	4.964590
81.679384	5.053067
81.740990	5.145428
81.801554	5.233545
81.861068	5.324733
81.919584	5.413739
81.977168	5.500950
82.033840	5.585848
82.089684	5.669108
82.144708	5.750252
82.198988	5.827477
82.252556	5.903474
82.305478	5.972155
82.357794	6.038737
82.409572	6.098759
82.460836	6.157812
82.511612	6.216544
82.561918	6.274902
82.611738	6.336411
82.661078	6.396532
82.709944	6.464182
82.758296	6.530292
82.806140	6.599985
82.853520	6.666085
82.900398	6.736411
82.946792	6.805877
82.992728	6.875285
83.038190	6.943974
83.083224	7.010919
83.127822	7.077572
83.172014	7.141282
83.215816	7.204496
83.259256	7.261783
83.302350	7.318624
83.345140	7.368058
83.387636	7.417114
83.429850	7.466472
83.471792	7.515053
83.513460	7.564270
83.554852	7.613398
83.595970	7.670278
83.636782	7.724595
83.677292	7.782769
83.717528	7.837132
83.757460	7.897417
83.797086	7.956622
83.836434	8.015085
83.875486	8.072338
83.914268	8.130416
83.952766	8.190189
83.990998	8.245650
84.028970	8.301429
84.066704	8.352190
84.104200	8.404475
84.141492	8.446958
84.178592	8.488956
84.215506	8.531373
84.252240	8.573748
84.288790	8.617491
84.325152	8.658819
84.361338	8.709228
84.397312	8.754856
84.433086	8.805899
84.468676	8.852549
84.504056	8.905751
84.539230	8.956531
84.574226	9.002730
84.609056	9.036914
84.643796	9.056191
84.678490	9.057235
84.713226	9.036394
84.748062	9.003762
84.783058	8.953978
84.818260	8.896672
84.853714	8.828170
84.889428	8.764137
84.925406	8.699581
84.961660	8.633595
84.998192	8.566267
85.035008	8.497221
85.072108	8.441057
85.109460	8.380709
85.147064	8.324746
85.184954	8.263000
85.223106	8.205163
85.261518	8.149820
85.300202	8.095636
85.339140	8.038464
85.378374	7.979661
85.417880	7.922911
85.457682	7.864205
85.497782	7.805975
85.538208	7.739819
85.578978	7.671402
85.620136	7.596829
85.661698	7.521890
85.703680	7.445238
85.746106	7.366331
85.788976	7.289755
85.832290	7.214423
85.876058	7.145180
85.920248	7.072473
85.964872	7.005603
86.009952	6.936002
86.055460	6.871074
86.101400	6.804108
86.147808	6.738145
86.194664	6.670331
86.242018	6.601094
86.289862	6.531106
86.338240	6.458601
86.387170	6.384053
86.436712	6.301839
86.486902	6.218267
86.537808	6.127785
86.589478	6.034330
86.641954	5.939637
86.695280	5.845476
86.749462	5.751936
86.804530	5.657469
86.860498	5.571780
86.917336	5.483284
86.975072	5.398482
87.033764	5.310871
87.093404	5.225537
87.154034	5.138527
87.215702	5.052254
87.278452	4.961611
87.342404	4.868573
87.407580	4.773151
87.474140	4.669986
87.542234	4.562025
87.612044	4.444686
87.683758	4.320835
87.757660	4.187785
87.833970	4.051054
87.912946	3.910859
87.994848	3.766536
88.079966	3.621432
88.168590	3.473599
88.261070	3.328099
88.357708	3.180393
88.458918	3.033597
88.565352	2.880609
88.677712	2.722162
88.797094	2.553974
88.925118	2.371873
89.064090	2.171618
89.218028	1.943790
89.394168	1.675105
89.609656	1.337554
89.994880	0.727150
90.399542	0.646474
90.802176	0.684756
91.210458	1.266781
91.437518	1.595932
91.622112	1.859239
91.782928	2.081904
91.927874	2.275395
92.061392	2.447982
92.186004	2.606698
92.303462	2.752982
92.414986	2.891373
92.521354	3.021227
92.623270	3.149466
92.721182	3.274129
92.815380	3.400139
92.906174	3.524494
92.993832	3.648348
93.078566	3.770967
93.160604	3.891867
93.240156	4.011329
93.317416	4.125099
93.392606	4.236008
93.465904	4.339816
93.537498	4.439786
93.607532	4.534108
93.676156	4.625840
93.743440	4.713709
93.809522	4.797643
93.874450	4.880371
93.938308	4.960044
94.001158	5.041390
94.063004	5.117767
94.123932	5.195291
94.183990	5.269714
94.243154	5.349577
94.301450	5.429082
94.358894	5.510793
94.415482	5.592610
94.471252	5.674637
94.526226	5.757418
94.580434	5.834620
94.633936	5.911472
94.686760	5.984214
94.738954	6.055965
94.790538	6.123962
94.841568	6.191794
94.892032	6.258402
94.941986	6.322384
94.991430	6.384832
95.040400	6.445350
95.088918	6.509454
95.136952	6.569346
95.184548	6.631470
95.231724	6.690218
95.278450	6.755242
95.324738	6.818876
95.370598	6.883721
95.416020	6.948581
95.461018	7.014676
95.505600	7.081082
95.549776	7.142581
95.593576	7.204166
95.637012	7.261783
95.680104	7.320330
95.722858	7.375323
95.765302	7.430095
95.807422	7.486043
95.849244	7.540305
