#Creator: wheelEventBuffer
#Creation time: Tue Mar 28 15:36:10 2017
#Time	Angular velocity
#[s]	[rad/s]
0.020296	13.189994
0.044124	13.182245
0.067950	13.186672
0.091772	13.187779
0.115598	13.186672
0.139420	13.185565
0.163246	13.185565
0.187078	13.183351
0.210912	13.175611
0.234766	13.167879
0.258634	13.156850
0.282518	13.150241
0.306416	13.138143
0.330336	13.132651
0.354256	13.130455
0.378190	13.124969
0.402126	13.122776
0.426066	13.118393
0.450020	13.121680
0.473960	13.118393
0.497906	13.117297
0.521868	13.111822
0.545820	13.115107
0.569776	13.114012
0.593732	13.115107
0.617686	13.112917
0.641644	13.114012
0.665602	13.112917
0.689570	13.103072
0.713552	13.097610
0.737548	13.085608
0.761566	13.075804
0.785596	13.069276
0.809642	13.061669
0.833692	13.059497
0.857758	13.054071
0.881822	13.051901
0.905896	13.046481
0.929978	13.050817
0.954050	13.046481
0.978128	13.046481
1.002218	13.039983
1.026304	13.044314
1.050388	13.044314
1.074474	13.044314
1.098556	13.043231
1.122644	13.041065
1.146736	13.041065
1.170834	13.033491
1.194946	13.024845
1.219076	13.015132
1.243222	13.007588
1.267380	12.996825
1.291560	12.991451
1.315740	12.988228
1.339938	12.982861
1.364134	12.980715
1.388338	12.976426
1.412552	12.980715
1.436754	12.974282
1.460966	12.975354
1.485190	12.968926
1.509406	12.972139
1.533624	12.973210
1.557842	12.972139
1.582058	12.972139
1.606278	12.971068
1.630500	12.969997
1.654732	12.960366
1.678978	12.955021
1.703238	12.943279
1.727518	12.935818
1.751810	12.926237
1.776122	12.920921
1.800436	12.916671
1.824766	12.911362
1.849098	12.909240
1.873436	12.903938
1.897784	12.909240
1.922122	12.902878
1.946466	12.904998
1.970824	12.896522
1.995174	12.901818
2.019526	12.899699
2.043882	12.900758
2.068232	12.899699
2.092588	12.898640
2.116946	12.897580
2.141312	12.890172
2.165692	12.882771
2.190086	12.873269
2.214500	12.863781
2.238928	12.854307
2.263378	12.847999
2.287826	12.845897
2.312292	12.839597
2.336758	12.839597
2.361230	12.832255
2.385716	12.836450
2.410190	12.831207
2.434670	12.832255
2.459164	12.825968
2.483652	12.829111
2.508140	12.828063
2.532632	12.829111
2.557118	12.828063
2.581608	12.828063
2.606102	12.827016
2.630604	12.817595
2.655118	12.811323
2.679652	12.800883
2.704202	12.792543
2.728766	12.783173
2.753350	12.777974
2.777936	12.773817
2.802538	12.769664
2.827140	12.765513
2.851752	12.762401
2.876370	12.765513
2.900982	12.760328
2.925600	12.761364
2.950228	12.754111
2.974854	12.758255
2.999478	12.757219
3.024108	12.756183
3.048732	12.757219
3.073360	12.755147
3.097994	12.755147
3.122630	12.746866
3.147286	12.738596
3.171956	12.729306
3.196646	12.721059
3.221346	12.711794
3.246072	12.704597
3.270796	12.702542
3.295538	12.697408
3.320280	12.694329
3.345030	12.689202
3.369792	12.693304
3.394542	12.687152
3.419302	12.689202
3.444070	12.682031
3.468838	12.684079
3.493604	12.685103
3.518374	12.684079
3.543140	12.683055
3.567910	12.683055
3.592684	12.682031
3.617464	12.673845
3.642260	12.666691
3.667070	12.657505
3.691900	12.648332
3.716746	12.638155
3.741610	12.634089
3.766476	12.629011
3.791362	12.623936
3.816246	12.621907
3.841140	12.616838
3.866042	12.620893
3.890936	12.614811
3.915836	12.616838
3.940750	12.607724
3.965660	12.612786
3.990568	12.611773
4.015482	12.610760
4.040390	12.611773
4.065302	12.609748
4.090220	12.608736
4.115144	12.600644
4.140084	12.593573
4.165038	12.584492
4.190012	12.574418
4.215004	12.566371
4.240010	12.560342
4.265022	12.557329
4.290048	12.552312
4.315078	12.548301
4.340116	12.544293
4.365164	12.546297
4.390204	12.542289
4.415250	12.542289
4.440310	12.536284
4.465362	12.539286
4.490418	12.538285
4.515474	12.539286
4.540528	12.536284
4.565588	12.538285
4.590648	12.536284
4.615716	12.527285
4.640802	12.521294
4.665902	12.511321
4.691020	12.503354
4.716154	12.493409
4.741308	12.487450
4.766464	12.484472
4.791638	12.479513
4.816812	12.476540
4.841994	12.470596
4.867190	12.475549
4.892374	12.468617
4.917566	12.470596
4.942772	12.461692
4.967974	12.466638
4.993176	12.464659
5.018380	12.465648
5.043582	12.463670
5.068788	12.463670
5.093998	12.463670
5.119212	12.453788
5.144446	12.447867
5.169694	12.438010
5.194960	12.430136
5.220240	12.421290
5.245542	12.415399
5.270844	12.411475
5.296166	12.406574
5.321488	12.402656
5.346822	12.397761
5.372164	12.401676
5.397496	12.396783
5.422838	12.396783
5.448192	12.388961
5.473542	12.393848
5.498890	12.392870
5.524244	12.391893
5.549594	12.390915
5.574946	12.392870
5.600302	12.389938
5.625666	12.382125
5.651046	12.375296
5.676440	12.366528
5.701854	12.357771
5.727284	12.348057
5.752734	12.342236
5.778186	12.339327
5.803656	12.334482
5.829126	12.330609
5.854608	12.325772
5.880100	12.328674
5.905582	12.322871
5.931074	12.323837
5.956580	12.316107
5.982080	12.319971
6.007580	12.319005
6.033086	12.318039
6.058588	12.317073
6.084094	12.317073
6.109604	12.316107
6.135122	12.306458
6.160658	12.299713
6.186210	12.290089
6.211780	12.282401
6.237366	12.271846
6.262976	12.266097
6.288586	12.262266
6.314216	12.257482
6.339846	12.254613
6.365484	12.248880
6.391138	12.252701
6.416778	12.246015
6.442430	12.246970
6.468094	12.241243
6.493752	12.242197
6.519414	12.243151
6.545076	12.242197
6.570738	12.241243
6.596402	12.240289
6.622070	12.241243
6.647744	12.230759
6.673438	12.225999
6.699142	12.216490
6.724868	12.207945
6.750610	12.197518
6.776376	12.191837
6.802140	12.189945
6.827924	12.184272
6.853706	12.180493
6.879504	12.174828
6.905310	12.179548
6.931106	12.171998
6.956914	12.173885
6.982734	12.165399
7.008548	12.170112
7.034366	12.167284
7.060186	12.168226
7.086004	12.166341
7.111824	12.168226
7.137646	12.167284
7.163476	12.157866
7.189324	12.151283
7.215188	12.140952
7.241074	12.133449
7.266970	12.125956
7.292890	12.117537
7.318814	12.115668
7.344756	12.108196
7.370700	12.106330
7.396654	12.101667
7.422618	12.103532
7.448576	12.097938
7.474542	12.098870
7.500522	12.090489
7.526498	12.093281
7.552478	12.092350
7.578458	12.093281
7.604436	12.091420
7.630420	12.090489
7.656406	12.090489
7.682398	12.082119
7.708410	12.075618
7.734434	12.066341
7.760482	12.056154
7.786546	12.048756
7.812628	12.043213
7.838714	12.039521
7.864818	12.033987
7.890924	12.030300
7.917042	12.024775
7.943174	12.027537
7.969292	12.022934
7.995422	12.022014
8.021568	12.014658
8.047708	12.018335
8.073848	12.017415
8.099992	12.017415
8.126134	12.016496
8.152278	12.015577
8.178426	12.016496
8.204580	12.007310
8.230752	11.999972
8.256942	11.991727
8.283150	11.983493
8.309372	11.974358
8.335618	11.967972
8.361866	11.966149
8.388132	11.958861
8.414402	11.956130
8.440680	11.951581
8.466974	11.951581
8.493258	11.948854
8.519548	11.947945
8.545858	11.939771
8.572162	11.943403
8.598466	11.942495
8.624776	11.941587
8.651082	11.940679
8.677392	11.940679
8.703706	11.940679
8.730024	11.931609
8.756364	11.925268
8.782716	11.916222
8.809090	11.908091
8.835480	11.898169
8.861894	11.892764
8.888308	11.890064
8.914740	11.883767
8.941178	11.880172
8.967626	11.874783
8.994086	11.877477
9.020536	11.872988
9.046996	11.871194
9.073472	11.864917
9.099944	11.867606
9.126416	11.866709
9.152892	11.867606
9.179364	11.864917
9.205842	11.864917
9.232322	11.865813
9.258808	11.856856
9.285312	11.850595
9.311832	11.841661
9.338372	11.832741
9.364928	11.824724
9.391508	11.817607
9.418088	11.815829
9.444690	11.808723
9.471292	11.806060
9.497908	11.799852
9.524536	11.802512
9.551154	11.797194
9.577784	11.797194
9.604428	11.789225
9.631068	11.791880
9.657712	11.790995
9.684358	11.790995
9.711000	11.790110
9.737646	11.789225
9.764298	11.790110
9.790954	11.780383
9.817628	11.775085
9.844320	11.765383
9.871030	11.758338
9.897756	11.748664
9.924508	11.742516
9.951258	11.739883
9.978032	11.731991
10.004808	11.730239
10.031596	11.724111
10.058396	11.726736
10.085188	11.720611
10.111990	11.720611
10.138808	11.713619
10.165622	11.715366
10.192438	11.714493
10.219260	11.713619
10.246078	11.713619
10.272896	11.713619
10.299722	11.712746
10.326552	11.704019
10.353402	11.698788
10.380266	11.690082
10.407150	11.681389
10.434052	11.672708
10.460976	11.665773
10.487904	11.663174
10.514852	11.657981
10.541800	11.653656
10.568764	11.647607
10.595740	11.650199
10.622708	11.644154
10.649686	11.645017
10.676678	11.636390
10.703670	11.638977
10.730662	11.638977
10.757656	11.638115
10.784650	11.636390
10.811646	11.637252
10.838648	11.637252
10.865652	11.627776
10.892678	11.622614
10.919718	11.614021
10.946778	11.605440
10.973856	11.596872
11.000956	11.590027
11.028060	11.587462
11.055186	11.581481
11.082310	11.577213
11.109452	11.572096
11.136604	11.574654
11.163748	11.568687
11.190904	11.567835
11.218074	11.561024
11.245242	11.563577
11.272410	11.562726
11.299584	11.561875
11.326754	11.561875
11.353926	11.560173
11.381106	11.561024
11.408288	11.552521
11.435490	11.547426
11.462706	11.538096
11.489946	11.529627
11.517200	11.521170
11.544480	11.515258
11.571760	11.511039
11.599064	11.505980
11.626368	11.501767
11.653688	11.495875
11.681020	11.498399
11.708344	11.492510
11.735680	11.490829
11.763034	11.484108
11.790384	11.485788
11.817736	11.484948
11.845092	11.485788
11.872446	11.482429
11.899802	11.484108
11.927164	11.483269
11.954530	11.474880
11.981916	11.469853
12.009318	11.459811
12.036742	11.452292
12.064180	11.443948
12.091644	11.437282
12.119110	11.433952
12.146600	11.427298
12.174090	11.424804
12.201596	11.417330
12.229116	11.420651
12.256624	11.414841
12.284146	11.414012
12.311686	11.405724
12.339222	11.409038
12.366758	11.408209
12.394300	11.407381
12.421840	11.405724
12.449382	11.406552
12.476928	11.405724
12.504480	11.398275
12.532052	11.392489
12.559638	11.382582
12.587248	11.375987
12.614872	11.366932
12.642520	11.360355
12.670174	11.357070
12.697846	11.351325
12.725526	11.347225
12.753216	11.340671
12.780922	11.343947
12.808620	11.337397
12.836328	11.336579
12.864054	11.330037
12.891776	11.330854
12.919504	11.330037
12.947232	11.330854
12.974960	11.328403
13.002688	11.330037
13.030422	11.329220
13.058162	11.320239
13.085922	11.314531
13.113698	11.305573
13.141496	11.299067
13.169308	11.289322
13.197150	11.282835
13.224990	11.279594
13.252854	11.273928
13.280722	11.269883
13.308602	11.264226
13.336500	11.265034
13.364388	11.259382
13.392290	11.259382
13.420206	11.252123
13.448120	11.253735
13.476036	11.252929
13.503958	11.252123
13.531876	11.251317
13.559798	11.250511
13.587726	11.251317
13.615656	11.244068
13.643604	11.238437
13.671570	11.227994
13.699562	11.220775
13.727566	11.211965
13.755598	11.205567
13.783632	11.202370
13.811690	11.195982
13.839750	11.192791
13.867824	11.185618
13.895914	11.188805
13.923996	11.181637
13.952092	11.180841
13.980204	11.173683
14.008314	11.175273
14.036426	11.175273
14.064540	11.174478
14.092654	11.172888
14.120772	11.172888
14.148892	11.173683
14.177020	11.164947
14.205164	11.159394
14.233328	11.150680
14.261512	11.143561
14.289712	11.134082
14.317940	11.127772
14.346170	11.125408
14.374422	11.118321
14.402678	11.114387
14.430950	11.108885
14.459236	11.109671
14.487516	11.104173
14.515808	11.102603
14.544120	11.095545
14.572426	11.097113
14.600738	11.096329
14.629052	11.096329
14.657366	11.093194
14.685682	11.094761
14.714002	11.094761
14.742328	11.086931
14.770672	11.081456
14.799034	11.072082
14.827416	11.065842
14.855818	11.054939
14.884246	11.049496
14.912676	11.047165
14.941130	11.038625
14.969588	11.036298
14.998060	11.030873
15.026546	11.031648
15.055028	11.024679
15.083524	11.023906
15.112036	11.016947
15.140546	11.018493
15.169058	11.017720
15.197576	11.017720
15.226088	11.016175
15.254604	11.016947
15.283128	11.015402
15.311652	11.008454
15.340202	11.003827
15.368762	10.993815
15.397350	10.986126
15.425952	10.978448
15.454582	10.971547
15.483214	10.967716
15.511870	10.963123
15.540530	10.957006
15.569206	10.951658
15.597900	10.952422
15.626584	10.947842
15.655282	10.945553
15.683998	10.937931
15.712716	10.939455
15.741434	10.937931
15.770158	10.938693
15.798876	10.937931
15.827598	10.937170
15.856326	10.937931
15.885058	10.929560
15.913810	10.924239
15.942578	10.916647
15.971368	10.908308
16.000178	10.898469
16.029014	10.893178
16.057852	10.889403
16.086718	10.883367
16.115584	10.879598
16.144468	10.872068
16.173368	10.874326
16.202262	10.867554
16.231170	10.866051
16.260100	10.857789
16.289024	10.861543
16.317950	10.859290
16.346884	10.858540
16.375816	10.857038
16.404750	10.857789
16.433688	10.857038
16.462632	10.850289
16.491596	10.845045
16.520574	10.836067
16.549578	10.828597
16.578598	10.820392
16.607646	10.812944
16.636696	10.810711
16.665772	10.803276
16.694852	10.799562
16.723950	10.792884
16.753064	10.794367
16.782170	10.788436
16.811290	10.786955
16.840432	10.778812
16.869570	10.781032
16.898712	10.778812
16.927860	10.779552
16.957004	10.778073
16.986150	10.778073
17.015302	10.778073
17.044460	10.770682
17.073638	10.764777
17.102830	10.757405
17.132048	10.748572
17.161284	10.740488
17.190546	10.733882
17.219812	10.730949
17.249104	10.724355
17.278400	10.719232
17.307714	10.713384
17.337044	10.714114
17.366370	10.708271
17.395706	10.706812
17.425066	10.699519
17.454422	10.700247
17.483782	10.699519
17.513148	10.698790
17.542512	10.696604
17.571882	10.696604
17.601252	10.698790
17.630628	10.690053
17.660024	10.685689
17.689436	10.676248
17.718872	10.669721
17.748324	10.661031
17.777806	10.653800
17.807294	10.650189
17.836804	10.645136
17.866320	10.639368
17.895854	10.633606
17.925406	10.633606
17.954952	10.627851
17.984514	10.625694
18.014096	10.617793
18.043678	10.619229
18.073262	10.618511
18.102852	10.618511
18.132434	10.617793
18.162024	10.617076
18.191618	10.617076
18.221216	10.609904
18.250834	10.605606
18.280470	10.595591
18.310130	10.589162
18.339808	10.579890
18.369514	10.574193
18.399224	10.569923
18.428960	10.563526
18.458702	10.559265
18.488460	10.552172
18.518242	10.552881
18.548014	10.546504
18.577800	10.546504
18.607608	10.537307
18.637416	10.538721
18.667226	10.537307
18.697042	10.537307
18.726858	10.535187
18.756674	10.536600
18.786494	10.536600
18.816322	10.528831
18.846166	10.524599
18.876028	10.516143
18.905914	10.508405
18.935818	10.499975
18.965752	10.493662
18.995690	10.489458
19.025654	10.483158
19.055624	10.478961
19.085612	10.471976
19.115618	10.473372
19.145618	10.465696
19.175638	10.464302
19.205676	10.457335
19.235712	10.458031
19.265752	10.457335
19.295798	10.456639
19.325840	10.455247
19.355888	10.456639
19.385936	10.455247
19.415994	10.448293
19.446068	10.444819
19.476162	10.434412
19.506278	10.428870
19.536412	10.419185
19.566576	10.414349
19.596744	10.408139
19.626942	10.403314
19.657144	10.397116
19.687366	10.391614
19.717606	10.391614
19.747840	10.386117
19.778090	10.383371
19.808364	10.375826
19.838636	10.377197
19.868912	10.374456
19.899196	10.375141
19.929474	10.374456
19.959758	10.373085
19.990046	10.373770
20.020342	10.365556
20.050660	10.360087
20.080996	10.351211
20.111358	10.344395
20.141738	10.334866
20.172148	10.328750
20.202566	10.323998
20.233010	10.317895
20.263462	10.313153
20.293930	10.306386
20.324420	10.307063
20.354904	10.300304
20.385406	10.298278
20.415928	10.290856
20.446452	10.291531
20.476976	10.291531
20.507508	10.289508
20.538038	10.289508
20.568570	10.288160
20.599108	10.289508
20.629650	10.282772
20.660212	10.277390
20.690792	10.268656
20.721396	10.261948
20.752020	10.253909
20.782672	10.247220
20.813332	10.242543
20.844016	10.236535
20.874710	10.231868
20.905424	10.224542
20.936156	10.225207
20.966884	10.218555
20.997632	10.215897
21.028400	10.207930
21.059172	10.207930
21.089948	10.207930
21.120726	10.207267
21.151504	10.205941
21.182286	10.205941
21.213072	10.205941
21.243862	10.199976
21.274672	10.194019
21.305502	10.186086
21.336354	10.180145
21.367226	10.170258
21.398128	10.164335
21.429038	10.160390
21.459972	10.153822
21.490916	10.148574
21.521880	10.141367
21.552866	10.142677
21.583846	10.134170
21.614846	10.133516
21.645866	10.125677
21.676886	10.126330
21.707912	10.125025
21.738944	10.123720
21.769974	10.123067
21.801008	10.123067
21.832044	10.123720
21.863086	10.116547
21.894150	10.111989
21.925230	10.103533
21.956334	10.097688
21.987458	10.087960
22.018614	10.081486
22.049776	10.077605
22.080966	10.070498
22.112166	10.065981
22.143384	10.058890
22.174624	10.058890
22.205862	10.051810
22.237118	10.049238
22.268396	10.042171
22.299676	10.042171
22.330962	10.040887
22.362252	10.040887
22.393538	10.040245
22.424830	10.038962
22.456124	10.040887
22.487424	10.032550
22.518748	10.028707
22.550084	10.020390
22.581450	10.013363
22.612832	10.005072
22.644248	9.998704
22.675670	9.993614
22.707118	9.987896
22.738578	9.982817
22.770056	9.975210
22.801560	9.975210
22.833058	9.968247
22.864576	9.966349
22.896118	9.957504
22.927662	9.958767
22.959210	9.956242
22.990768	9.955611
23.022322	9.954980
23.053880	9.954980
23.085438	9.956873
23.117002	9.949305
23.148588	9.944266
23.180190	9.936718
23.211820	9.929808
23.243468	9.921028
23.275148	9.914766
23.306834	9.910387
23.338552	9.903514
23.370278	9.898521
23.402024	9.891665
23.433794	9.891042
23.465560	9.884195
23.497348	9.881087
23.529160	9.873633
23.560972	9.874254
23.592788	9.873633
23.624610	9.873013
23.656430	9.871772
23.688252	9.871772
23.720082	9.871151
23.751914	9.866191
23.783768	9.860617
23.815640	9.852577
23.847538	9.845784
23.879456	9.837767
23.911406	9.830995
23.943360	9.827304
23.975348	9.819318
24.007344	9.815023
24.039362	9.807669
24.071404	9.807057
24.103442	9.800938
24.135500	9.797270
24.167586	9.789333
24.199672	9.789333
24.231766	9.787503
24.263866	9.788113
24.295962	9.786283
24.328062	9.787503
24.360162	9.788113
24.392270	9.780799
24.424400	9.775929
24.456546	9.768634
24.488722	9.760743
24.520918	9.752259
24.553146	9.746208
24.585382	9.741977
24.617646	9.734732
24.649924	9.729305
24.682224	9.721477
24.714548	9.722079
24.746870	9.713662
24.779214	9.711260
24.811582	9.704061
24.843950	9.704660
24.876324	9.702862
24.908706	9.702263
24.941086	9.701064
24.973468	9.701064
25.005856	9.701663
25.038248	9.695077
25.070660	9.690890
25.103092	9.682527
25.135550	9.675966
25.168030	9.667629
25.200540	9.661088
25.233060	9.656337
25.265612	9.649219
25.298174	9.644479
25.330756	9.637379
25.363366	9.636196
25.395974	9.629108
25.428604	9.625567
25.461262	9.617906
25.493922	9.617317
25.526588	9.616139
25.559262	9.615550
25.591932	9.614962
25.624606	9.614962
25.657282	9.615550
25.689964	9.609080
25.722670	9.604380
25.755390	9.596752
25.788140	9.590307
25.820910	9.580947
25.853714	9.575691
25.886524	9.570440
25.919368	9.563448
25.952224	9.557047
25.985106	9.550656
26.018010	9.549494
26.050914	9.541953
26.083842	9.539635
26.116792	9.532110
26.149746	9.531531
26.182708	9.529796
26.215680	9.528640
26.248650	9.526906
26.281622	9.528062
26.314600	9.527484
26.347584	9.520555
26.380590	9.517670
26.413612	9.509028
26.446664	9.502125
26.479736	9.494085
26.512842	9.487204
26.545958	9.482622
26.579108	9.475186
26.612266	9.470616
26.645450	9.462628
26.678660	9.462628
26.711868	9.453517
26.745104	9.451241
26.778364	9.443287
26.811626	9.443287
26.844896	9.441584
26.878172	9.441584
26.911448	9.440449
26.944722	9.441017
26.978002	9.441017
27.011290	9.434212
27.044598	9.430814
27.077922	9.422893
27.111278	9.416115
27.144652	9.407656
27.178060	9.402025
27.211478	9.396401
27.244930	9.389661
27.278394	9.383491
27.311886	9.376769
27.345400	9.375090
27.378916	9.368380
27.412454	9.365029
27.446022	9.356661
27.479592	9.356661
27.513172	9.354433
27.546760	9.353319
27.580348	9.352205
27.613938	9.352205
27.647532	9.353319
27.681132	9.346640
27.714750	9.343860
27.748388	9.335530
27.782052	9.328877
27.815740	9.321127
27.849460	9.313942
27.883194	9.308974
27.916960	9.302359
27.950738	9.295753
27.984544	9.289156
28.018378	9.286959
28.052214	9.278731
28.086074	9.276539
28.119964	9.267235
28.153856	9.268875
28.187752	9.266688
28.221660	9.265049
28.255566	9.264502
28.289476	9.264502
28.323388	9.265049
28.357306	9.259587
28.391244	9.255222
28.425200	9.247594
28.459188	9.241066
28.493194	9.232918
28.527236	9.226410
28.561290	9.221535
28.595378	9.213962
28.629480	9.207481
28.663612	9.200470
28.697768	9.199393
28.731926	9.191856
28.766110	9.188093
28.800324	9.179502
28.834544	9.178965
28.868774	9.176284
28.903010	9.176820
28.937246	9.175212
28.971482	9.176284
29.005720	9.177356
29.039966	9.169856
29.074232	9.167715
29.108514	9.159162
29.142830	9.152758
29.177164	9.144765
29.211536	9.137318
29.245920	9.133599
29.280338	9.125109
29.314772	9.119282
29.349234	9.111876
29.383724	9.109762
29.418220	9.101845
29.452740	9.098681
29.487288	9.090257
29.521844	9.090783
29.556404	9.088679
29.590976	9.087627
29.625546	9.086050
29.660118	9.087101
29.694694	9.087101
29.729276	9.081322
29.763880	9.078173
29.798498	9.070834
29.833148	9.063507
29.867822	9.055147
29.902534	9.048887
29.937254	9.043157
29.972016	9.036394
30.006788	9.030160
30.041590	9.022380
30.076422	9.021343
30.111258	9.012027
30.146122	9.008409
30.181020	9.000151
30.215922	8.998604
30.250834	8.998604
30.285752	8.996543
30.320670	8.996027
30.355590	8.996543
30.390512	8.997573
30.425440	8.991393
30.460390	8.987277
30.495360	8.979571
30.530360	8.973415
30.565384	8.964709
30.600444	8.958574
30.635518	8.952447
30.670628	8.945819
30.705756	8.939201
30.740914	8.930561
30.776104	8.929038
30.811298	8.920418
30.846518	8.918392
30.881770	8.909287
30.917026	8.909287
30.952290	8.907266
30.987566	8.905751
31.022842	8.904741
31.058118	8.905246
31.093402	8.905246
31.128688	8.900704
31.163994	8.896672
31.199318	8.889623
31.234674	8.883590
31.270052	8.874556
31.305468	8.868042
31.340900	8.863039
31.376364	8.856043
31.411848	8.849058
31.447364	8.841089
31.482910	8.839597
31.518462	8.830652
31.554044	8.826682
31.589660	8.817763
31.625282	8.817763
31.660916	8.815289
31.696556	8.814794
31.732198	8.812816
31.767844	8.812816
31.803500	8.811827
31.839164	8.804912
31.874854	8.800966
31.910568	8.792099
31.946316	8.785214
31.982090	8.775889
32.017908	8.769030
32.053738	8.763159
32.089610	8.756320
32.125498	8.748518
32.161422	8.740729
32.197378	8.738783
32.233336	8.731012
32.269326	8.726646
32.305348	8.718896
32.341378	8.717445
32.377420	8.715026
32.413472	8.714059
32.449526	8.712126
32.485580	8.713576
32.521638	8.714543
32.557698	8.709228
32.593780	8.705366
32.629880	8.699099
32.666012	8.691879
32.702170	8.683230
32.738368	8.676515
32.774580	8.671247
32.810832	8.664072
32.847102	8.657387
32.883404	8.649283
32.919742	8.646427
32.956086	8.637868
32.992464	8.634070
33.028874	8.625062
33.065294	8.624589
33.101722	8.622695
33.138162	8.621748
33.174598	8.620802
33.211040	8.620329
33.247486	8.621748
33.283934	8.616073
33.320406	8.612766
33.356896	8.605689
33.393418	8.599564
33.429966	8.590158
33.466554	8.584525
33.503156	8.578899
33.539800	8.570941
33.576464	8.563465
33.613166	8.555536
33.649898	8.553206
33.686640	8.545761
33.723410	8.540650
33.760220	8.531836
33.797038	8.530909
33.833870	8.527667
33.870714	8.526742
33.907556	8.526279
33.944400	8.526742
33.981246	8.528130
34.018094	8.522578
34.054966	8.519804
34.091854	8.512417
34.128776	8.506424
34.165720	8.498141
34.202712	8.490791
34.239714	8.485745
34.276760	8.478417
34.313824	8.471101
34.350928	8.462430
34.388068	8.459240
34.425216	8.451503
34.462398	8.446050
34.499618	8.438336
34.536844	8.436977
34.574086	8.434712
34.611334	8.434259
34.648584	8.432448
34.685836	8.432900
34.723096	8.433353
34.760356	8.428375
34.797638	8.425663
34.834940	8.418438
34.872274	8.413027
34.909630	8.404025
34.947034	8.396837
34.984454	8.391454
35.021914	8.383840
35.059398	8.376687
35.096918	8.368208
35.134476	8.365980
35.172042	8.356189
35.209644	8.352634
35.247286	8.342431
35.284940	8.341545
35.322606	8.339331
35.360284	8.337560
35.397962	8.337118
35.435640	8.338445
35.473320	8.338888
35.511004	8.333579
35.548712	8.330927
35.586436	8.323864
35.624196	8.317253
35.661980	8.309773
35.699810	8.302306
35.737654	8.297044
35.775542	8.289163
35.813458	8.280860
35.851412	8.272574
35.889404	8.269525
35.927408	8.260393
35.965448	8.256485
36.003524	8.247382
36.041614	8.246083
36.079716	8.243919
36.117832	8.242189
36.155946	8.240891
36.194064	8.241756
36.232186	8.242621
36.270310	8.237434
36.308456	8.235275
36.346620	8.228373
36.384818	8.221912
36.423042	8.213314
36.461314	8.206449
36.499602	8.200879
36.537936	8.192752
36.576296	8.185068
36.614692	8.176972
36.653134	8.173143
36.691586	8.163798
36.730076	8.159133
36.768610	8.149820
36.807154	8.148552
36.845712	8.146016
36.884284	8.145172
36.922852	8.144327
36.961422	8.145594
36.999996	8.145172
37.038572	8.141794
37.077172	8.137576
37.115790	8.131258
37.154446	8.124949
37.193126	8.116972
37.231852	8.110266
37.270596	8.103572
37.309390	8.095636
37.348210	8.088133
37.387070	8.078981
37.425974	8.076074
37.464890	8.066535
37.503846	8.061153
37.542846	8.052888
37.581858	8.050412
37.620888	8.047525
37.659930	8.046288
37.698976	8.043816
37.738028	8.045464
37.777080	8.045876
37.816134	8.041757
37.855210	8.039287
37.894302	8.032299
37.933434	8.026553
37.972588	8.017949
38.011796	8.010589
38.051020	8.004058
38.090294	7.997945
38.129592	7.988589
38.168934	7.980472
38.208324	7.975610
38.247726	7.967115
38.287174	7.961058
38.326660	7.951386
38.366170	7.952191
38.405682	7.947765
38.445212	7.947765
38.484742	7.946157
38.524274	7.946559
38.563812	7.947363
38.603354	7.942139
38.642920	7.938928
38.682508	7.932113
38.722134	7.926109
38.761786	7.917320
38.801492	7.909347
38.841220	7.903378
38.880998	7.895036
38.920804	7.887107
38.960656	7.878010
39.000554	7.874850
39.040464	7.865386
39.080418	7.859877
39.120420	7.850449
39.160438	7.847703
39.200474	7.845352
39.240524	7.843785
39.280576	7.842610
39.320630	7.843785
39.360682	7.845352
39.400738	7.840261
39.440818	7.837914
39.480914	7.832052
39.521046	7.825419
39.561208	7.817241
39.601420	7.809856
39.641654	7.804424
39.681938	7.795515
39.722254	7.787399
39.762616	7.778145
39.803028	7.774680
39.843456	7.763920
39.883930	7.758551
39.924454	7.749748
39.964988	7.748218
40.005540	7.745544
40.046106	7.744017
40.086676	7.742490
40.127246	7.743635
40.167818	7.745162
40.208392	7.740201
40.248988	7.737913
40.289604	7.731438
40.330256	7.726114
40.370936	7.717384
40.411672	7.709430
40.452428	7.704136
40.493236	7.695455
40.534078	7.686794
40.574966	7.678527
40.615906	7.674026
40.656862	7.663917
40.697864	7.658312
40.738922	7.648989
40.779994	7.645638
40.821088	7.643778
40.862196	7.641918
40.903304	7.641175
40.944414	7.642290
40.985522	7.643778
41.026634	7.639317
41.067768	7.636346
41.108926	7.629669
41.150122	7.623745
41.191346	7.615244
41.232628	7.607867
41.273932	7.601240
41.315292	7.593157
41.356686	7.583992
41.398130	7.574848
41.439630	7.570468
41.481146	7.560265
41.522714	7.554811
41.564328	7.545738
41.605964	7.543202
41.647618	7.540667
41.689286	7.539219
41.730956	7.537772
41.772628	7.538857
41.814304	7.539943
41.855978	7.536326
41.897676	7.533434
41.939392	7.528018
41.981144	7.522250
42.022928	7.512896
42.064770	7.506075
42.106634	7.499624
42.148556	7.490683
42.190514	7.482833
42.232522	7.472865
42.274588	7.468247
42.316674	7.457964
42.358814	7.451242
42.401010	7.442063
42.443224	7.439596
42.485460	7.436426
42.527710	7.435722
42.569958	7.434666
42.612212	7.435018
42.654468	7.436426
42.696722	7.432907
42.739000	7.430095
42.781296	7.424827
42.823630	7.418164
42.865996	7.410815
42.908418	7.402782
42.950866	7.396508
42.993374	7.387463
43.035920	7.379134
43.078522	7.368058
43.121184	7.363568
43.163866	7.354260
43.206602	7.348067
43.249390	7.338455
43.292200	7.335713
43.335034	7.332974
43.377884	7.330920
43.420738	7.329894
43.463592	7.330578
43.506450	7.332289
43.549306	7.328184
43.592186	7.326134
43.635082	7.320671
43.678018	7.314875
43.720986	7.306029
43.764016	7.298900
43.807068	7.291785
43.850186	7.283670
43.893338	7.274563
43.936552	7.264806
43.979822	7.259770
44.023122	7.248380
44.066480	7.242030
44.109896	7.232693
44.153332	7.229697
44.196794	7.227036
44.240272	7.225374
44.283748	7.224709
44.327228	7.225374
44.370710	7.227036
44.414190	7.223381
44.457692	7.220724
44.501216	7.215417
44.544778	7.209456
44.588372	7.201524
44.632028	7.193608
44.675712	7.187026
44.719460	7.177502
44.763254	7.168331
44.807106	7.158857
44.851018	7.152989
44.894962	7.142905
44.938960	7.136739
44.983020	7.126378
45.027108	7.122824
45.071220	7.119918
45.115354	7.117982
45.159488	7.117015
45.203626	7.117660
45.247766	7.118950
45.291902	7.116048
45.336064	7.113147
45.380246	7.107676
45.424470	7.101570
45.468726	7.093873
45.513042	7.086193
45.557392	7.078848
45.601806	7.070563
45.646264	7.060711
45.690786	7.050569
45.735378	7.044246
45.780000	7.033836
45.824680	7.027228
45.869428	7.016869
45.914202	7.014049
45.958998	7.011232
46.003812	7.010293
46.048628	7.008729
46.093446	7.009042
46.138270	7.011232
46.183086	7.007478
46.227930	7.005603
46.272790	6.999672
46.317692	6.994996
46.362628	6.986285
46.407628	6.978216
46.452664	6.970783
46.497768	6.962132
46.542920	6.952272
46.588134	6.942746
46.633418	6.936308
46.678736	6.925910
46.724116	6.918588
46.769568	6.908243
46.815046	6.904599
46.860558	6.900959
46.906088	6.899444
46.951622	6.898232
46.997158	6.899444
47.042692	6.900959
47.088224	6.898232
47.133776	6.896112
47.179352	6.890364
47.224966	6.884928
47.270620	6.876790
47.316336	6.869272
47.362086	6.861770
47.407910	6.852490
47.453782	6.842938
47.499726	6.831926
47.545744	6.825691
47.591798	6.814735
47.637920	6.807646
47.684106	6.797924
47.730324	6.794983
47.776566	6.792045
47.822828	6.790284
47.869094	6.789110
47.915366	6.789403
47.961632	6.792045
48.007896	6.789110
48.054182	6.786763
48.100486	6.782368
48.146832	6.776223
48.193216	6.767757
48.239672	6.760184
48.286160	6.752628
48.332728	6.742773
48.379346	6.733523
48.426036	6.722860
48.472802	6.715962
48.519608	6.705354
48.566486	6.697064
48.613444	6.686231
48.660432	6.682818
48.707452	6.679408
48.754494	6.677704
48.801540	6.676569
48.848586	6.677704
48.895634	6.679408
48.942674	6.677136
48.989736	6.674866
49.036820	6.669482
49.083948	6.664106
49.131114	6.655635
49.178352	6.648311
49.225622	6.640441
49.272980	6.630350
49.320390	6.620849
49.367878	6.608870
49.415452	6.602481
49.463062	6.591399
49.510752	6.583664
49.558514	6.573470
49.606312	6.569621
49.654140	6.566051
49.701996	6.564679
49.749854	6.563033
49.797714	6.564130
49.845574	6.565776
49.893428	6.563582
49.941304	6.561662
49.989198	6.557006
50.037136	6.551536
50.085116	6.542259
50.133172	6.534638
50.181266	6.527035
50.229446	6.517286
50.277680	6.507027
50.325998	6.496263
50.374398	6.488749
50.422848	6.477244
50.471380	6.468708
50.519994	6.458070
50.568646	6.453824
50.617334	6.450644
50.666046	6.448790
50.714762	6.447467
50.763480	6.448790
50.812200	6.449585
50.860922	6.446144
50.909672	6.443500
50.958450	6.437426
51.007278	6.431891
51.056152	6.422423
51.105108	6.414293
51.154110	6.405662
51.203204	6.395230
51.252362	6.384832
51.301606	6.373175
51.350944	6.365685
51.400328	6.354354
51.449800	6.346139
51.499352	6.335389
51.548950	6.331048
51.598584	6.326968
51.648246	6.325439
51.697914	6.324166
51.747580	6.325439
51.797246	6.327223
51.846902	6.325694
51.896578	6.323911
51.946274	6.319332
51.996014	6.313744
52.045804	6.304874
52.095668	6.297291
52.145582	6.288468
52.195588	6.279167
52.245658	6.268392
52.295820	6.256159
52.346080	6.248693
52.396398	6.236041
52.446806	6.227635
52.497306	6.216544
52.547850	6.212119
52.598434	6.208436
52.649048	6.206473
52.699664	6.205247
52.750288	6.205738
52.800908	6.208436
52.851518	6.205983
52.902152	6.204022
52.952808	6.199370
53.003510	6.194480
53.054258	6.185455
53.105086	6.178157
53.155966	6.168937
53.206944	6.158537
53.257996	6.147690
53.309144	6.135444
53.360396	6.127785
53.411706	6.115141
53.463110	6.107058
53.514610	6.095446
53.566162	6.090719
53.617754	6.086706
53.669380	6.084584
53.721008	6.084349
53.772632	6.085763
53.824256	6.086942
53.875870	6.085999
53.927502	6.084349
53.979158	6.079404
54.030860	6.073997
54.082614	6.065787
54.134448	6.057600
54.186340	6.048736
54.238336	6.037809
54.290408	6.027152
54.342580	6.014690
54.394866	6.006410
54.447214	5.993576
54.499664	5.984442
54.552222	5.972837
54.604828	5.968978
54.657478	5.963992
54.710158	5.963087
54.762844	5.962181
54.815528	5.963087
54.868214	5.963766
54.920896	5.963087
54.973588	5.961503
55.026306	5.957433
55.079066	5.952917
55.131874	5.943907
55.184774	5.935821
55.237732	5.926639
55.290800	5.915479
55.343950	5.904583
55.397210	5.892180
55.450584	5.883132
55.504030	5.870380
55.557588	5.860524
55.611256	5.848959
55.664984	5.843519
55.718762	5.838740
55.772578	5.837222
55.826396	5.836354
55.880216	5.837655
55.934024	5.840260
55.987824	5.838740
56.041636	5.838089
56.095472	5.833320
56.149358	5.827909
56.203298	5.819488
56.257328	5.811522
56.311422	5.802077
56.365630	5.790954
56.419926	5.779661
56.474342	5.766295
56.528884	5.757207
56.583502	5.743734
56.638242	5.734089
56.693090	5.723016
56.748002	5.717600
56.802964	5.713233
56.857964	5.710948
56.912972	5.710533
56.967978	5.711571
57.022974	5.714272
57.077960	5.712402
57.132962	5.712194
57.187980	5.707835
57.243052	5.703069
57.298174	5.694179
57.353398	5.685523
57.408688	5.676688
57.464098	5.664814
57.519608	5.653397
57.575238	5.640000
57.631002	5.630700
57.686852	5.617410
57.742824	5.607183
57.798922	5.595200
57.855088	5.589426
57.911312	5.584656
57.967580	5.582870
58.023848	5.581878
58.080120	5.583465
58.136380	5.585848
58.192624	5.585252
58.248882	5.584458
58.305158	5.580094
58.361492	5.574944
58.417882	5.566449
58.474376	5.557390
58.530940	5.548752
58.587634	5.536431
58.644432	5.524554
58.701362	5.511179
58.758436	5.501143
58.815602	5.487306
58.872904	5.477166
58.930334	5.465350
58.987832	5.459841
59.045396	5.454722
59.103006	5.452261
59.160618	5.452072
59.218232	5.453207
59.275836	5.455480
59.333422	5.455101
59.391020	5.454722
59.448634	5.450936
59.506302	5.446023
59.564030	5.437163
59.621868	5.427956
59.679788	5.418407
59.737844	5.406472
59.796012	5.394403
59.854322	5.380176
59.912788	5.369693
59.971360	5.355231
60.030082	5.344299
60.088946	5.331420
60.147894	5.324914
60.206912	5.320405
60.265976	5.318063
60.325044	5.317883
60.384110	5.318964
60.443162	5.322208
60.502194	5.321486
60.561238	5.320946
60.620302	5.317163
60.679420	5.312128
60.738604	5.303698
60.797896	5.294760
60.857280	5.284784
60.916808	5.272190
60.976464	5.259128
61.036272	5.245605
61.096242	5.234417
61.156334	5.219806
61.216574	5.209247
61.276968	5.196322
61.337446	5.190656
61.398000	5.185002
61.458606	5.182265
61.519226	5.181410
61.579846	5.182949
61.640448	5.185687
61.701028	5.185858
61.761614	5.186029
61.822214	5.182265
61.882876	5.177141
61.943604	5.168283
62.004454	5.159117
62.065402	5.148633
62.126506	5.136343
62.187740	5.123276
62.249144	5.108779
62.310726	5.097175
62.372438	5.082167
62.434320	5.070356
62.496374	5.056971
62.558526	5.050143
62.620760	5.044790
62.683052	5.042361
62.745354	5.041390
62.807666	5.041714
62.869972	5.043656
62.932262	5.042847
62.994570	5.042361
63.056900	5.038156
63.119294	5.033313
63.181760	5.024458
63.244358	5.014994
63.307058	5.004449
63.369934	4.990933
63.432956	4.977490
63.496166	4.962238
63.559568	4.950508
63.623112	4.935266
63.686840	4.923663
63.750742	4.910273
63.814758	4.902763
63.878866	4.897261
63.943036	4.894361
64.007222	4.893447
64.071402	4.895582
64.135562	4.898635
64.199686	4.899399
64.263816	4.899552
64.327958	4.896192
64.392162	4.891313
64.456446	4.882040
64.520876	4.872348
64.585412	4.861792
64.650132	4.848586
64.715014	4.834409
64.780100	4.818985
64.845396	4.806304
64.910856	4.790182
64.976524	4.777216
65.042386	4.763887
65.108372	4.756242
65.174454	4.750919
65.240598	4.748334
65.306756	4.747903
65.372910	4.749195
65.439044	4.752356
65.505144	4.752788
65.571250	4.753219
65.637366	4.750201
65.703544	4.745608
65.769802	4.736736
65.836212	4.726332
65.902754	4.714841
65.969496	4.701294
66.036418	4.686706
66.103560	4.670541
66.170940	4.657247
66.238500	4.641010
66.306280	4.628157
66.374278	4.613612
66.442418	4.605360
66.510676	4.598754
66.579012	4.595794
66.647362	4.595390
66.715700	4.597946
66.784012	4.601448
66.852276	4.602122
66.920548	4.602257
66.988836	4.599158
67.057196	4.593509
67.125654	4.583991
67.194278	4.573714
67.263046	4.562157
67.332030	4.548023
67.401212	4.532930
67.470644	4.516118
67.540334	4.502397
67.610230	4.485042
67.680374	4.471636
67.750752	4.457424
67.821280	4.449470
67.891926	4.443303
67.962654	4.440414
68.033400	4.439786
68.104142	4.441292
68.174858	4.444434
68.245532	4.445692
68.316200	4.446699
68.386872	4.444057
68.457616	4.439159
68.528456	4.429770
68.599478	4.419177
68.670658	4.406655
68.742082	4.392362
68.813724	4.376818
68.885636	4.360295
68.957832	4.345218
69.030266	4.327501
69.102980	4.312649
69.175968	4.297077
69.249138	4.287927
69.322450	4.281499
69.395852	4.278467
69.469268	4.278350
69.542672	4.280682
69.616040	4.284302
69.689358	4.285354
69.762674	4.285587
69.836020	4.281499
69.909456	4.275788
69.983012	4.265918
70.056780	4.253327
70.130748	4.240353
70.204988	4.224842
70.279484	4.208317
70.354294	4.190355
70.429432	4.174208
70.504842	4.156096
70.580562	4.141085
70.656580	4.125532
70.732804	4.115588
70.809196	4.108161
70.885700	4.104511
70.962244	4.103010
71.038790	4.104725
71.115298	4.108161
71.191750	4.109988
71.268182	4.111602
71.344618	4.109235
71.421132	4.104189
71.497758	4.094988
71.574604	4.083491
71.651650	4.070475
71.728998	4.054714
71.806632	4.038037
71.884604	4.019849
71.962944	4.002947
72.041604	3.983355
72.120622	3.967359
72.199978	3.951192
72.279578	3.940882
72.359350	3.933777
72.439236	3.931118
72.519146	3.930627
72.599042	3.932693
72.678896	3.936636
72.758674	3.938906
72.838442	3.939400
72.918226	3.935945
72.998120	3.930233
73.078148	3.920424
73.158422	3.908620
73.238936	3.894569
73.319800	3.877456
73.401004	3.859356
73.482608	3.839827
73.564634	3.822354
73.647020	3.802644
73.729810	3.786055
73.812982	3.769248
73.896434	3.758156
73.980110	3.749633
74.063936	3.745342
74.147812	3.744270
74.231676	3.747397
74.315464	3.751514
74.399176	3.754293
74.482846	3.756358
74.566514	3.754024
74.650278	3.748380
74.734204	3.738122
74.818414	3.725444
74.902902	3.710221
74.987794	3.693037
75.073072	3.674377
75.158808	3.653864
75.245042	3.634672
75.331716	3.613186
75.418872	3.595075
75.506476	3.577472
75.594418	3.565778
75.682594	3.558346
75.770918	3.555286
75.859274	3.554723
75.947618	3.556896
76.035896	3.560927
76.124078	3.564159
76.212204	3.566506
76.300320	3.564726
76.388518	3.560362
76.476884	3.550544
76.565552	3.537591
76.654550	3.522044
76.744002	3.503427
76.833926	3.483537
76.924388	3.462039
77.015422	3.441936
77.106970	3.419830
77.199092	3.400507
77.291760	3.380528
77.384870	3.365896
77.478346	3.354610
77.572072	3.348318
77.665896	3.346820
77.759704	3.349960
77.853414	3.355542
77.946984	3.359345
78.040484	3.361934
78.133964	3.360064
78.227558	3.354825
78.321348	3.344397
78.415498	3.331134
78.510032	3.314895
78.605108	3.295630
78.700736	3.274471
78.797026	3.250955
78.894026	3.228504
78.991680	3.204334
79.090034	3.183229
79.189040	3.163548
79.288524	3.150351
79.388382	3.140462
79.488478	3.135948
79.588660	3.134696
79.688848	3.136073
79.788974	3.139583
79.888990	3.142221
79.988948	3.144549
80.088884	3.143101
80.188938	3.138517
80.289212	3.127892
80.389914	3.113571
80.491106	3.095287
80.592970	3.074627
80.695516	3.052342
80.798856	3.027866
80.903048	3.004469
81.008030	2.979338
81.113866	2.956904
81.220520	2.934861
81.327816	2.919045
81.435616	2.907967
81.543716	2.903452
81.651894	2.903344
81.760010	2.907052
81.867962	2.913684
81.975686	2.919045
82.083272	2.922412
82.190806	2.921162
82.298482	2.915956
82.406424	2.905116
82.514886	2.890362
82.623934	2.871184
82.733816	2.848845
82.844574	2.824056
82.956368	2.796753
83.069276	2.769924
83.183242	2.742025
83.298308	2.717735
83.414398	2.694980
83.531268	2.679168
83.648750	2.667702
83.766620	2.662006
83.884644	2.660338
84.002646	2.663134
84.120472	2.669334
84.238022	2.675654
84.355358	2.680586
84.472584	2.680128
84.589956	2.675062
84.707674	2.663134
84.826068	2.646309
84.945278	2.624555
85.065586	2.599580
85.187072	2.572630
85.309908	2.543017
85.434202	2.513837
85.559936	2.482727
85.687188	2.454331
85.815898	2.427590
85.945780	2.407867
86.076554	2.394835
86.207842	2.389553
86.339268	2.389771
86.470584	2.394069
86.601612	2.401242
86.732262	2.407978
86.862640	2.412527
86.992896	2.412157
87.123328	2.406908
87.254210	2.394653
87.385958	2.377005
87.518798	2.353394
87.653128	2.325969
87.789108	2.295211
87.927016	2.261668
88.067014	2.228080
88.209072	2.194156
88.353240	2.163512
88.499428	2.134814
88.647276	2.113046
88.796450	2.097191
88.946494	2.088908
89.096914	2.086577
89.247316	2.089686
89.397374	2.096995
89.546894	2.105371
89.695962	2.110917
89.844832	2.111002
89.993958	2.104581
90.143786	2.090187
90.294944	2.069342
90.447802	2.041851
90.602908	2.010928
90.760528	1.976516
90.921104	1.937700
91.085024	1.897739
91.252432	1.855593
91.423538	1.816306
91.598214	1.780585
91.775876	1.753865
91.955792	1.735955
92.137060	1.728239
92.318780	1.727707
92.500298	1.732623
92.681134	1.741382
92.861032	1.751245
93.040118	1.758656
93.218748	1.760272
93.397658	1.754119
93.577664	1.738433
93.759882	1.713309
93.945226	1.678560
94.134790	1.638636
94.329270	1.594037
94.529586	1.544889
94.736506	1.494417
94.950482	1.442938
95.172066	1.393662
95.401352	1.347444
95.637822	1.308474
95.880408	1.279171
96.127302	1.262982
96.376484	1.256577
96.626450	1.255833
96.876148	1.259701
97.124996	1.265271
97.373554	1.265322
97.623276	1.253768
97.876710	1.229355
98.136290	1.193905
98.404276	1.153521
98.683070	1.104553
98.975968	1.046444
99.287806	0.976426
99.626102	0.891986
100.002780	0.792335
100.436024	0.678114
100.961884	0.548600
101.669740	0.394646
