#Creator: wheelEventBuffer
#Creation time: Tue Mar 28 17:09:24 2017
#Time	Angular velocity
#[s]	[rad/s]
0.275814	1.431941
0.484932	1.591486
0.674040	1.746299
0.847168	1.897303
1.007262	2.038910
1.156876	2.172038
1.297786	2.295815
1.431504	2.411157
1.559158	2.517947
1.681750	2.613029
1.800126	2.700262
1.914876	2.778990
2.026610	2.849104
2.135790	2.908720
2.242854	2.962537
2.348042	3.011438
2.451500	3.062399
2.553230	3.114620
2.653196	3.169868
2.751370	3.230828
2.847582	3.298745
2.941846	3.368061
3.034136	3.440730
3.124456	3.518100
3.212818	3.592362
3.299382	3.668885
3.384156	3.744538
3.467280	3.816410
3.548860	3.887725
3.629018	3.952484
3.707914	4.014404
3.785632	4.071425
3.862348	4.121960
3.938180	4.164911
4.013268	4.204712
4.087664	4.240582
4.161426	4.278234
4.234530	4.316798
4.306964	4.356667
4.378720	4.400113
4.449694	4.450604
4.519884	4.501623
4.589262	4.555145
4.657796	4.613883
4.725464	4.669708
4.792332	4.728608
4.858364	4.787699
4.923620	4.842159
4.988136	4.898024
5.051952	4.948325
5.115130	4.999034
5.177698	5.044142
5.239734	5.085952
5.301294	5.121271
5.362454	5.154377
5.423236	5.182436
5.483680	5.212358
5.543766	5.244904
5.603460	5.279455
5.662772	5.315364
5.721636	5.356327
5.780072	5.396627
5.838052	5.439611
5.895554	5.488649
5.952542	5.534091
6.009072	5.582672
6.065096	5.632921
6.120650	5.677919
6.175758	5.724894
6.230434	5.766930
6.284714	5.810232
6.338604	5.849176
6.392154	5.885998
6.445386	5.917708
6.498348	5.947733
6.551056	5.972610
6.603546	5.997924
6.655804	6.025765
6.707816	6.053398
6.759604	6.081287
6.811106	6.114903
6.862348	6.147931
6.913296	6.183751
6.963938	6.224920
7.014242	6.262394
7.064250	6.303609
7.113914	6.347678
7.163262	6.385610
7.212296	6.428995
7.261018	6.466577
7.309456	6.507027
7.357602	6.542804
7.405498	6.577599
7.453158	6.605535
7.500626	6.633711
7.547902	6.655917
7.595022	6.678840
7.641970	6.704496
7.688736	6.729773
7.735338	6.755242
7.781724	6.786470
7.827916	6.816509
7.873892	6.849502
7.919640	6.886437
7.965138	6.919808
8.010420	6.957507
8.055446	6.997489
8.100234	7.031632
8.144794	7.069609
8.189124	7.103176
8.233248	7.139010
8.277150	7.171604
8.320866	7.203835
8.364396	7.229697
8.407776	7.256081
8.451016	7.274900
8.494140	7.295510
8.537138	7.317261
8.580006	7.339141
8.622754	7.360463
8.665340	7.389896
8.707776	7.417114
8.750046	7.447709
8.792138	7.481051
8.834040	7.509664
8.875784	7.543926
8.917328	7.580332
8.958692	7.610447
8.999872	7.647499
9.040870	7.677777
9.081700	7.712079
9.122352	7.743635
9.162854	7.771987
9.203212	7.796289
9.243450	7.820354
9.283574	7.838305
9.323608	7.857124
9.363538	7.878405
9.403364	7.897417
9.443102	7.916522
9.482708	7.942943
9.522208	7.965903
9.561578	7.992248
9.600812	8.024502
9.639892	8.049174
9.678852	8.079812
9.717644	8.116552
9.756290	8.143905
9.794788	8.175695
9.833142	8.206020
9.871356	8.238730
9.909422	8.265609
9.947364	8.296167
9.985180	8.319015
10.022898	8.341545
10.060522	8.357078
10.098074	8.375794
10.135544	8.393696
10.172932	8.410325
10.210252	8.427923
10.247464	8.452412
10.284588	8.473843
10.321606	8.498141
10.358516	8.528130
10.395298	8.549482
10.431986	8.577962
10.468542	8.610406
10.504976	8.635494
10.541290	8.665984
10.577484	8.693803
10.613560	8.724223
10.649514	8.750954
10.685360	8.778341
10.721098	8.801952
10.756752	8.824203
10.792324	8.838105
10.827836	8.855544
10.863278	8.873052
10.898654	8.887108
10.933978	8.902218
10.969212	8.925993
11.004372	8.945819
11.039446	8.967780
11.074428	8.995512
11.109302	9.016683
11.144098	9.043157
11.178782	9.071882
11.213366	9.096047
11.247848	9.125639
11.282224	9.151691
11.316500	9.181111
11.350666	9.208021
11.384736	9.235089
11.418714	9.256859
11.452618	9.278183
11.486452	9.291354
11.520236	9.306768
11.553966	9.323340
11.587630	9.337750
11.621256	9.351648
11.654800	9.374530
11.688282	9.393030
11.721692	9.412730
11.755028	9.438180
11.788268	9.458070
11.821446	9.482622
11.854526	9.510755
11.887520	9.533845
11.920422	9.561702
11.953236	9.586795
11.985958	9.614962
12.018588	9.640336
12.051136	9.666439
12.083594	9.689694
12.115988	9.710060
12.148318	9.723283
12.180606	9.737146
12.212844	9.753470
12.245030	9.766812
12.277182	9.778364
12.309266	9.799715
12.341296	9.818091
12.373262	9.837767
12.405162	9.861855
12.436982	9.878601
12.468750	9.901641
12.500432	9.930436
12.532036	9.951196
12.563564	9.977111
12.595012	10.001887
12.626382	10.029347
12.657662	10.055027
12.688872	10.080192
12.720004	10.100935
12.751076	10.122415
12.782094	10.134170
12.813072	10.149230
12.844006	10.163020
12.874894	10.176847
12.905752	10.188068
12.936550	10.208594
12.967302	10.224542
12.998002	10.241875
13.028642	10.265972
13.059212	10.283446
13.089732	10.305034
13.120182	10.330109
13.150582	10.340990
13.180950	10.351894
13.211302	10.349165
13.241674	10.342351
13.272070	10.328750
13.302524	10.306386
13.333046	10.278063
13.363660	10.249226
13.394362	10.213904
13.425174	10.179485
13.456090	10.145297
13.487112	10.106784
13.518256	10.071144
13.549484	10.044097
13.580812	10.013363
13.612238	9.980915
13.643756	9.956242
13.675352	9.924789
13.707050	9.899145
13.738820	9.877980
13.770672	9.848253
13.802608	9.826075
13.834618	9.801550
13.866708	9.780190
13.898870	9.754681
13.931120	9.730511
13.963450	9.702263
13.995884	9.672987
14.028424	9.636196
14.061090	9.599098
14.093878	9.564030
14.126788	9.527484
14.159832	9.489496
14.192984	9.458640
14.226260	9.425721
14.259642	9.394715
14.293132	9.369498
14.326716	9.334975
14.360420	9.308974
14.394208	9.285861
14.428096	9.256859
14.462078	9.232375
14.496156	9.204784
14.530332	9.180575
14.564598	9.156493
14.598962	9.128822
14.633436	9.096047
14.668040	9.064553
14.702772	9.024972
14.737662	8.985735
14.772696	8.947347
14.807884	8.908781
14.843230	8.870045
14.878704	8.837607
14.914326	8.801952
14.950082	8.770499
14.985966	8.741701
15.021964	8.707297
15.058108	8.678912
15.094354	8.654525
15.130722	8.624115
15.167206	8.597210
15.203810	8.567668
15.240536	8.542043
15.277376	8.512417
15.314354	8.481622
15.351464	8.448321
15.388736	8.412577
15.426174	8.369546
15.463804	8.328277
15.501622	8.286976
15.539628	8.244352
15.577836	8.202592
15.616212	8.166344
15.654772	8.129153
15.693500	8.093968
15.732394	8.063222
15.771432	8.027373
15.810650	7.995909
15.850006	7.968327
15.889518	7.934918
15.929184	7.905764
15.969000	7.873666
16.008982	7.843001
16.049118	7.811021
16.089434	7.776219
16.129936	7.736770
16.170654	7.696586
16.211596	7.649361
16.252794	7.603080
16.294238	7.557719
16.335930	7.512178
16.377884	7.466472
16.420060	7.427284
16.462476	7.387116
16.505116	7.348067
16.547972	7.314535
16.591024	7.275911
16.634310	7.242030
16.677780	7.211111
16.721462	7.174552
16.765352	7.141282
16.809456	7.104461
16.853794	7.068336
16.898356	7.031317
16.943170	6.991260
16.988252	6.945816
17.033642	6.899444
17.079352	6.846517
17.125418	6.793808
17.171836	6.742773
17.218608	6.690218
17.265752	6.639318
17.313216	6.594997
17.361018	6.550170
17.409138	6.507027
17.457566	6.468974
17.506280	6.425839
17.555322	6.387688
17.604642	6.351785
17.654266	6.310700
17.704200	6.272898
17.754452	6.230352
17.805052	6.188623
17.856002	6.144083
17.907348	6.095209
17.959116	6.041989
18.011364	5.986495
18.064112	5.925297
18.117410	5.864463
18.171260	5.804435
18.225662	5.744574
18.280640	5.685935
18.336134	5.633325
18.392168	5.580688
18.448712	5.531168
18.505750	5.486156
18.563258	5.436975
18.621290	5.391996
18.679794	5.347756
18.738812	5.299762
18.798358	5.252797
18.858462	5.201657
18.919168	5.150490
18.980500	5.095025
19.042540	5.035249
19.105358	4.968516
19.169056	4.898482
19.233700	4.822240
19.299380	4.745895
19.366114	4.670402
19.433920	4.596197
19.502838	4.522620
19.572802	4.456033
19.643832	4.390643
19.715906	4.327620
19.789006	4.269164
19.863116	4.207528
19.938328	4.148522
20.014606	4.089657
20.092028	4.027270
20.170672	3.964255
20.250634	3.895438
20.332060	3.823750
20.415102	3.745699
20.500000	3.659824
20.587028	3.563917
20.676518	3.462344
20.768752	3.353679
20.864068	3.242968
20.962720	3.130448
21.064990	3.017107
21.171176	2.904525
21.281408	2.797400
21.395944	2.691932
21.514994	2.589339
21.638832	2.489179
21.767842	2.384981
21.902802	2.277672
22.044454	2.164973
22.194020	2.044802
22.353228	1.914275
22.524816	1.764484
22.713352	1.592534
22.927170	1.385487
23.186788	1.114024
23.651354	0.603816
24.150886	0.527192
24.646528	0.532161
25.171536	0.989166
25.462636	1.244777
25.699730	1.444596
25.906998	1.611619
26.094498	1.756827
26.267806	1.881621
26.430312	1.993776
26.584180	2.096604
26.730942	2.191676
26.871560	2.280416
27.007038	2.361674
27.137910	2.442424
27.264504	2.523489
27.387058	2.604408
27.505796	2.689996
27.620746	2.778056
27.732106	2.866731
27.840048	2.957071
27.944718	3.048078
28.046368	3.136762
28.145200	3.223403
28.241512	3.304435
28.335546	3.379728
28.427578	3.450555
28.517768	3.518336
28.606316	3.579428
28.693390	3.638798
28.779096	3.693211
28.863578	3.746414
28.946830	3.799977
29.028990	3.849236
29.110072	3.900661
29.190088	3.952683
29.269046	4.003559
29.346984	4.059535
29.423822	4.117529
29.499584	4.176206
29.574266	4.237836
29.647848	4.301430
29.720380	4.363081
29.791898	4.423283
29.862486	4.479798
29.932208	4.533323
30.001142	4.583055
30.069328	4.632388
30.136820	4.677913
30.203666	4.723205
30.269896	4.763887
30.335576	4.804687
30.400668	4.846043
30.465262	4.883254
30.529336	4.922429
30.592904	4.963022
30.655934	5.003014
30.718456	5.047870
30.780404	5.094530
30.841790	5.140881
30.902612	5.190142
30.962850	5.240530
31.022534	5.288342
31.081676	5.335767
31.140318	5.379992
31.198480	5.423084
31.256210	5.462689
31.313510	5.502685
31.370416	5.538969
31.426944	5.577716
31.483104	5.609987
31.538944	5.644256
31.594414	5.680178
31.649578	5.711779
31.704422	5.744784
31.758948	5.779449
31.813142	5.811737
31.867028	5.849830
31.920552	5.888646
31.973720	5.928652
32.026526	5.970566
32.078952	6.013999
32.131020	6.054565
32.182738	6.094263
32.234140	6.130894
32.285230	6.167241
32.336044	6.199370
32.386576	6.234308
32.436846	6.265142
32.486858	6.298806
32.536622	6.327223
32.586172	6.355640
32.635462	6.388207
32.684548	6.414555
32.733408	6.444557
32.782042	6.475908
32.830438	6.503794
32.878620	6.538718
32.926534	6.573745
32.974204	6.607203
33.021620	6.644092
33.068768	6.682249
33.115666	6.716823
33.162316	6.751177
33.208748	6.782660
33.254956	6.813848
33.300974	6.842043
33.346788	6.871976
33.392414	6.899141
33.437854	6.929270
33.483112	6.953503
33.528212	6.980076
33.573114	7.009980
33.617860	7.033521
33.662442	7.060711
33.706856	7.086832
33.751096	7.112181
33.795178	7.143230
33.839058	7.174879
33.882752	7.205488
33.926252	7.238693
33.969546	7.273552
34.012652	7.304331
34.055572	7.334343
34.098326	7.362878
34.140916	7.389896
34.183356	7.415713
34.225642	7.443121
34.267780	7.467182
34.309774	7.496403
34.351620	7.518290
34.393344	7.542477
34.434908	7.570832
34.476350	7.592423
34.517660	7.617829
34.558832	7.644150
34.599856	7.667658
34.640756	7.696964
34.681492	7.726875
34.722074	7.755487
34.762504	7.785855
34.802770	7.817630
34.842888	7.846527
34.882852	7.873666
34.922692	7.899403
34.962398	7.924110
35.001992	7.946961
35.041458	7.972371
35.080808	7.994281
35.120042	8.022043
35.159150	8.042992
35.198164	8.065706
35.237036	8.092717
35.275814	8.113198
35.314478	8.137576
35.353030	8.161253
35.391466	8.182509
35.429796	8.211167
35.467990	8.239595
35.506058	8.265609
35.544002	8.293977
35.581806	8.325187
35.619492	8.349970
35.657056	8.375347
35.694518	8.398184
35.731872	8.421146
35.769136	8.442418
35.806294	8.465623
35.843356	8.487121
35.880318	8.513340
35.917178	8.532299
35.953958	8.553672
35.990618	8.579836
36.027200	8.599093
36.063682	8.623168
36.100072	8.645475
36.136356	8.666462
36.172554	8.693322
36.208636	8.719864
36.244612	8.745108
36.280482	8.771968
36.316234	8.801459
36.351882	8.825690
36.387432	8.849058
36.422904	8.866040
36.458316	8.878067
36.493708	8.879070
36.529106	8.872550
36.564556	8.853547
36.600090	8.831148
36.635742	8.794560
36.671540	8.759250
36.707464	8.726161
36.743550	8.688994
36.779776	8.654525
36.816150	8.621275
36.852656	8.584994
36.889318	8.556468
36.926100	8.525353
36.963020	8.492627
37.000076	8.463798
37.037254	8.436070
37.074576	8.401328
37.112044	8.366871
37.149674	8.331811
37.187458	8.296606
37.225416	8.257787
37.263538	8.223634
37.301826	8.185921
37.340286	8.152781
37.378916	8.112360
37.417734	8.075243
37.456708	8.042992
37.495874	8.002019
37.535226	7.964691
37.574758	7.930111
37.614468	7.889484
37.654378	7.855946
37.694450	7.823080
37.734696	7.788558
37.775120	7.755870
37.815706	7.724595
37.856470	7.690181
37.897418	7.654207
37.938564	7.616721
37.979912	7.578869
38.021482	7.538134
38.063260	7.500699
38.105260	7.458672
38.147486	7.422722
38.189934	7.379134
38.232638	7.336741
38.275558	7.299239
38.318740	7.253735
38.362174	7.211773
38.405866	7.170949
38.449800	7.127025
38.494002	7.089071
38.538436	7.051519
38.583112	7.012484
38.628030	6.975736
38.673174	6.941826
38.718564	6.902779
38.764204	6.863569
38.810116	6.822727
38.856302	6.781196
38.902788	6.736989
38.949568	6.693925
38.996664	6.647748
39.044080	6.604980
39.091822	6.555364
39.139926	6.508914
39.188352	6.463119
39.237160	6.412199
39.286342	6.363621
39.335902	6.315521
39.385834	6.265392
39.436164	6.220483
39.486842	6.176699
39.537890	6.132330
39.589294	6.090955
39.641038	6.051300
39.693148	6.008018
39.745626	5.964672
39.798508	5.918600
39.851800	5.871258
39.905548	5.820998
39.959744	5.772228
40.014424	5.719057
40.069612	5.667880
40.125322	5.611189
40.181606	5.554639
40.238436	5.499217
40.295894	5.438481
40.353978	5.379624
40.412700	5.321847
40.472058	5.261066
40.532092	5.206657
40.592746	5.152348
40.654040	5.098829
40.715970	5.047222
40.778520	4.997761
40.841718	4.945677
40.905578	4.893599
40.970150	4.838579
41.035468	4.781724
41.101600	4.721218
41.168584	4.660149
41.236490	4.593912
41.305386	4.528095
41.375328	4.456792
41.446418	4.384270
41.518672	4.311702
41.592232	4.232926
41.667158	4.154337
41.743528	4.075650
41.821368	3.995412
41.900772	3.919544
41.981686	3.846220
42.064160	3.773413
42.148216	3.702612
42.233876	3.633495
42.321228	3.561735
42.410368	3.488720
42.501490	3.410252
42.594790	3.326972
42.690560	3.238154
42.789048	3.144989
42.890660	3.043648
42.995782	2.938650
43.104868	2.826698
43.218534	2.708643
43.337402	2.584099
43.462474	2.449050
43.594844	2.308026
43.735846	2.160120
43.887224	2.003056
44.051346	1.841065
44.231138	1.671665
44.431122	1.493124
44.658714	1.299242
44.928246	1.079852
45.278950	0.807491
45.989710	0.374540
46.638226	0.347932
47.402086	0.696723
47.812250	0.906989
48.135296	1.071375
48.412656	1.215655
48.658888	1.351409
48.881396	1.485120
49.084578	1.618710
49.271354	1.755295
49.444178	1.891045
49.604998	2.025318
49.755546	2.158221
49.897234	2.284031
50.031524	2.403336
50.159408	2.516697
50.281800	2.622627
50.399464	2.723247
50.513050	2.813434
50.623170	2.897026
50.730274	2.972685
50.834842	3.040290
50.937232	3.098645
51.037802	3.151678
51.136716	3.200742
51.234120	3.250955
51.330000	3.302698
51.424338	3.356761
51.517142	3.414849
51.608244	3.480372
51.697664	3.547337
51.785362	3.617929
51.871348	3.691475
51.955642	3.762116
52.038396	3.833361
52.119616	3.904249
52.199422	3.970467
52.277920	4.035858
52.355198	4.096269
52.431376	4.154227
52.506532	4.207190
52.580804	4.255171
52.654290	4.296019
52.727112	4.333949
52.799306	4.369027
52.870926	4.404308
52.941960	4.441292
53.012376	4.480309
53.082184	4.521709
53.151272	4.570121
53.219646	4.619582
53.287268	4.672069
53.354122	4.728181
53.420184	4.781142
53.485532	4.835749
53.550132	4.891161
53.614040	4.941787
53.677280	4.994583
53.739888	5.041714
53.801924	5.088753
53.863398	5.132147
53.924388	5.172368
53.984934	5.205622
54.045114	5.236861
54.104942	5.264768
54.164462	5.292084
54.223662	5.321847
54.282520	5.351764
54.341050	5.384603
54.399168	5.423459
54.456886	5.463069
54.514168	5.505192
54.571006	5.551694
54.627364	5.593805
54.683308	5.639392
54.738780	5.687376
54.793820	5.729488
54.848440	5.774774
54.902646	5.816041
54.956478	5.858120
55.009934	5.895719
55.063070	5.931114
55.115902	5.961729
55.168480	5.990147
55.220822	6.013999
55.272958	6.037577
55.324884	6.063212
55.376582	6.089066
55.428068	6.116094
55.479280	6.149616
55.530228	6.183264
55.580890	6.219251
55.631244	6.259898
55.681272	6.296029
55.731022	6.335900
55.780440	6.378350
55.829552	6.415603
55.878368	6.456477
55.926888	6.492772
55.975138	6.530835
56.023112	6.566325
56.070846	6.598598
56.118358	6.625876
56.165684	6.652252
56.212834	6.673449
56.259836	6.694780
56.306684	6.717111
56.353370	6.740458
56.399906	6.763094
56.446238	6.794102
56.492382	6.823319
56.538318	6.854583
56.584032	6.891573
56.629500	6.923773
56.674766	6.958740
56.719784	6.998112
56.764574	7.030688
56.809140	7.068336
56.853480	7.101891
56.897610	7.137388
56.941526	7.169312
56.985258	7.200533
57.028808	7.226371
57.072212	7.251726
57.115478	7.270522
57.158628	7.290431
57.201664	7.310450
57.244574	7.330920
57.287372	7.352194
57.330010	7.379481
57.372512	7.405225
57.414854	7.433259
57.457028	7.466827
57.499010	7.495688
57.540834	7.529101
57.582474	7.561721
57.623976	7.580697
57.665388	7.594625
57.706766	7.592056
57.748188	7.581429
57.789692	7.558446
57.831358	7.525494
57.873218	7.483903
57.915326	7.440653
57.957684	7.391983
58.000320	7.346005
58.043230	7.297544
58.086414	7.250722
58.129888	7.204166
58.173606	7.165061
58.217578	7.123793
58.261794	7.086512
58.306238	7.053102
58.350892	7.013423
58.395800	6.980076
58.440908	6.948889
58.486240	6.911891
58.531802	6.878898
58.577594	6.842341
58.623630	6.807351
58.669910	6.769215
58.716464	6.729196
58.763310	6.683102
58.810492	6.636513
58.858022	6.582836
58.905942	6.530020
58.954246	6.478312
59.002932	6.426102
59.052022	6.375244
59.101458	6.331303
59.151258	6.285951
59.201408	6.243229
59.251886	6.205493
59.302672	6.163128
59.353812	6.125156
59.405248	6.089774
59.457014	6.048969
59.509116	6.011007
59.561562	5.969432
59.614380	5.927981
59.667576	5.883793
59.721202	5.835487
59.775284	5.782214
59.829894	5.726563
59.885052	5.664814
59.940812	5.604382
59.997178	5.543661
60.054150	5.484241
60.111758	5.424770
60.169934	5.372448
60.228700	5.320225
60.288024	5.270952
60.347890	5.225884
60.408276	5.176800
60.469238	5.131644
60.530716	5.088423
60.592754	5.040905
60.655360	4.995536
60.718576	4.945209
60.782446	4.893599
60.847012	4.838877
60.912358	4.779251
60.978564	4.712860
61.045748	4.642107
61.113984	4.566932
61.183370	4.490556
61.253928	4.415450
61.325684	4.341135
61.398686	4.267888
61.472860	4.200889
61.548240	4.135525
61.624786	4.073114
61.702482	4.015123
61.781308	3.954773
61.861356	3.896404
61.942602	3.838044
62.025146	3.775953
62.109064	3.713028
62.194492	3.644116
62.281612	3.571534
62.370596	3.492366
62.461752	3.405447
62.555402	3.308124
62.651976	3.203811
62.751844	3.092423
62.855438	2.977869
62.963138	2.861195
63.075334	2.743653
63.192428	2.627497
63.314630	2.516536
63.442346	2.407757
63.575926	2.300724
63.715922	2.193635
63.863040	2.082456
64.018468	1.968490
64.183492	1.848213
64.360256	1.718408
64.552156	1.574007
64.765300	1.401321
65.012072	1.190809
65.328102	0.902212
65.913906	0.443450
66.509954	0.409710
67.135704	0.810098
67.486264	1.082860
67.756866	1.284443
67.989002	1.449502
68.197286	1.585542
68.388938	1.704571
68.568052	1.812116
68.737216	1.910340
68.898060	2.000938
69.052038	2.084528
69.199948	2.166885
69.342340	2.249071
69.479552	2.331423
69.611930	2.418135
69.739540	2.507817
69.862632	2.599322
69.981444	2.692763
70.096172	2.786582
70.207170	2.877971
70.314746	2.966341
70.419288	3.048018
70.521158	3.123042
70.620716	3.191443
70.718186	3.256684
70.813808	3.316225
70.907756	3.373993
71.000158	3.426768
71.091182	3.478522
71.180822	3.529879
71.269264	3.576494
71.356508	3.625696
71.442574	3.675839
71.527452	3.725268
71.611184	3.779860
71.693674	3.836919
71.774938	3.895245
71.854970	3.956367
71.933750	4.019541
72.011328	4.081369
72.087744	4.141958
72.163090	4.199204
72.237436	4.253097
72.310890	4.302962
72.383488	4.352442
72.455314	4.396418
72.526420	4.441292
72.596842	4.481459
72.666648	4.521188
72.735806	4.562290
72.804408	4.598485
72.872444	4.636900
72.939914	4.676242
73.006802	4.714982
73.073126	4.759556
73.138812	4.805716
73.203864	4.853080
73.268274	4.902304
73.332024	4.953631
73.395146	5.002058
73.457652	5.049980
73.519596	5.094860
73.581000	5.138191
73.641916	5.178165
73.702356	5.217726
73.762358	5.254202
73.821940	5.292440
73.881116	5.325455
73.939934	5.358885
73.998352	5.394589
74.056432	5.424957
74.114164	5.458513
74.171542	5.492679
74.228556	5.525331
74.285222	5.563886
74.341488	5.602983
74.397358	5.642634
74.452828	5.684906
74.507876	5.729070
74.562520	5.770531
74.616768	5.811522
74.670654	5.850266
74.724184	5.887101
74.777404	5.920830
74.830304	5.956303
74.882912	5.987636
74.935232	6.022530
74.987272	6.051066
75.039072	6.080580
75.090588	6.112999
75.141876	6.139761
75.192922	6.169421
75.243718	6.200593
75.294254	6.229611
75.344548	6.264642
75.394548	6.301333
75.444262	6.336922
75.493688	6.376020
75.542806	6.415603
75.591640	6.452234
75.640198	6.487677
75.688530	6.515664
75.736688	6.533008
75.784784	6.535998
75.832884	6.529206
75.881092	6.505949
75.929538	6.470840
75.978256	6.425313
76.027362	6.373950
76.076820	6.326713
76.126692	6.273399
76.176966	6.225167
76.227630	6.177185
76.278690	6.126590
76.330162	6.081522
76.382008	6.036881
76.434242	5.992661
76.486848	5.950888
76.539818	5.911027
76.593170	5.867310
76.646912	5.823588
76.701084	5.776898
76.755690	5.729279
76.810778	5.678535
76.866344	5.629287
76.922420	5.575736
76.979032	5.524748
77.036198	5.467062
77.093972	5.410569
77.152326	5.355048
77.211342	5.293867
77.271018	5.235290
77.331374	5.177994
77.392368	5.117434
77.454114	5.063981
77.516468	5.010035
77.579514	4.957226
77.643220	4.906285
77.707564	4.857883
77.772590	4.806304
77.838306	4.755090
77.904766	4.701153
77.971988	4.645540
78.040082	4.585062
78.109062	4.524053
78.179026	4.458563
78.250032	4.392239
78.322154	4.321073
78.395496	4.248726
78.470072	4.176206
78.546040	4.097658
78.623458	4.020055
78.702392	3.942069
78.782898	3.862392
78.865058	3.786968
78.948834	3.713554
79.034272	3.641497
79.121386	3.572427
79.210180	3.504286
79.300760	3.434711
79.393208	3.363446
79.487724	3.287560
79.584500	3.207605
79.683834	3.122049
79.785988	3.032250
79.891396	2.933874
80.000528	2.829397
80.113938	2.716748
80.232348	2.597689
80.356526	2.470039
80.487658	2.331631
80.627026	2.187586
80.776226	2.036715
80.937380	1.876429
81.113500	1.709338
81.308694	1.531737
81.529928	1.338945
81.790628	1.118936
82.125486	0.847645
82.944002	0.340769
83.567072	0.300172
84.482176	0.652533
84.917912	0.857192
85.258512	1.022707
85.548122	1.169417
85.803256	1.309455
86.032234	1.448807
86.239870	1.589553
86.429916	1.728867
86.605172	1.867217
86.767920	2.004436
86.920054	2.134582
87.063418	2.257800
87.199312	2.373163
87.328922	2.481040
87.453158	2.582739
87.572796	2.674288
87.688554	2.758590
87.800958	2.834758
87.910568	2.902057
88.017818	2.959133
88.123104	3.011092
88.226634	3.058642
88.328564	3.106244
88.428908	3.155857
88.527630	3.208064
88.624710	3.264806
88.719982	3.328734
88.813438	3.395289
88.905034	3.465094
88.994776	3.538706
89.082672	3.609284
89.168894	3.680749
89.253440	3.752231
89.336442	3.819658
89.417994	3.886955
89.498204	3.948113
89.577212	4.007031
89.655112	4.060059
89.732062	4.108053
89.808166	4.148960
89.883556	4.187004
89.958282	4.221323
90.032400	4.256439
90.105898	4.292497
90.178758	4.330245
90.250980	4.370486
90.322454	4.417561
90.393182	4.466677
90.463106	4.518847
90.532204	4.575846
90.600448	4.629248
90.667924	4.684889
90.734584	4.741168
90.800494	4.793105
90.865678	4.847090
90.930172	4.895734
90.994040	4.944276
91.057300	4.988397
91.120036	5.029123
91.182292	5.063981
91.244146	5.095852
91.305626	5.123944
91.366770	5.152348
91.427566	5.182607
91.487998	5.213569
91.548072	5.246656
91.607706	5.286563
91.666914	5.326178
91.725660	5.368959
91.783922	5.416539
91.841668	5.461550
91.898958	5.508474
91.955774	5.552087
92.012230	5.581283
92.068448	5.599388
92.124580	5.597792
92.180812	5.581085
92.237288	5.547577
92.294180	5.500758
92.351608	5.441872
92.409684	5.379624
92.468438	5.314105
92.527936	5.248058
92.588176	5.182949
92.649176	5.117434
92.710950	5.054855
92.773430	4.999034
92.836626	4.943964
92.900502	4.892380
92.965042	4.844548
93.030220	4.793544
93.096100	4.745465
93.162634	4.698341
93.229870	4.647601
93.297838	4.598081
93.366578	4.543419
93.436166	4.487733
93.506662	4.426774
93.578192	4.360416
93.650868	4.286991
93.724854	4.208768
93.800258	4.125640
93.877204	4.042089
93.955750	3.959159
94.035944	3.876499
94.117864	3.795844
94.201430	3.721384
94.286700	3.648518
94.373638	3.579265
94.462238	3.514086
94.552480	3.447677
94.644504	3.382640
94.738312	3.316855
94.834074	3.246721
94.931964	3.174801
95.032222	3.095531
95.135194	3.010803
95.241264	2.917635
95.351016	2.814391
95.465156	2.697989
95.584616	2.570819
95.710404	2.433457
95.843782	2.288356
95.986172	2.136411
96.139282	1.979679
96.305270	1.820158
96.486564	1.660075
96.686860	1.495441
96.911684	1.323054
97.170868	1.135387
97.486944	0.911997
97.964478	0.582346
98.781066	0.268565
99.601826	0.530477
100.127798	0.822002
100.479964	1.012626
100.772130	1.165833
101.028662	1.301298
101.260054	1.427724
101.471822	1.548925
101.667546	1.670829
101.849312	1.793945
102.018970	1.917968
102.178024	2.040711
102.327844	2.160804
102.469682	2.275923
102.604694	2.385235
102.733842	2.486185
102.858000	2.579008
102.977956	2.664218
103.094204	2.744708
103.207266	2.815905
103.317562	2.883835
103.425382	2.945151
103.531054	3.004066
103.634632	3.061981
103.736374	3.115670
103.836318	3.171660
103.934514	3.228371
104.030958	3.285360
104.125720	3.346534
104.218722	3.410030
104.309998	3.474368
104.399578	3.540940
104.487452	3.609615
104.573700	3.677474
104.658376	3.744270
104.741616	3.806515
104.823538	3.864673
104.904298	3.917784
104.983960	3.970166
105.062626	4.018204
105.140350	4.067102
105.217182	4.111494
105.293208	4.154776
105.368416	4.198643
105.442908	4.237607
105.516690	4.278700
105.589758	4.320835
105.662100	4.362717
105.733724	4.410491
105.804540	4.461476
105.874550	4.513653
105.943746	4.567463
106.012106	4.623253
106.079676	4.677634
106.146484	4.728608
106.212670	4.768804
106.278394	4.794714
106.343904	4.801896
106.409426	4.792227
106.475230	4.760566
106.541574	4.715124
106.608680	4.651317
106.676768	4.580917
106.745878	4.509118
106.816140	4.435273
106.887544	4.365263
106.960110	4.295314
107.033860	4.223252
107.108862	4.155876
107.185064	4.089763
107.262506	4.024484
107.341194	3.961455
107.421126	3.899596
107.502370	3.835982
107.584978	3.771329
107.669086	3.701914
107.754826	3.628376
107.842404	3.549421
107.931950	3.469303
108.023672	3.384170
108.117768	3.296737
108.214494	3.202831
108.314184	3.105016
108.417110	3.002975
108.523788	2.893077
108.634620	2.780958
108.750072	2.666842
108.870598	2.550491
108.996750	2.435985
109.128932	2.322289
109.267806	2.208191
109.414140	2.092554
109.568914	1.974379
109.733536	1.851808
109.910004	1.720949
110.101692	1.574686
110.314330	1.405722
110.559186	1.202395
110.864892	0.937806
111.609834	0.379031
112.100986	0.367921
112.864932	0.882371
113.189994	1.130826
113.450724	1.318457
113.678112	1.468473
113.884648	1.589907
114.076842	1.689301
114.258492	1.776396
114.431586	1.857699
114.597360	1.936434
114.756478	2.015185
114.909378	2.096100
115.056344	2.181874
115.197362	2.275033
115.332652	2.372589
115.462402	2.473539
115.586928	2.577104
115.706612	2.675837
115.822036	2.773054
115.933518	2.866887
116.041486	2.956014
116.146314	3.042057
116.248332	3.120126
116.347906	3.193519
116.445310	3.259860
116.540876	3.318537
116.634862	3.368567
116.727532	3.413884
116.819004	3.455261
116.909386	3.497187
116.998658	3.541179
117.086780	3.587931
117.173736	3.638545
117.259386	3.695730
117.343726	3.754742
117.426710	3.816967
117.508314	3.884264
117.588496	3.950496
117.667396	4.016868
117.745070	4.075650
117.821820	4.116235
117.897990	4.138575
117.973986	4.134871
118.050264	4.109128
118.127224	4.060164
118.205304	3.992975
118.284848	3.909982
118.366160	3.820866
118.449408	3.728539
118.534768	3.635345
118.622380	3.539902
118.712350	3.444653
118.804816	3.353035
118.899688	3.269155
118.997020	3.187687
119.096816	3.109749
119.199108	3.035121
119.303950	2.958185
119.411610	2.881455
119.522196	2.802891
119.636024	2.720323
119.753474	2.634150
119.875076	2.538209
120.001642	2.433645
120.134164	2.316535
120.274232	2.182510
120.424084	2.026991
120.587026	1.850521
120.767818	1.652478
120.974336	1.429283
121.222138	1.169182
121.558744	0.833000
122.493864	0.208249
123.439854	0.674857
123.854668	0.950661
124.158774	1.168287
124.410712	1.359232
124.629766	1.533442
124.825608	1.694038
125.004134	1.841216
125.169470	1.972247
125.324616	2.087687
125.471788	2.189538
125.612456	2.282935
125.747728	2.366869
125.878380	2.446114
126.004980	2.519846
126.128044	2.589765
126.247824	2.656918
126.364756	2.719193
126.479008	2.781598
126.590726	2.844254
126.699950	2.907590
126.806752	2.976854
126.910990	3.050979
127.012730	3.126896
127.112006	3.203745
127.208884	3.282957
127.303482	3.361790
127.395972	3.435237
127.486712	3.494541
127.576156	3.535520
127.664880	3.553114
127.753450	3.546937
127.842548	3.512043
127.932840	3.454046
128.024984	3.371314
128.119638	3.273856
128.217172	3.170444
128.318004	3.064669
128.422354	2.960694
128.530470	2.855422
128.642672	2.747444
128.759398	2.640660
128.880918	2.533829
129.007688	2.427027
129.140178	2.320574
129.278930	2.213075
129.424768	2.102131
129.578936	1.983479
129.743680	1.845802
129.922468	1.687704
130.121056	1.504306
130.348960	1.292135
130.627460	1.035258
131.067220	0.631974
131.713930	0.356471
132.360822	0.586090
132.834048	0.966489
133.132490	1.209207
133.377066	1.396152
133.591904	1.551588
133.787140	1.682479
133.968626	1.791960
134.140028	1.882027
134.303800	1.959992
134.461304	2.032236
134.613318	2.103651
134.760154	2.177247
134.901974	2.254268
135.038926	2.336104
135.170938	2.424368
135.298210	2.515327
135.420868	2.609947
135.539072	2.709204
135.653032	2.806898
135.763270	2.899218
135.870294	2.978152
135.974940	3.033479
136.078130	3.063175
136.180866	3.060192
136.284226	3.027224
136.389236	2.964382
136.497042	2.873706
