#Creator: tempmonitorEventBuffer
#Creation time: Tue Nov 29 15:54:38 2016
#Time 0	Temp A0	Time 1	Temp A1
#[s]	[deg C]	[s]	[deg C]
0.251	36.25	0.501	37.53
0.752	36.48	1.002	38.36
1.252	36.83	1.502	39.07
1.753	37.18	2.003	39.80
2.254	37.65	2.504	40.40
2.755	38.24	3.005	40.89
3.255	38.36	3.505	41.39
3.755	38.47	4.006	41.76
4.256	38.71	4.507	42.14
4.757	38.83	5.007	42.39
5.257	39.07	5.508	42.77
5.758	39.19	6.009	43.02
6.259	39.31	6.510	43.28
6.760	39.55	7.010	43.53
7.260	39.55	7.511	43.66
7.761	39.80	8.012	43.92
8.262	39.92	8.513	44.05
8.762	39.92	9.013	44.18
9.263	40.16	9.514	44.44
9.764	40.16	10.014	44.57
10.265	40.28	10.515	44.57
10.765	40.40	11.015	44.83
11.266	40.40	11.516	44.83
11.767	40.53	12.017	44.96
12.268	40.89	12.518	45.09
12.768	40.77	13.018	45.22
13.269	40.77	13.519	45.22
13.770	40.89	14.020	45.36
14.271	41.02	14.520	45.36
14.771	41.14	15.021	45.36
15.272	41.27	15.522	45.62
15.773	41.27	16.023	45.62
16.273	41.39	16.523	45.62
16.773	41.39	17.024	45.75
17.274	41.51	17.525	45.75
17.775	41.64	18.026	45.75
18.275	41.64	18.526	45.75
18.776	41.76	19.027	45.89
19.277	41.76	19.528	45.89
19.778	41.89	20.029	46.02
20.278	41.89	20.529	46.02
20.779	42.01	21.030	46.02
21.280	42.01	21.531	46.02
21.781	42.14	22.031	46.15
22.281	42.14	22.531	46.15
22.782	42.26	23.032	46.15
23.283	42.14	23.533	46.29
23.784	42.26	24.033	46.29
24.284	42.39	24.534	46.42
24.785	42.39	25.035	46.29
25.286	42.39	25.536	46.42
25.786	42.39	26.036	46.29
26.287	42.52	26.537	46.29
26.788	42.52	27.038	46.15
27.289	42.64	27.539	46.15
27.789	42.64	28.039	46.15
28.290	42.64	28.540	46.29
28.790	42.64	29.041	46.29
29.291	42.64	29.542	46.29
29.791	42.77	30.042	46.15
30.292	42.77	30.543	46.29
30.793	42.77	31.044	46.15
31.294	42.77	31.544	46.29
31.794	42.77	32.045	46.29
32.295	42.77	32.546	46.29
32.796	42.90	33.047	46.29
33.297	42.90	33.547	46.29
33.797	42.77	34.048	46.29
34.298	42.90	34.549	46.29
34.799	42.90	35.049	46.29
35.299	42.90	35.549	46.29
35.800	42.90	36.050	46.29
36.301	42.90	36.551	46.29
36.802	42.90	37.052	46.42
37.302	43.02	37.552	46.29
37.803	43.02	38.053	46.42
38.304	42.90	38.554	46.29
38.805	43.02	39.054	46.29
39.305	43.02	39.555	46.29
39.806	43.02	40.056	46.42
40.307	43.02	40.557	46.42
40.808	43.02	41.057	46.29
41.307	43.15	41.558	46.42
41.808	43.02	42.059	46.29
42.309	43.02	42.560	46.42
42.809	43.15	43.060	46.29
43.310	43.15	43.561	46.42
43.811	43.15	44.062	46.42
44.312	43.15	44.563	46.29
44.812	43.15	45.063	46.42
45.313	43.15	45.564	46.42
45.814	43.15	46.065	46.42
46.315	43.15	46.566	46.29
46.815	43.28	47.066	46.56
47.316	43.15	47.566	46.42
47.817	43.28	48.067	46.29
48.318	43.28	48.567	46.42
48.818	43.28	49.068	46.42
49.319	43.28	49.569	46.42
49.820	43.28	50.070	46.42
50.321	43.28	50.570	46.42
50.821	43.28	51.071	46.42
51.322	43.28	51.572	46.42
51.823	43.28	52.073	46.42
52.323	43.28	52.573	46.42
52.824	43.28	53.074	46.42
53.324	43.41	53.575	46.42
53.825	43.41	54.076	46.42
54.325	43.41	54.576	46.56
54.826	43.28	55.077	46.42
55.327	43.41	55.578	46.42
55.828	43.41	56.078	46.42
56.328	43.41	56.579	46.42
56.829	43.41	57.080	46.42
57.330	43.41	57.581	46.56
57.831	43.41	58.081	46.42
58.331	43.28	58.582	46.42
58.832	43.28	59.083	46.42
59.333	43.41	59.583	46.42
59.833	43.41	60.083	46.42
60.334	43.41	60.584	46.42
60.835	43.41	61.085	46.42
61.336	43.41	61.586	46.42
61.836	43.41	62.086	46.42
62.337	43.41	62.587	46.42
62.838	43.41	63.088	46.42
63.339	43.53	63.588	46.56
63.839	43.41	64.089	46.42
64.340	43.53	64.590	46.42
64.841	43.53	65.091	46.42
65.342	43.53	65.591	46.42
65.842	43.53	66.092	46.42
66.342	43.66	66.593	46.42
66.843	43.66	67.094	46.42
67.343	43.66	67.594	46.42
67.844	43.66	68.095	46.42
68.345	43.66	68.596	46.42
68.846	43.66	69.097	46.42
69.346	43.66	69.597	46.42
69.847	43.66	70.098	46.56
70.348	43.66	70.599	46.42
70.849	43.66	71.100	46.42
71.349	43.66	71.600	46.42
71.850	43.66	72.101	46.56
72.351	43.66	72.601	46.42
72.852	43.79	73.101	46.42
73.352	43.66	73.602	46.42
73.853	43.79	74.103	46.42
74.354	43.66	74.604	46.42
74.855	43.66	75.104	46.42
75.355	43.66	75.605	46.42
75.856	43.66	76.106	46.42
76.357	43.66	76.607	46.42
76.857	43.66	77.107	46.42
77.358	43.66	77.608	46.42
77.858	43.66	78.109	46.42
78.359	43.66	78.610	46.42
78.859	43.66	79.110	46.42
79.360	43.66	79.611	46.42
79.861	43.79	80.112	46.42
80.362	43.79	80.612	46.42
80.862	43.79	81.113	46.42
81.363	43.66	81.614	46.42
81.864	43.79	82.115	46.42
82.365	43.79	82.615	46.42
82.865	43.79	83.116	46.42
83.366	43.66	83.617	46.42
83.867	43.79	84.117	46.42
84.367	43.79	84.617	46.42
84.868	43.79	85.118	46.42
85.369	43.79	85.619	46.42
85.870	43.66	86.120	46.42
86.370	43.79	86.620	46.42
86.871	43.79	87.121	46.42
87.372	43.79	87.622	46.42
87.873	43.66	88.122	46.42
88.373	43.66	88.623	46.42
88.874	43.66	89.124	46.42
89.374	43.79	89.625	46.42
89.875	43.66	90.125	46.42
90.375	43.79	90.626	46.42
90.876	43.66	91.127	46.42
91.377	43.79	91.628	46.42
91.878	43.79	92.128	46.42
92.378	43.79	92.629	46.42
92.879	43.79	93.130	46.42
93.380	43.79	93.631	46.42
93.880	43.79	94.131	46.42
94.381	43.79	94.632	46.29
94.882	43.79	95.133	46.42
95.383	43.79	95.633	46.42
95.883	43.79	96.133	46.42
96.384	43.66	96.634	46.42
96.885	43.79	97.135	46.42
97.386	43.79	97.635	46.42
97.886	43.92	98.136	46.42
98.387	43.79	98.637	46.42
98.888	43.92	99.138	46.42
99.389	43.79	99.638	46.42
99.889	43.92	100.139	46.42
100.390	43.79	100.640	46.42
100.891	43.92	101.141	46.42
101.391	43.79	101.641	46.42
101.892	43.92	102.142	46.42
102.392	43.92	102.643	46.29
102.893	43.92	103.144	46.42
103.393	43.92	103.644	46.42
103.894	43.92	104.145	46.42
104.395	43.92	104.646	46.42
104.896	43.92	105.146	46.42
105.396	43.92	105.647	46.42
105.897	43.92	106.148	46.42
106.398	43.92	106.649	46.42
106.899	43.92	107.149	46.42
107.399	44.05	107.650	46.42
107.900	44.05	108.150	46.42
108.401	44.05	108.651	46.56
108.902	44.05	109.151	46.56
109.402	43.92	109.652	46.42
109.903	44.05	110.153	46.42
110.404	44.05	110.654	46.42
110.904	44.05	111.154	46.42
111.405	44.05	111.655	46.42
111.906	44.05	112.156	46.56
112.407	44.05	112.657	46.42
112.907	44.05	113.157	46.42
113.408	44.05	113.658	46.42
113.909	44.05	114.159	46.42
114.409	44.05	114.659	46.42
114.909	44.18	115.160	46.42
115.410	44.05	115.661	46.56
115.911	44.05	116.162	46.42
116.412	44.05	116.662	46.42
116.912	44.05	117.163	46.42
117.413	44.05	117.664	46.42
117.914	44.05	118.165	46.42
118.414	43.92	118.665	46.42
118.915	43.92	119.166	46.42
119.416	44.05	119.667	46.42
119.917	43.92	120.167	46.42
120.417	43.92	120.667	46.42
120.918	43.92	121.168	46.42
121.419	43.92	121.669	46.42
121.920	43.92	122.169	46.56
122.420	43.92	122.670	46.42
122.921	43.92	123.171	46.42
123.422	43.92	123.672	46.42
123.923	43.92	124.172	46.42
124.423	44.05	124.673	46.42
124.924	44.05	125.174	46.42
125.425	43.92	125.675	46.42
125.926	44.05	126.175	46.42
126.425	43.92	126.676	46.42
126.926	43.92	127.177	46.56
127.427	43.92	127.678	46.42
127.927	43.92	128.178	46.42
128.428	43.92	128.679	46.42
128.929	43.92	129.180	46.42
129.430	43.92	129.681	46.42
129.930	43.92	130.181	46.42
130.431	43.92	130.682	46.42
130.932	43.92	131.183	46.42
131.433	43.92	131.683	46.56
131.933	43.92	132.184	46.42
132.434	43.92	132.684	46.42
132.935	43.79	133.185	46.42
133.436	43.79	133.685	46.42
133.936	43.79	134.186	46.42
134.437	43.79	134.687	46.42
134.938	43.66	135.188	46.42
135.438	43.79	135.688	46.42
135.939	43.66	136.189	46.42
136.440	43.66	136.690	46.56
136.941	43.66	137.191	46.42
137.441	43.66	137.691	46.42
137.942	43.66	138.192	46.56
138.442	43.66	138.693	46.42
138.943	43.53	139.193	46.56
139.443	43.53	139.694	46.42
139.944	43.53	140.195	46.42
140.445	43.53	140.696	46.29
140.946	43.66	141.196	46.42
141.446	43.53	141.697	46.56
141.947	43.53	142.198	46.56
142.448	43.53	142.699	46.42
142.948	43.66	143.199	46.42
143.449	43.53	143.700	46.56
143.950	43.53	144.201	46.56
144.451	43.53	144.701	46.56
144.951	43.53	145.201	46.42
145.452	43.53	145.702	46.56
145.953	43.53	146.203	46.42
146.454	43.53	146.703	46.56
146.954	43.53	147.204	46.56
147.455	43.53	147.705	46.56
147.956	43.53	148.206	46.42
148.457	43.53	148.706	46.56
148.957	43.53	149.207	46.42
149.458	43.53	149.708	46.42
