#Creator: pendulumviewEventBuffer
#Creation time: Tue Feb 21 15:21:51 2017
#Time A	Pos A	Time B	Pos B
#[s]	[au]	[s]	[au]
0.026	529	0.051	511
0.077	551	0.101	512
0.127	567	0.153	511
0.178	576	0.203	512
0.228	580	0.254	512
0.280	575	0.304	512
0.330	564	0.355	513
0.381	548	0.405	512
0.431	525	0.457	512
0.482	500	0.507	512
0.532	468	0.558	511
0.584	440	0.608	511
0.634	408	0.659	511
0.685	380	0.710	511
0.735	354	0.761	511
0.786	334	0.811	512
0.837	319	0.862	511
0.888	310	0.912	512
0.938	307	0.964	511
0.989	312	1.014	512
1.039	322	1.065	512
1.091	339	1.115	511
1.141	360	1.166	511
1.192	386	1.216	511
1.242	415	1.268	510
1.293	446	1.319	512
1.343	476	1.369	512
1.395	505	1.420	511
1.445	531	1.470	513
1.496	551	1.522	512
1.546	566	1.572	513
1.597	576	1.623	512
1.648	578	1.673	513
1.699	574	1.724	512
1.749	561	1.775	513
1.800	546	1.826	512
1.850	523	1.876	513
1.902	496	1.927	513
1.952	468	1.977	512
2.003	437	2.029	512
2.053	407	2.079	512
2.104	378	2.130	511
2.154	353	2.180	510
2.206	333	2.231	512
2.256	319	2.281	511
2.307	310	2.333	510
2.357	308	2.383	510
2.408	314	2.434	511
2.459	324	2.484	511
2.510	341	2.535	512
2.560	365	2.586	513
2.611	391	2.637	511
2.661	420	2.687	513
2.713	450	2.738	513
2.763	479	2.788	513
2.814	508	2.840	512
2.864	533	2.890	513
2.915	552	2.941	513
2.965	566	2.991	513
3.017	574	3.042	513
3.067	576	3.092	512
3.118	570	3.144	513
3.168	557	3.194	512
3.219	540	3.245	511
3.270	517	3.295	510
3.321	490	3.346	510
3.371	460	3.397	509
3.422	430	3.448	511
3.472	402	3.498	511
3.524	375	3.549	512
3.574	353	3.599	512
3.625	334	3.651	513
3.675	321	3.701	512
3.726	313	3.752	513
3.776	312	3.802	512
3.828	317	3.853	511
3.878	330	3.903	512
3.929	348	3.955	512
3.979	370	4.005	511
4.030	396	4.056	511
4.081	424	4.106	512
4.132	453	4.157	512
4.182	482	4.208	513
4.233	509	4.259	512
4.283	532	4.309	511
4.335	551	4.360	512
4.385	564	4.410	512
4.436	570	4.462	511
4.486	572	4.512	512
4.537	566	4.563	510
4.587	553	4.613	511
4.639	535	4.664	511
4.689	513	4.714	510
4.740	487	4.766	511
4.790	458	4.816	511
4.841	429	4.867	511
4.892	401	4.917	512
4.943	375	4.968	512
4.994	352	5.019	512
5.044	335	5.070	513
5.095	323	5.120	514
5.146	316	5.171	514
5.197	315	5.221	512
5.247	323	5.273	513
5.298	333	5.323	512
5.348	352	5.374	512
5.400	374	5.424	512
5.450	398	5.475	511
5.501	426	5.525	510
5.551	456	5.577	510
5.602	484	5.627	510
5.652	511	5.678	511
5.704	533	5.728	511
5.754	551	5.779	510
5.805	564	5.830	511
5.855	569	5.881	511
5.906	569	5.931	511
5.957	563	5.982	511
6.008	550	6.032	512
6.058	532	6.084	511
6.109	508	6.134	511
6.159	482	6.185	513
6.211	454	6.235	512
6.261	424	6.286	513
6.312	398	6.336	512
6.362	373	6.388	513
6.413	350	6.438	513
6.463	334	6.489	513
6.515	322	6.539	512
6.565	317	6.590	512
6.616	318	6.641	511
6.666	324	6.692	509
6.717	336	6.742	509
6.768	356	6.793	510
6.819	378	6.843	510
6.869	404	6.895	510
6.920	431	6.945	511
6.970	460	6.996	510
7.022	489	7.046	513
7.072	515	7.097	512
7.123	536	7.147	512
7.173	552	7.199	513
7.224	563	7.249	512
7.274	567	7.300	513
7.326	568	7.350	513
7.376	560	7.401	513
7.427	546	7.452	512
7.477	528	7.503	513
7.528	503	7.553	512
7.579	477	7.604	513
7.630	449	7.654	511
7.680	421	7.706	511
7.731	394	7.756	511
7.781	371	7.807	511
7.833	349	7.857	510
7.883	334	7.908	511
7.934	323	7.958	511
7.984	320	8.010	510
8.035	320	8.061	510
8.085	328	8.111	511
8.137	341	8.162	511
8.187	360	8.212	511
8.238	383	8.264	510
8.288	409	8.314	513
8.339	436	8.365	512
8.390	463	8.415	511
8.441	491	8.466	511
8.491	515	8.517	512
8.542	535	8.568	512
8.592	551	8.618	513
8.644	560	8.669	512
8.694	565	8.719	513
8.745	563	8.771	512
8.795	555	8.821	512
8.846	541	8.872	513
8.896	523	8.922	512
8.948	500	8.973	511
8.998	474	9.023	512
9.049	447	9.075	511
9.099	420	9.125	512
9.150	393	9.176	512
9.201	370	9.226	511
9.252	350	9.277	511
9.302	335	9.328	511
9.353	323	9.379	511
9.403	321	9.429	511
9.455	323	9.480	511
9.505	331	9.530	512
9.556	344	9.582	511
9.606	363	9.632	511
9.657	386	9.683	512
9.707	411	9.733	512
9.759	439	9.784	512
9.809	466	9.834	512
9.860	492	9.886	513
9.910	517	9.936	512
9.961	537	9.987	512
10.012	551	10.037	512
10.063	560	10.088	511
10.113	564	10.139	510
10.164	562	10.190	511
10.214	552	10.240	511
10.266	538	10.291	511
10.316	520	10.341	511
10.367	497	10.393	512
10.417	470	10.443	513
10.468	444	10.494	511
10.518	416	10.544	512
10.570	391	10.595	512
10.620	368	10.645	511
10.671	349	10.697	511
10.721	334	10.747	511
10.772	325	10.798	510
10.823	322	10.848	512
10.874	326	10.899	511
10.924	334	10.950	511
10.975	348	11.001	511
11.025	368	11.051	512
11.077	391	11.102	512
11.127	415	11.152	512
11.178	443	11.204	513
11.228	470	11.254	512
11.279	495	11.305	511
11.330	517	11.355	511
11.381	538	11.406	512
11.431	550	11.456	511
11.482	559	11.508	511
11.532	562	11.558	512
11.583	558	11.609	511
11.634	549	11.659	511
11.685	534	11.710	511
11.735	513	11.761	511
11.786	492	11.812	511
11.836	466	11.862	513
11.888	440	11.913	512
11.938	413	11.963	512
11.989	388	12.015	513
12.039	368	12.065	513
12.090	349	12.116	512
12.141	336	12.166	511
12.192	328	12.217	511
12.242	325	12.267	511
12.293	329	12.319	512
12.343	338	12.369	512
12.394	353	12.420	510
12.445	371	12.470	511
12.496	395	12.521	512
12.547	419	12.572	511
12.597	446	12.623	511
12.648	472	12.673	512
12.699	496	12.724	511
12.750	519	12.774	511
12.800	535	12.826	511
12.851	549	12.876	511
12.901	556	12.927	511
12.953	559	12.977	513
13.003	555	13.028	510
13.054	545	13.078	512
13.104	531	13.130	512
13.155	511	13.180	512
13.205	488	13.231	512
13.257	463	13.281	512
13.307	437	13.332	513
13.358	411	13.383	513
13.408	388	13.434	512
13.459	366	13.484	511
13.510	350	13.535	511
13.561	335	13.585	512
13.611	329	13.637	511
13.662	327	13.687	511
13.712	332	13.738	511
13.764	341	13.788	511
13.814	356	13.839	512
13.865	375	13.890	511
13.915	398	13.941	511
13.966	423	13.991	511
14.016	448	14.042	512
14.068	474	14.092	512
14.118	498	14.143	512
14.169	520	14.194	512
14.219	537	14.245	512
14.270	549	14.295	512
14.321	556	14.346	511
14.372	557	14.396	512
14.422	552	14.448	512
14.473	542	14.498	511
14.523	526	14.549	511
14.575	507	14.599	513
14.625	484	14.650	512
14.676	459	14.701	511
14.726	433	14.752	511
14.777	407	14.802	512
14.827	384	14.853	510
14.879	365	14.903	512
14.929	349	14.954	511
14.980	338	15.005	512
15.030	331	15.056	512
15.081	330	15.106	511
15.132	335	15.157	513
15.183	346	15.207	511
15.233	361	15.259	511
15.284	381	15.309	511
15.334	403	15.360	512
15.386	427	15.410	511
15.436	452	15.461	512
15.487	477	15.512	511
15.537	500	15.563	511
15.588	521	15.614	512
15.638	538	15.664	512
15.690	547	15.715	513
15.740	554	15.765	512
15.791	554	15.817	512
15.841	548	15.867	512
15.892	538	15.918	511
15.943	523	15.968	511
15.994	502	16.019	512
16.044	479	16.070	512
16.095	456	16.121	511
16.145	430	16.171	510
16.197	405	16.222	511
16.247	384	16.272	512
16.298	364	16.324	511
16.348	349	16.374	512
16.399	339	16.425	510
16.450	333	16.475	511
16.501	331	16.526	512
16.551	338	16.576	511
16.602	348	16.628	510
16.652	364	16.678	511
16.703	383	16.729	510
16.754	405	16.779	512
16.805	430	16.830	512
16.855	455	16.881	512
16.906	478	16.932	513
16.956	502	16.982	512
17.008	521	17.033	512
17.058	536	17.083	511
17.109	547	17.135	512
17.159	552	17.185	511
17.210	552	17.236	511
17.261	546	17.286	511
17.312	534	17.337	510
17.362	519	17.387	511
17.413	499	17.439	512
17.463	476	17.489	512
17.514	453	17.540	512
17.565	429	17.590	511
17.616	403	17.641	512
17.666	381	17.692	511
17.717	363	17.743	512
17.767	349	17.793	511
17.819	338	17.844	511
17.869	334	17.894	512
17.920	336	17.946	511
17.970	341	17.996	512
18.021	352	18.047	512
18.072	367	18.097	511
18.123	387	18.148	512
18.173	410	18.198	511
18.224	434	18.250	512
18.274	458	18.300	512
18.325	482	18.351	511
18.376	502	18.401	512
18.427	521	18.452	512
18.477	536	18.503	512
18.528	546	18.554	512
18.578	550	18.604	512
18.630	550	18.655	511
18.680	542	18.705	511
18.731	531	18.757	511
18.781	515	18.807	510
18.832	494	18.858	512
18.883	474	18.908	512
18.934	448	18.959	511
18.984	424	19.010	511
19.035	401	19.061	512
19.085	381	19.111	511
19.136	363	19.162	511
19.187	350	19.212	511
19.238	340	19.263	511
19.289	337	19.314	512
19.339	337	19.365	512
19.390	344	19.415	510
19.441	355	19.466	512
19.492	371	19.516	511
19.542	390	19.568	511
19.593	413	19.618	511
19.643	437	19.669	511
19.695	461	19.719	512
19.745	484	19.770	511
19.796	504	19.821	512
19.846	522	19.872	511
19.897	536	19.922	511
19.947	544	19.973	511
19.999	549	20.023	511
20.049	546	20.074	512
20.100	540	20.125	512
20.150	527	20.176	512
20.201	511	20.226	511
20.252	491	20.277	512
20.303	469	20.327	511
20.353	445	20.379	511
20.404	422	20.429	512
20.454	400	20.480	511
20.506	379	20.530	512
20.556	363	20.581	511
20.607	349	20.632	511
20.657	341	20.683	512
20.708	338	20.733	512
20.758	340	20.784	512
20.810	348	20.834	511
20.860	359	20.885	511
20.911	375	20.936	511
20.961	395	20.987	511
21.012	417	21.037	511
21.063	441	21.088	512
21.114	464	21.138	511
21.164	485	21.190	512
21.215	505	21.240	512
21.265	523	21.291	512
21.317	535	21.341	512
21.367	544	21.392	511
21.418	547	21.443	512
21.468	543	21.494	512
21.519	536	21.544	510
21.570	524	21.595	512
21.621	506	21.645	512
21.671	487	21.696	511
21.722	465	21.747	512
21.772	443	21.798	511
21.823	419	21.848	512
21.874	398	21.899	512
21.925	378	21.949	512
21.975	362	22.001	511
22.026	350	22.051	511
22.076	343	22.102	512
22.128	340	22.152	511
22.178	343	22.203	511
22.229	351	22.254	512
22.279	363	22.305	511
22.330	380	22.356	512
22.381	398	22.406	510
22.432	420	22.457	512
22.482	443	22.507	511
22.533	466	22.559	511
22.583	487	22.609	511
22.634	507	22.660	511
22.685	523	22.710	511
22.736	534	22.761	512
22.786	543	22.812	511
22.837	544	22.863	513
22.887	541	22.913	511
22.939	534	22.964	511
22.989	520	23.014	511
23.040	503	23.066	511
23.090	484	23.116	512
23.141	463	23.167	511
23.192	439	23.217	511
23.243	417	23.268	512
23.293	396	23.318	511
23.344	377	23.370	511
23.394	362	23.420	512
23.445	351	23.471	511
23.496	345	23.521	511
23.547	343	23.572	511
23.597	346	23.623	512
23.648	355	23.674	510
23.698	367	23.724	512
23.750	383	23.775	511
23.800	401	23.825	511
23.851	423	23.877	512
23.901	446	23.927	511
23.952	468	23.978	512
24.003	489	24.028	512
24.054	508	24.079	512
24.104	522	24.130	511
24.155	534	24.181	511
24.205	541	24.231	512
24.256	542	24.282	512
24.307	539	24.332	511
24.358	531	24.383	512
24.408	517	24.434	511
24.459	499	24.485	512
24.509	481	24.535	512
24.561	459	24.586	511
24.611	436	24.636	512
24.662	414	24.688	512
24.712	394	24.738	511
24.763	377	24.789	512
24.814	362	24.839	511
24.865	352	24.890	511
24.915	345	24.941	511
24.966	344	24.992	511
25.016	348	25.042	511
25.067	357	25.093	510
25.118	370	25.143	511
25.169	385	25.194	511
25.219	406	25.245	510
25.270	426	25.296	512
25.320	448	25.346	511
25.372	470	25.397	512
25.422	490	25.447	512
25.473	509	25.499	512
25.523	523	25.549	512
25.574	534	25.600	511
25.625	539	25.650	512
25.676	540	25.701	511
25.726	536	25.752	512
25.777	528	25.803	511
25.827	514	25.853	511
25.878	497	25.904	510
25.929	477	25.954	513
25.980	456	26.005	512
26.030	434	26.056	511
26.081	413	26.107	512
26.131	394	26.157	510
26.183	375	26.208	511
26.233	363	26.258	511
26.284	352	26.310	511
26.334	348	26.360	511
26.385	348	26.411	511
26.436	351	26.461	511
26.487	361	26.512	511
26.537	374	26.563	512
26.588	390	26.614	512
26.638	409	26.664	512
26.690	431	26.715	512
26.740	452	26.765	511
26.791	472	26.816	512
26.841	492	26.867	512
26.892	509	26.918	512
26.942	523	26.968	511
26.994	532	27.019	511
27.044	536	27.069	512
27.095	537	27.121	511
27.145	532	27.171	512
27.196	522	27.222	513
27.247	510	27.272	512
27.298	493	27.323	512
27.348	474	27.374	511
27.399	453	27.425	512
27.449	432	27.475	511
27.501	410	27.526	511
27.551	392	27.576	511
27.602	375	27.627	510
27.652	362	27.678	511
27.703	353	27.729	511
27.753	350	27.779	511
27.805	348	27.830	511
27.855	354	27.880	510
27.906	363	27.932	511
27.956	376	27.982	512
28.007	393	28.033	511
28.058	413	28.083	512
28.109	432	28.134	512
28.159	454	28.185	512
28.210	475	28.236	512
28.260	494	28.286	512
28.312	510	28.337	511
28.362	523	28.387	512
28.413	533	28.438	511
28.463	536	28.489	512
28.514	536	28.540	511
28.564	531	28.590	511
28.616	520	28.641	511
28.666	506	28.691	510
28.717	489	28.743	511
28.767	469	28.793	509
28.818	448	28.844	510
28.869	427	28.894	511
28.920	408	28.945	511
28.970	390	28.996	512
29.021	375	29.047	512
29.071	363	29.097	513
29.123	355	29.148	513
29.173	352	29.198	513
29.224	353	29.250	513
29.274	358	29.300	512
29.325	368	29.351	511
29.375	381	29.401	513
29.427	398	29.452	512
29.477	416	29.502	512
29.528	436	29.554	512
29.578	457	29.604	511
29.629	476	29.655	511
29.680	495	29.705	511
29.731	510	29.756	511
29.781	522	29.807	511
29.832	530	29.858	511
29.882	533	29.908	511
29.934	532	29.959	511
29.984	527	30.009	511
30.035	516	30.061	513
30.085	503	30.111	511
30.136	487	30.162	511
30.186	467	30.212	511
30.238	447	30.263	512
30.288	426	30.313	512
30.339	408	30.365	512
30.389	390	30.415	512
30.440	374	30.466	512
30.491	363	30.516	513
30.542	355	30.567	513
30.592	352	30.618	512
30.643	353	30.669	513
30.693	359	30.719	512
30.745	369	30.770	510
30.795	383	30.820	512
30.846	400	30.872	511
30.896	418	30.922	511
30.947	439	30.973	510
30.997	460	31.023	511
31.049	479	31.074	510
31.099	496	31.124	511
31.150	512	31.176	510
31.200	522	31.226	510
31.251	530	31.277	511
31.303	532	31.327	510
31.353	530	31.378	511
31.404	524	31.429	512
31.454	514	31.480	512
31.505	499	31.530	513
31.556	483	31.581	512
31.607	464	31.631	512
31.657	443	31.683	512
31.708	424	31.733	512
31.758	405	31.784	512
31.810	387	31.834	512
31.860	373	31.885	511
31.911	363	31.935	511
31.961	356	31.987	511
32.012	354	32.037	511
32.062	356	32.088	510
32.114	362	32.138	511
32.164	374	32.189	511
32.215	387	32.240	511
32.265	404	32.291	510
32.316	422	32.341	511
32.367	443	32.392	511
32.418	462	32.442	511
32.468	481	32.494	511
32.519	498	32.544	512
32.569	511	32.595	512
32.621	522	32.645	512
32.671	528	32.696	512
32.722	530	32.746	513
32.772	527	32.798	512
32.823	521	32.848	511
32.873	509	32.899	511
32.925	495	32.949	511
32.975	478	33.000	511
33.026	460	33.051	511
33.076	441	33.102	511
33.127	421	33.152	511
33.178	402	33.203	510
33.229	386	33.253	511
33.279	373	33.305	511
33.330	364	33.355	510
33.380	358	33.406	511
33.432	356	33.456	510
33.482	359	33.507	511
33.533	366	33.557	511
33.583	377	33.609	511
33.634	390	33.659	511
33.684	407	33.710	512
33.736	426	33.760	512
33.786	445	33.811	512
33.837	465	33.862	513
33.887	482	33.913	512
33.938	498	33.963	512
33.989	512	34.014	513
34.040	521	34.064	512
34.090	526	34.116	512
34.141	528	34.166	512
34.191	525	34.217	511
34.243	518	34.267	511
34.293	506	34.318	511
34.344	491	34.368	511
34.394	475	34.420	511
34.445	458	34.471	510
34.495	439	34.521	512
34.547	419	34.572	511
34.597	402	34.622	512
34.648	388	34.674	513
34.698	375	34.724	513
34.749	366	34.775	512
34.800	359	34.825	512
34.851	359	34.876	512
34.901	362	34.927	510
34.952	369	34.978	511
35.002	378	35.028	510
35.054	393	35.079	510
35.104	408	35.129	510
35.155	427	35.181	510
35.205	445	35.231	509
35.256	463	35.282	511
35.306	481	35.332	510
35.358	497	35.383	511
35.408	510	35.433	511
35.459	520	35.485	512
35.509	525	35.535	510
35.560	526	35.586	512
35.611	523	35.636	512
35.662	516	35.687	512
35.712	505	35.738	512
35.763	492	35.789	512
35.813	475	35.839	512
35.865	455	35.890	512
35.915	438	35.940	511
35.966	418	35.992	511
36.016	400	36.042	509
36.067	385	36.093	510
36.117	372	36.143	510
36.169	364	36.194	511
36.219	359	36.244	511
36.270	358	36.296	510
36.320	363	36.346	511
36.371	370	36.397	511
36.422	381	36.447	511
36.473	397	36.498	512
36.523	414	36.549	511
36.574	431	36.600	512
36.624	450	36.650	511
36.676	469	36.701	512
36.726	484	36.751	512
36.777	500	36.803	511
36.827	512	36.853	512
36.878	519	36.904	510
36.928	523	36.954	512
36.980	524	37.005	512
37.030	518	37.055	512
37.081	511	37.107	512
37.131	499	37.157	512
37.182	486	37.208	513
37.233	470	37.258	512
37.284	452	37.309	513
37.334	435	37.360	512
37.385	417	37.411	512
37.435	400	37.461	512
37.487	386	37.512	511
37.537	376	37.562	510
37.588	367	37.614	510
37.638	363	37.664	510
37.689	363	37.715	510
37.739	367	37.765	511
37.791	376	37.816	511
37.841	386	37.866	512
37.892	399	37.918	511
37.942	416	37.968	513
37.993	433	38.019	512
38.044	451	38.069	512
38.095	468	38.120	512
38.146	485	38.171	512
38.196	498	38.222	511
38.247	510	38.272	511
38.298	518	38.323	511
38.349	521	38.373	511
38.399	521	38.425	511
38.450	517	38.475	512
38.500	510	38.526	510
38.552	498	38.576	512
38.602	485	38.627	511
38.653	468	38.677	512
38.703	450	38.729	511
38.754	434	38.779	512
38.804	416	38.830	511
38.856	399	38.880	511
38.906	386	38.931	511
38.957	374	38.982	511
39.007	367	39.033	511
39.058	364	39.083	511
39.109	364	39.134	512
39.160	369	39.184	511
39.210	375	39.236	512
39.261	388	39.286	512
39.311	402	39.337	512
39.363	418	39.387	513
39.413	436	39.438	512
39.464	453	39.488	511
39.514	471	39.540	512
39.565	486	39.590	512
39.615	500	39.641	511
39.667	510	39.691	511
39.717	516	39.742	511
39.768	520	39.793	511
39.818	520	39.844	511
39.869	515	39.894	510
39.920	507	39.945	512
39.971	494	39.995	510
40.021	480	40.047	511
40.072	464	40.097	512
40.122	446	40.148	512
40.174	431	40.198	512
40.224	413	40.249	511
40.275	398	40.299	511
40.325	385	40.351	511
40.376	376	40.401	512
40.426	368	40.452	512
40.478	366	40.502	512
40.528	367	40.553	512
40.579	373	40.604	511
40.629	380	40.655	512
40.680	391	40.705	512
40.731	406	40.756	512
40.782	421	40.806	513
40.832	439	40.858	511
40.883	455	40.908	512
40.933	472	40.959	512
40.985	488	41.009	512
41.035	499	41.060	511
41.086	509	41.110	511
41.136	516	41.162	511
41.187	518	41.213	512
41.237	517	41.263	512
41.289	512	41.314	510
41.339	503	41.364	512
41.390	492	41.416	511
41.440	478	41.466	513
41.491	461	41.517	512
41.542	446	41.567	512
41.593	428	41.618	511
41.643	413	41.669	512
41.694	397	41.720	512
41.744	385	41.770	511
41.796	376	41.821	512
41.846	370	41.871	511
41.897	368	41.923	512
41.947	369	41.973	512
41.998	374	42.024	512
42.048	383	42.074	511
42.100	395	42.125	511
42.150	408	42.175	510
42.201	424	42.227	511
42.251	440	42.277	511
42.302	458	42.328	511
42.353	472	42.378	511
42.404	487	42.429	511
42.454	500	42.480	513
42.505	509	42.531	511
42.555	515	42.581	512
42.607	516	42.632	512
42.657	515	42.682	512
42.708	510	42.734	512
42.758	500	42.784	512
42.809	489	42.835	512
42.859	475	42.885	511
42.911	459	42.936	512
42.961	443	42.986	512
43.012	426	43.038	511
43.062	411	43.088	512
43.113	397	43.139	511
43.164	385	43.189	512
43.215	376	43.240	511
43.265	371	43.291	511
43.316	369	43.342	512
43.366	372	43.392	511
43.418	377	43.443	511
43.468	386	43.493	511
43.519	398	43.545	511
43.569	412	43.595	512
43.620	426	43.646	511
43.670	444	43.696	512
43.722	460	43.747	512
43.772	475	43.797	512
43.823	489	43.849	512
43.873	500	43.899	512
43.924	508	43.950	512
43.975	514	44.000	512
44.026	515	44.051	512
44.076	512	44.102	512
44.127	507	44.153	511
44.177	498	44.203	512
44.229	486	44.254	512
44.279	472	44.304	512
44.330	456	44.356	512
44.380	440	44.406	510
44.431	424	44.457	512
44.482	410	44.507	511
44.533	396	44.558	511
44.583	385	44.608	511
44.634	377	44.660	511
44.684	372	44.710	511
44.735	371	44.761	511
44.786	375	44.811	511
44.837	380	44.862	512
44.887	388	44.913	512
44.938	402	44.964	512
44.988	414	45.014	511
45.040	429	45.065	512
45.090	446	45.115	512
45.141	462	45.167	511
45.191	475	45.217	512
45.242	489	45.268	511
45.293	499	45.318	511
45.344	507	45.369	511
45.394	512	45.419	512
45.445	512	45.471	511
45.495	510	45.521	511
45.546	505	45.572	512
45.597	495	45.622	511
45.648	483	45.673	512
45.699	470	45.724	512
45.749	453	45.775	510
45.800	439	45.825	512
45.851	423	45.876	512
45.902	408	45.926	511
45.952	396	45.978	511
46.003	386	46.028	511
46.053	378	46.079	512
46.105	374	46.129	511
46.155	373	46.180	512
46.206	376	46.230	511
46.256	383	46.282	512
46.307	391	46.332	512
46.357	403	46.383	512
46.409	417	46.433	512
46.459	431	46.484	512
46.510	448	46.535	511
46.560	462	46.586	512
46.611	477	46.636	511
46.662	490	46.687	511
46.713	499	46.737	511
46.763	506	46.789	512
46.814	510	46.839	511
46.864	511	46.890	511
46.916	507	46.940	512
46.966	502	46.991	512
47.017	493	47.042	512
47.067	481	47.093	513
47.118	468	47.143	511
47.168	452	47.194	511
47.220	436	47.244	512
47.270	421	47.295	513
47.321	407	47.346	512
47.371	396	47.397	510
47.422	386	47.447	511
47.473	378	47.498	511
47.524	375	47.548	512
47.574	375	47.600	511
47.625	378	47.650	511
47.675	385	47.701	512
47.727	395	47.751	511
47.777	406	47.802	512
47.828	418	47.853	512
47.878	433	47.904	511
47.929	450	47.954	511
47.979	464	48.005	511
48.031	478	48.055	512
48.081	489	48.106	512
48.132	499	48.157	511
48.182	506	48.208	511
48.233	509	48.258	512
48.284	509	48.309	511
48.335	505	48.359	512
48.385	499	48.411	511
48.436	489	48.461	511
48.486	477	48.512	512
48.538	464	48.562	512
48.588	450	48.613	512
48.639	434	48.664	512
48.689	419	48.715	512
48.740	407	48.766	512
48.790	395	48.816	512
48.842	386	48.867	511
48.892	380	48.917	511
48.943	377	48.969	511
48.993	377	49.019	511
49.044	381	49.070	511
49.095	387	49.120	512
49.146	397	49.171	512
49.196	408	49.222	511
49.247	422	49.273	511
49.297	436	49.323	510
49.349	451	49.374	510
49.399	466	49.424	511
49.450	479	49.476	512
49.500	490	49.526	511
49.551	499	49.577	511
49.602	504	49.627	512
49.653	507	49.678	512
49.703	507	49.728	511
49.754	503	49.780	512
49.804	496	49.830	512
49.855	486	49.881	512
49.906	475	49.931	512
49.957	462	49.982	511
50.007	448	50.033	512
50.058	432	50.084	511
50.108	419	50.134	512
50.160	406	50.185	511
50.210	396	50.235	512
50.261	386	50.287	511
50.311	381	50.337	511
50.362	378	50.388	511
50.413	379	50.438	512
50.464	383	50.489	511
50.514	390	50.539	511
50.565	400	50.591	511
50.615	410	50.641	512
50.666	424	50.692	512
50.717	438	50.742	512
50.768	452	50.793	511
50.818	466	50.844	511
50.869	479	50.895	512
50.919	489	50.945	512
50.971	497	50.996	512
51.021	504	51.046	512
51.072	506	51.098	512
51.122	505	51.148	512
51.173	501	51.199	512
51.224	494	51.249	511
51.275	484	51.300	511
51.325	472	51.350	511
51.376	459	51.402	511
51.426	447	51.452	512
51.477	431	51.503	512
51.528	418	51.553	512
51.579	406	51.604	511
51.629	396	51.655	511
51.680	387	51.706	510
51.730	382	51.756	510
51.782	380	51.807	510
51.832	381	51.857	511
51.883	385	51.909	512
51.933	392	51.959	512
51.984	401	52.010	512
52.035	414	52.060	511
52.086	427	52.111	512
52.136	440	52.162	512
52.187	455	52.213	512
52.237	468	52.263	513
52.288	479	52.314	512
52.339	490	52.364	512
52.390	498	52.415	512
52.441	502	52.466	512
52.491	504	52.517	510
52.542	503	52.567	511
52.593	498	52.618	512
52.644	492	52.668	511
52.694	481	52.720	512
52.745	469	52.770	511
52.795	457	52.821	512
52.847	443	52.871	512
52.897	429	52.922	511
52.948	416	52.973	512
52.998	406	53.024	512
53.049	396	53.074	511
53.099	389	53.125	511
53.151	384	53.175	511
53.201	382	53.226	511
53.252	384	53.277	511
53.302	387	53.328	512
53.353	396	53.378	511
53.404	405	53.429	511
53.455	417	53.479	511
53.505	428	53.531	512
53.556	442	53.581	511
53.606	456	53.632	511
53.658	468	53.682	511
53.708	479	53.733	511
53.759	489	53.784	513
53.809	496	53.835	512
53.860	501	53.885	512
53.910	503	53.936	511
53.962	500	53.986	512
54.012	496	54.037	512
54.063	488	54.088	512
54.113	478	54.139	511
54.164	467	54.189	511
54.215	455	54.240	511
54.266	442	54.290	511
54.316	429	54.342	511
54.367	416	54.392	510
54.417	404	54.443	511
54.469	396	54.493	512
54.519	388	54.544	511
54.570	384	54.595	511
54.620	383	54.646	511
54.671	385	54.696	511
54.722	390	54.747	511
54.773	398	54.797	512
54.823	406	54.848	510
54.874	417	54.899	511
54.924	431	54.950	512
54.975	444	55.000	511
55.026	457	55.051	510
55.077	470	55.101	511
55.127	479	55.153	510
55.178	489	55.203	511
55.228	496	55.254	511
55.280	499	55.304	511
55.330	499	55.355	510
55.381	498	55.406	512
55.431	493	55.457	510
55.482	485	55.508	512
55.533	475	55.558	511
55.584	464	55.609	511
55.634	451	55.659	512
55.685	438	55.711	512
55.735	425	55.761	512
55.786	414	55.812	511
55.837	404	55.862	511
55.888	396	55.913	511
55.938	390	55.964	512
55.989	386	56.015	510
56.039	385	56.065	511
56.091	389	56.116	512
56.141	394	56.166	511
56.192	401	56.218	511
56.242	411	56.268	512
56.293	421	56.319	510
56.344	433	56.369	510
56.395	445	56.420	511
56.445	458	56.470	510
56.496	468	56.522	511
56.546	480	56.572	511
56.597	488	56.623	511
56.648	494	56.673	511
56.699	497	56.724	512
56.749	497	56.775	510
56.800	495	56.826	511
56.850	490	56.876	511
56.902	482	56.927	511
56.952	473	56.977	512
57.003	461	57.029	511
57.053	449	57.079	511
57.104	437	57.130	512
57.155	425	57.180	511
57.206	414	57.231	511
57.256	404	57.282	512
57.307	395	57.333	511
57.357	390	57.383	511
57.408	387	57.434	512
57.459	387	57.484	511
57.510	388	57.535	512
57.560	396	57.586	511
57.611	403	57.637	510
57.661	413	57.687	511
57.713	423	57.738	510
57.763	435	57.788	510
57.814	447	57.840	510
57.864	460	57.890	512
57.915	471	57.941	510
57.966	480	57.991	511
58.017	487	58.042	511
58.067	494	58.093	511
58.118	496	58.144	511
58.168	495	58.194	511
58.219	493	58.245	512
58.270	488	58.295	511
58.321	480	58.346	510
58.371	470	58.397	511
58.422	459	58.448	511
58.472	448	58.498	510
58.524	436	58.549	511
58.574	423	58.599	510
58.625	413	58.651	511
58.675	402	58.701	511
58.726	396	58.752	511
58.777	391	58.802	511
58.828	389	58.853	511
58.878	389	58.904	510
58.929	393	58.955	511
58.979	398	59.005	510
59.030	405	59.056	511
59.081	415	59.106	512
59.132	426	59.157	512
59.182	438	59.208	511
59.233	449	59.259	511
59.283	461	59.309	512
59.335	471	59.360	511
59.385	481	59.410	511
59.436	487	59.462	512
59.486	492	59.512	510
59.537	494	59.563	511
59.588	495	59.613	510
59.639	490	59.664	510
59.689	484	59.715	511
59.740	477	59.766	511
59.790	468	59.816	513
59.842	457	59.867	512
59.892	445	59.917	512
59.943	434	59.968	511
59.993	423	60.019	511
60.044	413	60.070	511
60.094	405	60.120	512
60.146	398	60.171	511
60.196	394	60.221	512
60.247	391	60.273	511
60.297	392	60.323	512
60.348	396	60.374	511
60.399	400	60.424	511
60.450	408	60.475	511
60.500	418	60.526	511
60.551	429	60.577	513
60.601	439	60.627	512
60.653	451	60.678	509
60.703	462	60.728	511
60.754	472	60.779	510
60.804	478	60.830	511
60.855	487	60.881	511
60.905	491	60.931	510
60.957	492	60.982	510
61.007	492	61.032	511
61.058	488	61.084	512
61.108	483	61.134	512
61.159	475	61.185	512
61.210	465	61.235	512
61.261	456	61.286	511
61.311	444	61.337	511
61.362	432	61.388	511
61.412	420	61.438	511
61.464	412	61.489	511
61.514	405	61.539	512
61.565	398	61.590	511
61.615	394	61.641	511
61.666	393	61.692	511
61.716	394	61.742	512
61.768	397	61.793	512
61.818	403	61.843	511
61.869	411	61.895	511
61.919	419	61.945	511
61.970	430	61.996	511
62.021	440	62.046	511
62.072	452	62.097	511
62.122	463	62.148	511
62.173	472	62.199	511
62.223	480	62.249	512
62.275	487	62.300	512
62.325	489	62.350	511
62.376	491	62.402	511
62.426	490	62.452	510
62.477	486	62.503	510
62.527	480	62.553	512
62.579	472	62.604	510
62.629	462	62.654	511
62.680	452	62.706	511
62.730	442	62.756	511
62.781	430	62.807	511
62.832	420	62.857	511
62.883	412	62.908	512
62.933	404	62.959	511
62.984	399	63.010	511
63.034	395	63.060	511
63.086	394	63.111	512
63.136	396	63.161	511
63.187	399	63.213	512
63.237	406	63.263	512
63.288	414	63.314	511
63.338	422	63.364	511
63.390	431	63.415	511
63.440	443	63.465	512
63.491	454	63.517	511
63.541	463	63.567	511
63.592	472	63.618	511
63.643	480	63.668	511
63.694	485	63.719	512
63.744	489	63.770	511
63.795	489	63.821	511
63.845	487	63.871	512
63.897	484	63.922	511
63.947	477	63.972	511
63.998	469	64.024	511
64.048	461	64.074	510
64.099	451	64.125	510
64.149	441	64.175	511
64.201	431	64.226	511
64.251	421	64.276	510
64.302	412	64.328	511
64.352	405	64.378	512
64.403	400	64.429	512
64.454	397	64.479	509
64.505	396	64.530	511
64.555	397	64.581	512
64.606	401	64.632	511
64.656	407	64.682	511
64.708	415	64.733	511
64.758	424	64.783	510
64.809	434	64.835	511
64.859	444	64.885	512
64.910	455	64.936	511
64.960	464	64.986	512
65.012	472	65.037	511
65.063	479	65.087	510
65.113	483	65.139	512
65.164	487	65.189	510
65.214	487	65.240	511
65.266	486	65.290	511
65.316	482	65.341	510
65.367	475	65.392	511
65.417	468	65.443	510
65.468	459	65.493	511
65.519	449	65.544	511
65.570	439	65.594	512
65.620	429	65.646	511
65.671	420	65.696	510
65.721	412	65.747	511
65.773	405	65.797	511
65.823	400	65.848	512
65.874	397	65.898	510
65.924	398	65.950	512
65.975	400	66.000	511
66.025	404	66.051	511
66.077	410	66.101	511
66.127	418	66.152	511
66.178	425	66.203	511
66.228	436	66.254	511
66.279	445	66.304	510
66.330	456	66.355	511
66.381	465	66.405	511
66.431	473	66.457	511
66.482	479	66.507	511
66.532	482	66.558	511
66.584	485	66.608	511
66.634	485	66.659	512
66.685	484	66.709	511
66.735	479	66.761	510
66.786	474	66.811	512
66.836	466	66.862	512
66.888	456	66.912	511
66.938	447	66.963	510
66.989	438	67.014	511
67.039	428	67.065	511
67.090	419	67.115	511
67.141	411	67.166	512
67.192	406	67.216	512
67.242	403	67.268	511
67.293	399	67.318	512
67.343	399	67.369	512
67.395	402	67.419	511
67.445	407	67.470	511
67.496	411	67.520	511
67.546	421	67.572	510
67.597	429	67.622	510
67.647	437	67.673	511
67.699	446	67.723	511
67.749	456	67.774	510
67.800	464	67.825	511
67.850	473	67.876	510
67.901	478	67.926	511
67.952	482	67.977	512
68.003	484	68.028	512
68.053	484	68.079	511
68.104	480	68.130	512
68.154	477	68.180	511
68.206	472	68.231	511
68.256	463	68.281	511
68.307	454	68.333	511
68.357	445	68.383	511
68.408	437	68.434	511
68.458	428	68.484	512
68.510	418	68.535	511
68.560	411	68.585	510
68.611	407	68.637	512
68.661	403	68.687	511
68.712	402	68.738	511
68.763	402	68.788	511
68.814	404	68.839	511
68.864	409	68.890	511
68.915	414	68.941	511
68.965	422	68.991	512
69.017	430	69.042	511
69.067	439	69.092	512
69.118	449	69.144	512
69.168	458	69.194	510
69.219	465	69.245	511
69.269	472	69.295	509
69.321	478	69.346	511
69.371	480	69.396	511
69.422	481	69.448	511
69.472	481	69.498	511
69.523	479	69.549	511
69.574	475	69.599	511
69.625	469	69.650	510
69.675	462	69.701	511
69.726	453	69.752	511
69.776	444	69.802	511
69.828	435	69.853	510
69.878	426	69.903	510
69.929	419	69.955	512
69.979	412	70.005	511
70.030	408	70.056	511
70.080	404	70.106	510
70.132	402	70.157	510
70.182	405	70.207	510
70.233	406	70.259	512
70.283	411	70.309	511
70.334	416	70.360	512
70.385	424	70.410	511
70.436	432	70.461	511
70.486	441	70.512	511
70.537	449	70.563	511
70.587	459	70.613	512
70.639	465	70.664	511
70.689	472	70.714	511
70.740	477	70.766	510
70.790	480	70.816	510
70.841	480	70.867	511
70.891	480	70.917	511
70.943	477	70.968	510
70.993	473	71.018	511
71.044	466	71.070	511
71.094	460	71.120	511
71.145	451	71.171	512
71.196	443	71.221	512
71.247	434	71.272	511
71.298	427	71.323	511
71.348	420	71.374	511
71.399	412	71.424	511
71.450	408	71.475	511
71.501	406	71.525	511
71.551	404	71.577	510
71.602	404	71.627	510
71.652	408	71.678	510
71.704	413	71.728	511
71.754	418	71.779	510
71.805	426	71.829	512
71.855	434	71.881	511
71.906	442	71.931	511
71.956	450	71.982	511
72.008	457	72.032	512
72.058	466	72.083	511
72.109	472	72.134	510
72.159	475	72.185	511
72.210	479	72.235	511
72.261	478	72.286	511
72.312	478	72.336	511
72.362	475	72.388	511
72.413	470	72.438	511
72.463	464	72.489	511
72.515	457	72.539	510
72.565	449	72.590	511
72.616	441	72.640	510
72.666	432	72.692	510
72.717	425	72.742	510
72.767	418	72.793	510
72.819	412	72.843	510
72.869	409	72.894	511
72.920	405	72.945	510
72.970	404	72.996	510
73.021	406	73.046	510
73.072	409	73.097	511
73.123	414	73.147	509
73.173	419	73.199	510
73.224	427	73.249	510
73.274	434	73.300	510
73.326	443	73.350	510
73.376	450	73.401	510
73.427	459	73.451	510
73.477	464	73.503	510
73.528	470	73.553	510
73.578	474	73.604	511
73.630	476	73.654	511
73.680	477	73.705	512
73.731	476	73.756	512
73.781	472	73.807	511
73.832	468	73.857	511
73.883	463	73.908	509
73.934	455	73.958	510
73.984	447	74.010	510
74.035	439	74.060	511
74.085	432	74.111	509
74.137	425	74.161	511
74.187	418	74.212	510
74.238	413	74.262	510
74.288	410	74.314	511
74.339	407	74.365	510
74.389	405	74.415	509
74.441	408	74.466	511
74.491	412	74.516	511
74.542	415	74.568	509
74.592	421	74.618	510
74.643	428	74.669	510
74.694	435	74.719	510
74.745	444	74.770	510
74.795	451	74.821	509
74.846	458	74.872	510
74.896	464	74.922	511
74.948	470	74.973	511
74.998	473	75.023	510
75.049	475	75.075	511
75.099	475	75.125	511
75.150	473	75.176	510
75.200	471	75.226	509
75.252	466	75.277	510
75.302	460	75.327	512
75.353	454	75.379	509
75.403	446	75.429	510
75.454	439	75.480	510
75.505	430	75.530	510
75.556	424	75.581	510
75.606	417	75.632	509
75.657	413	75.683	509
75.707	410	75.733	510
75.759	408	75.784	511
75.809	409	75.834	510
75.860	411	75.886	510
75.910	413	75.936	511
75.961	417	75.987	510
76.011	425	76.037	511
76.063	431	76.088	510
76.113	438	76.138	510
76.164	445	76.190	510
76.214	453	76.240	511
76.265	459	76.291	510
76.316	466	76.341	511
76.367	470	76.392	511
76.417	472	76.443	511
76.468	475	76.494	511
76.518	474	76.544	511
76.570	472	76.595	510
76.620	469	76.645	510
76.671	464	76.697	511
76.721	458	76.747	510
76.772	450	76.798	508
76.822	444	76.848	510
76.874	438	76.899	511
76.924	430	76.949	512
76.975	425	77.001	512
77.025	421	77.051	512
77.076	416	77.102	512
77.127	413	77.152	513
77.178	413	77.203	514
77.228	413	77.254	512
77.279	415	77.305	511
77.329	418	77.355	513
77.381	423	77.406	512
77.431	427	77.456	511
77.482	434	77.508	511
77.532	440	77.558	510
77.583	445	77.609	510
77.634	452	77.659	509
77.685	458	77.710	510
77.735	463	77.760	508
77.786	467	77.812	509
77.836	469	77.862	510
77.887	470	77.913	510
77.938	472	77.963	511
77.989	470	78.014	512
78.039	467	78.065	512
78.090	463	78.116	513
78.140	459	78.166	512
78.192	453	78.217	513
78.242	446	78.267	513
78.293	440	78.319	514
78.343	433	78.369	512
78.394	427	78.420	513
78.445	421	78.470	511
78.496	417	78.521	510
78.546	414	78.571	510
78.597	413	78.623	511
78.647	412	78.673	511
78.698	414	78.724	509
78.749	416	78.774	510
78.800	422	78.825	509
78.851	426	78.876	510
78.901	433	78.927	511
78.952	440	78.977	510
79.003	447	79.028	512
79.054	454	79.078	511
79.104	460	79.130	512
79.155	465	79.180	511
79.205	468	79.231	512
79.257	470	79.281	511
79.307	471	79.332	512
79.358	470	79.382	511
79.408	469	79.434	511
79.459	464	79.484	511
79.509	460	79.535	510
79.561	455	79.585	511
79.611	448	79.636	512
79.662	442	79.687	511
79.712	435	79.738	511
79.763	430	79.788	511
79.814	425	79.839	511
79.865	421	79.889	512
79.915	417	79.941	511
79.966	416	79.991	511
80.016	416	80.042	511
80.068	416	80.092	510
80.118	419	80.143	510
80.169	422	80.194	510
80.219	426	80.245	509
80.270	432	80.295	510
80.320	437	80.346	511
80.372	444	80.396	511
80.422	448	80.447	512
80.473	454	80.498	512
80.523	459	80.549	512
80.574	463	80.599	512
80.625	465	80.650	513
80.676	467	80.700	512
80.726	467	80.752	512
80.777	466	80.802	511
80.827	464	80.853	512
80.879	462	80.903	512
80.929	457	80.954	512
80.980	453	81.005	510
81.030	448	81.056	511
81.081	442	81.106	511
81.131	437	81.157	511
81.183	431	81.207	511
81.233	427	81.258	511
81.284	422	81.309	511
81.334	420	81.360	510
81.385	418	81.410	511
81.436	417	81.461	511
81.487	418	81.511	511
81.537	420	81.563	511
81.588	423	81.613	511
81.638	427	81.664	512
81.690	431	81.714	511
81.740	437	81.765	512
81.791	443	81.816	512
81.841	449	81.867	511
81.892	453	81.918	511
81.942	458	81.968	510
81.994	463	82.019	511
82.044	464	82.069	511
82.095	467	82.121	510
82.145	467	82.171	511
82.196	466	82.222	511
82.247	464	82.272	511
82.298	462	82.323	510
82.348	457	82.374	510
82.399	452	82.425	511
82.449	447	82.475	510
82.501	441	82.526	511
82.551	436	82.576	511
82.602	430	82.628	512
82.652	426	82.678	511
82.703	423	82.729	511
82.754	419	82.779	512
82.805	418	82.830	511
82.855	419	82.880	511
82.906	420	82.932	512
82.956	422	82.982	511
83.007	424	83.033	512
83.058	429	83.083	512
83.109	434	83.134	511
83.159	439	83.185	511
83.210	444	83.236	511
83.260	449	83.286	511
83.312	454	83.337	511
83.362	459	83.387	510
83.413	462	83.439	510
83.463	463	83.489	510
83.514	465	83.540	510
83.565	466	83.590	511
83.616	464	83.641	512
83.666	461	83.691	511
83.717	460	83.743	511
83.767	454	83.793	511
83.818	451	83.844	512
83.869	445	83.894	511
83.920	439	83.945	511
83.970	435	83.996	512
84.021	431	84.047	512
84.071	427	84.097	511
84.123	424	84.148	512
84.173	423	84.198	511
84.224	422	84.250	512
84.274	421	84.300	512
84.325	422	84.351	511
84.376	425	84.401	511
84.427	427	84.452	510
84.477	431	84.502	510
84.528	436	84.554	509
84.578	439	84.604	511
84.629	444	84.655	510
84.680	449	84.705	510
84.731	453	84.756	511
84.781	457	84.807	510
84.832	460	84.858	511
84.882	462	84.908	512
84.934	461	84.959	511
84.984	462	85.009	511
85.035	462	85.061	510
85.085	459	85.111	511
85.136	457	85.162	511
85.187	454	85.212	512
85.238	449	85.263	512
85.288	446	85.314	513
85.339	441	85.365	512
85.389	436	85.415	513
85.440	433	85.466	513
85.491	429	85.516	512
85.542	426	85.567	511
85.593	425	85.618	511
85.643	423	85.669	510
85.694	423	85.719	511
85.745	424	85.770	510
85.796	426	85.820	509
85.846	429	85.872	510
85.897	432	85.922	509
85.947	436	85.973	509
85.999	440	86.023	505
86.049	445	86.074	506
86.100	449	86.125	505
86.150	454	86.176	504
86.201	457	86.226	501
86.251	459	86.277	498
86.303	461	86.327	489
86.353	462	86.378	479
86.404	461	86.429	465
86.454	460	86.480	450
86.505	458	86.530	428
86.556	455	86.581	405
86.607	452	86.631	383
86.657	448	86.683	361
86.708	443	86.733	344
86.758	438	86.784	329
86.810	434	86.834	319
86.860	432	86.885	315
86.911	428	86.936	319
86.961	425	86.987	325
87.012	424	87.037	339
87.062	424	87.088	352
87.114	423	87.138	370
87.164	425	87.189	391
87.215	427	87.240	414
87.265	430	87.291	432
87.316	434	87.341	455
87.367	439	87.392	474
87.418	440	87.442	489
87.468	445	87.494	505
87.519	448	87.544	518
87.569	451	87.595	528
87.621	456	87.645	533
87.671	458	87.696	532
87.722	458	87.747	533
87.772	458	87.798	530
87.823	459	87.848	527
87.874	458	87.899	515
87.925	455	87.949	510
87.975	452	88.000	502
88.026	451	88.051	491
88.076	447	88.102	484
88.127	443	88.152	480
88.178	439	88.203	475
88.229	436	88.253	472
88.279	433	88.305	471
88.330	430	88.355	472
88.380	428	88.406	477
88.432	426	88.456	480
88.482	425	88.507	488
88.533	425	88.558	492
88.583	424	88.609	499
88.634	428	88.660	505
88.685	429	88.710	510
88.736	430	88.761	511
88.786	431	88.811	516
88.837	437	88.863	516
88.887	440	88.913	518
88.938	445	88.964	515
88.989	445	89.014	514
89.040	447	89.065	513
89.090	450	89.116	516
89.141	453	89.167	510
89.191	455	89.217	511
89.243	455	89.268	509
89.293	454	89.318	509
89.344	451	89.370	508
89.394	451	89.420	508
89.445	449	89.471	508
89.496	447	89.521	509
89.547	441	89.572	507
89.597	437	89.622	509
89.648	435	89.674	510
89.698	434	89.724	508
89.749	431	89.775	509
89.800	430	89.825	510
89.851	428	89.876	510
89.901	428	89.927	508
89.952	429	89.978	510
90.002	430	90.028	511
90.054	432	90.079	509
90.104	434	90.129	509
90.155	437	90.181	509
90.205	440	90.231	508
90.256	444	90.282	508
90.307	446	90.332	511
90.358	448	90.383	510
90.408	452	90.434	508
90.459	454	90.485	508
90.509	455	90.535	509
90.560	454	90.586	510
90.611	455	90.636	508
90.662	455	90.687	509
90.712	454	90.738	509
90.763	450	90.789	509
90.813	448	90.839	509
90.865	447	90.890	509
90.915	444	90.940	509
90.966	441	90.992	510
91.016	437	91.042	510
91.067	436	91.093	510
91.118	433	91.143	510
91.169	432	91.194	509
91.219	430	91.245	507
91.270	430	91.296	510
91.320	430	91.346	509
91.371	430	91.397	507
91.422	433	91.447	506
91.473	434	91.498	507
91.523	437	91.549	508
91.574	438	91.600	509
91.624	441	91.650	509
91.676	444	91.701	508
91.726	446	91.751	508
91.777	448	91.803	509
91.827	450	91.853	509
91.878	452	91.904	509
91.929	453	91.954	508
91.980	453	92.005	509
92.030	453	92.056	509
92.081	453	92.107	509
92.131	452	92.157	509
92.182	448	92.208	509
92.233	447	92.258	510
92.284	446	92.309	508
92.334	443	92.360	511
92.385	440	92.411	509
92.435	438	92.461	508
92.487	436	92.512	509
92.537	435	92.562	508
92.588	433	92.614	508
92.638	431	92.664	508
92.689	430	92.715	508
92.740	430	92.765	507
92.791	433	92.816	508
92.841	434	92.867	508
92.892	435	92.918	509
92.942	437	92.968	509
92.994	440	93.019	510
93.044	443	93.069	509
93.095	444	93.120	509
93.145	446	93.171	508
93.196	448	93.222	508
93.246	450	93.272	510
93.298	451	93.323	510
93.348	452	93.373	510
93.399	452	93.425	509
93.449	452	93.475	509
93.500	452	93.526	509
93.551	450	93.576	509
93.602	447	93.627	510
93.652	446	93.678	509
93.703	445	93.729	508
93.753	442	93.779	509
93.805	439	93.830	509
93.855	438	93.880	508
93.906	436	93.931	507
93.956	436	93.982	508
94.007	434	94.033	510
94.057	433	94.083	509
94.109	434	94.134	508
94.159	432	94.184	509
94.210	433	94.236	509
94.260	437	94.286	509
94.311	437	94.337	509
94.362	439	94.387	509
94.413	439	94.438	509
94.463	442	94.489	508
94.514	444	94.540	509
94.564	446	94.590	509
94.616	447	94.641	510
94.666	449	94.691	509
94.717	449	94.742	510
94.767	451	94.793	508
94.818	451	94.844	509
94.868	449	94.894	508
94.920	450	94.945	508
94.970	448	94.995	509
95.021	446	95.047	508
95.071	446	95.097	509
95.122	444	95.148	509
95.173	442	95.198	508
95.224	441	95.249	510
95.274	439	95.300	509
95.325	438	95.351	510
95.375	435	95.401	507
95.427	434	95.452	508
95.477	434	95.502	506
95.528	434	95.554	507
95.578	434	95.604	508
95.629	434	95.655	508
95.679	437	95.705	509
95.731	437	95.756	508
95.781	439	95.806	508
95.832	441	95.858	508
95.882	442	95.908	508
95.933	444	95.959	509
95.984	446	96.009	510
96.035	447	96.060	508
96.085	449	96.111	518
96.136	449	96.162	520
96.186	449	96.212	527
96.238	449	96.263	536
96.288	451	96.313	545
96.339	448	96.365	559
96.389	447	96.415	574
96.440	446	96.466	593
96.490	445	96.516	606
96.542	444	96.567	618
96.592	442	96.617	635
96.643	440	96.669	641
96.693	439	96.719	650
96.744	438	96.770	651
96.795	438	96.820	653
96.846	436	96.871	652
96.896	437	96.922	654
96.947	435	96.973	658
96.997	438	97.023	665
97.049	436	97.074	673
97.099	438	97.124	689
97.150	440	97.176	699
97.200	441	97.226	708
97.251	442	97.277	708
97.301	444	97.327	705
97.353	444	97.378	693
97.403	445	97.428	689
97.454	446	97.480	674
97.504	446	97.530	659
97.555	449	97.581	640
97.607	446	97.631	621
97.657	448	97.682	604
97.708	449	97.733	585
97.758	447	97.784	572
97.809	448	97.834	558
97.860	446	97.885	553
97.911	446	97.935	549
97.961	444	97.987	549
98.012	443	98.037	546
98.062	444	98.088	548
98.114	440	98.138	548
98.164	441	98.189	549
98.215	438	98.239	553
98.265	437	98.291	550
98.316	440	98.341	548
98.366	439	98.392	549
98.418	436	98.442	550
98.468	438	98.493	545
98.519	439	98.544	552
98.569	441	98.595	546
98.620	441	98.645	548
98.671	443	98.696	548
98.722	441	98.746	550
98.772	446	98.798	549
98.823	443	98.848	548
98.873	447	98.899	550
98.925	446	98.949	552
98.975	446	99.000	551
99.026	447	99.050	549
99.076	447	99.102	546
99.127	447	99.152	539
99.177	447	99.203	534
99.229	445	99.253	524
99.279	444	99.304	515
99.330	444	99.355	506
99.380	443	99.406	495
99.431	441	99.456	489
99.482	440	99.507	483
99.533	441	99.557	475
99.583	439	99.609	473
99.634	439	99.659	471
99.684	440	99.710	471
99.736	438	99.760	474
99.786	439	99.811	477
99.837	439	99.861	483
99.887	439	99.913	488
99.938	440	99.963	497
99.988	440	100.014	505
100.040	441	100.064	515
100.090	444	100.115	522
100.141	444	100.166	533
100.191	443	100.217	537
100.242	446	100.267	542
100.293	443	100.318	545
100.344	445	100.368	546
100.394	445	100.420	545
100.445	447	100.470	541
100.495	443	100.521	536
100.547	445	100.571	533
100.597	445	100.622	526
100.648	444	100.672	518
100.698	443	100.724	510
100.749	443	100.775	502
100.799	442	100.825	494
100.851	442	100.876	491
100.901	443	100.926	488
100.952	440	100.978	492
101.002	442	101.028	503
101.053	439	101.079	525
101.104	440	101.129	554
101.155	439	101.180	583
101.205	441	101.231	616
101.256	442	101.282	651
101.306	441	101.332	685
101.358	442	101.383	715
101.408	443	101.433	734
101.459	444	101.485	745
101.509	443	101.535	747
101.560	443	101.586	736
101.610	445	101.636	712
101.662	446	101.687	679
101.712	444	101.737	639
101.763	444	101.789	594
101.813	446	101.839	547
101.864	446	101.890	496
101.915	444	101.940	451
101.966	443	101.991	410
102.016	443	102.042	377
102.067	443	102.093	355
102.117	442	102.143	339
102.169	442	102.194	335
102.219	442	102.244	333
102.270	441	102.296	354
102.320	441	102.346	383
102.371	442	102.397	422
102.421	440	102.447	467
102.473	443	102.498	523
102.523	441	102.548	572
102.574	441	102.600	623
102.624	442	102.650	664
102.675	442	102.701	705
102.726	442	102.751	728
102.777	442	102.802	741
102.827	442	102.853	733
102.878	443	102.904	721
102.928	443	102.954	694
102.980	443	103.005	658
103.030	444	103.055	620
103.081	444	103.107	581
103.131	444	103.157	551
103.182	445	103.208	523
103.232	444	103.258	503
103.284	443	103.309	493
103.334	443	103.359	490
103.385	444	103.411	492
103.435	444	103.461	490
103.486	443	103.512	501
103.537	443	103.562	497
103.588	442	103.613	500
103.638	441	103.664	494
103.689	441	103.715	488
103.739	441	103.765	479
103.791	441	103.816	466
103.841	439	103.866	458
103.892	440	103.918	452
103.942	440	103.968	442
103.993	439	104.019	445
104.043	441	104.069	433
104.095	440	104.120	432
104.145	442	104.170	426
104.196	441	104.222	418
104.246	443	104.272	412
104.297	441	104.323	403
104.348	444	104.373	392
104.399	444	104.424	383
104.450	442	104.475	369
104.500	443	104.526	352
104.551	444	104.576	344
104.602	442	104.627	329
104.653	442	104.677	326
104.703	443	104.729	331
104.754	442	104.779	338
104.804	443	104.830	351
104.856	441	104.880	366
104.906	442	104.931	389
104.957	441	104.981	420
105.007	441	105.033	448
105.058	441	105.083	483
105.108	441	105.134	516
105.160	441	105.184	545
105.210	442	105.235	576
105.261	441	105.286	601
105.311	440	105.337	619
105.362	441	105.387	629
105.413	443	105.438	634
105.464	443	105.488	630
105.514	444	105.540	614
105.565	442	105.590	598
105.615	443	105.641	566
105.667	443	105.691	530
105.717	443	105.742	489
105.768	441	105.792	447
105.818	443	105.844	401
105.869	443	105.894	358
105.919	442	105.945	322
105.971	443	105.995	291
106.021	441	106.046	271
106.072	442	106.097	268
106.122	443	106.148	275
106.173	442	106.198	295
106.224	440	106.249	326
106.275	442	106.299	362
106.325	443	106.351	409
106.376	441	106.401	463
106.426	441	106.452	515
106.478	443	106.502	568
106.528	443	106.553	621
106.579	443	106.603	664
106.629	442	106.655	699
106.680	442	106.705	726
106.730	443	106.756	742
106.782	444	106.806	739
