#Creator: pendulumviewEventBuffer
#Creation time: Tue Feb 21 16:56:22 2017
#Time A	Pos A	Time B	Pos B
#[s]	[au]	[s]	[au]
0.026	466	0.050	543
0.076	437	0.101	543
0.127	410	0.152	543
0.177	392	0.203	543
0.228	375	0.253	542
0.279	368	0.304	543
0.330	361	0.354	543
0.380	362	0.406	542
0.431	369	0.456	542
0.481	380	0.507	542
0.533	397	0.557	544
0.583	416	0.608	543
0.634	439	0.660	543
0.684	467	0.710	543
0.735	496	0.761	542
0.786	526	0.811	544
0.837	553	0.862	544
0.887	577	0.913	543
0.938	595	0.964	542
0.988	606	1.014	542
1.039	613	1.065	542
1.090	613	1.115	543
1.141	607	1.166	543
1.191	595	1.217	543
1.242	579	1.268	543
1.292	556	1.318	544
1.344	532	1.369	542
1.394	501	1.419	544
1.445	471	1.471	543
1.495	444	1.521	544
1.546	418	1.572	543
1.597	398	1.622	543
1.648	382	1.673	543
1.698	372	1.724	541
1.749	364	1.775	542
1.799	364	1.825	542
1.850	369	1.876	543
1.901	383	1.926	543
1.952	398	1.977	543
2.002	417	2.028	543
2.053	441	2.079	542
2.103	468	2.129	541
2.155	496	2.180	543
2.205	524	2.230	542
2.256	551	2.282	543
2.306	573	2.332	542
2.357	591	2.383	542
2.408	603	2.433	543
2.459	610	2.484	543
2.509	612	2.535	543
2.560	604	2.586	543
2.610	593	2.636	543
2.661	573	2.687	544
2.712	553	2.737	543
2.763	529	2.788	542
2.813	500	2.839	542
2.864	472	2.890	543
2.914	445	2.940	543
2.966	419	2.991	542
3.016	400	3.041	544
3.067	387	3.093	544
3.117	376	3.143	541
3.168	369	3.194	542
3.219	370	3.244	543
3.270	377	3.295	543
3.320	386	3.346	544
3.371	404	3.397	542
3.421	424	3.447	543
3.473	445	3.498	542
3.523	472	3.548	542
3.574	498	3.599	542
3.624	524	3.650	541
3.675	548	3.701	542
3.725	569	3.751	541
3.777	585	3.802	542
3.827	599	3.852	543
3.878	605	3.904	544
3.928	605	3.954	544
3.979	598	4.005	543
4.030	587	4.055	546
4.081	571	4.106	544
4.131	550	4.157	544
4.182	526	4.208	544
4.232	502	4.258	543
4.284	475	4.309	542
4.334	450	4.359	543
4.385	426	4.410	543
4.435	408	4.461	543
4.486	393	4.512	543
4.536	383	4.562	541
4.588	376	4.613	542
4.638	378	4.663	541
4.689	381	4.715	541
4.739	391	4.765	541
4.790	407	4.816	543
4.841	425	4.866	540
4.892	447	4.917	542
4.942	472	4.968	542
4.993	496	5.019	543
5.043	524	5.069	543
5.095	547	5.120	543
5.145	567	5.170	543
5.196	582	5.221	543
5.246	593	5.272	543
5.297	601	5.323	544
5.347	600	5.373	542
5.399	593	5.424	543
5.449	584	5.474	544
5.500	567	5.526	543
5.550	550	5.576	544
5.601	526	5.627	543
5.652	500	5.677	543
5.703	475	5.728	543
5.753	451	5.779	541
5.804	429	5.830	544
5.854	411	5.880	542
5.906	398	5.931	544
5.956	387	5.981	541
6.007	381	6.033	542
6.057	381	6.083	541
6.108	387	6.134	543
6.158	397	6.184	542
6.210	413	6.235	541
6.260	429	6.285	544
6.311	451	6.337	544
6.361	475	6.387	542
6.412	500	6.438	543
6.463	523	6.488	544
6.514	546	6.539	541
6.564	564	6.590	543
6.615	579	6.641	544
6.665	590	6.691	544
6.717	596	6.742	544
6.767	597	6.792	543
6.818	591	6.844	544
6.868	581	6.894	543
6.919	563	6.945	543
6.969	545	6.995	542
7.021	523	7.046	542
7.071	501	7.096	540
7.122	477	7.148	544
7.172	453	7.198	543
7.223	434	7.249	543
7.274	415	7.299	544
7.325	402	7.350	541
7.375	391	7.401	543
7.426	386	7.452	543
7.476	387	7.502	542
7.528	393	7.553	543
7.578	402	7.603	544
7.629	415	7.655	543
7.679	433	7.705	542
7.730	455	7.756	543
7.780	476	7.806	542
7.832	500	7.857	541
7.882	522	7.907	543
7.933	543	7.959	543
7.983	560	8.009	542
8.034	574	8.060	543
8.085	588	8.110	543
8.136	592	8.161	543
8.186	591	8.212	543
8.237	584	8.263	543
8.287	576	8.313	543
8.339	559	8.364	544
8.389	544	8.414	544
8.440	523	8.466	542
8.490	500	8.516	543
8.541	477	8.567	542
8.591	456	8.617	543
8.643	435	8.668	543
8.694	419	8.718	543
8.744	406	8.770	541
8.795	396	8.820	541
8.845	391	8.871	543
8.897	392	8.921	542
8.947	397	8.972	542
8.998	406	9.023	542
9.048	419	9.074	541
9.099	436	9.124	543
9.150	458	9.175	542
9.201	477	9.225	543
9.251	500	9.277	543
9.302	521	9.327	542
9.352	542	9.378	543
9.404	559	9.428	543
9.454	574	9.479	543
9.505	583	9.529	542
9.555	589	9.581	542
9.606	588	9.631	542
9.656	581	9.682	543
9.708	571	9.732	543
9.758	557	9.783	542
9.809	540	9.834	543
9.859	520	9.885	543
9.910	497	9.935	544
9.961	478	9.986	543
10.012	456	10.036	542
10.062	438	10.088	543
10.113	422	10.138	542
10.163	411	10.189	542
10.215	400	10.239	541
10.265	396	10.290	543
10.316	397	10.340	542
10.366	402	10.392	543
10.417	412	10.442	542
10.467	425	10.493	544
10.519	442	10.543	543
10.569	461	10.594	543
10.620	481	10.645	543
10.670	503	10.696	544
10.721	522	10.746	543
10.772	539	10.797	543
10.823	558	10.847	542
10.873	569	10.899	543
10.924	579	10.949	543
10.974	583	11.000	542
11.026	583	11.050	543
11.076	577	11.101	542
11.127	568	11.151	542
11.177	554	11.203	543
11.228	538	11.253	544
11.278	518	11.304	543
11.330	497	11.354	541
11.380	478	11.405	541
11.431	457	11.456	542
11.481	440	11.507	543
11.532	426	11.557	542
11.583	414	11.608	544
11.634	405	11.659	541
11.684	401	11.710	543
11.735	401	11.761	542
11.785	406	11.811	543
11.837	414	11.862	542
11.887	429	11.912	541
11.938	443	11.964	542
11.988	463	12.014	543
12.039	482	12.065	544
12.089	503	12.115	544
12.141	522	12.166	543
12.191	541	12.216	541
12.242	555	12.268	544
12.292	567	12.318	542
12.343	578	12.369	542
12.394	581	12.419	543
12.445	580	12.470	542
12.495	574	12.521	543
12.546	564	12.572	543
12.596	551	12.622	543
12.648	534	12.673	542
12.698	517	12.723	542
12.749	496	12.775	542
12.799	476	12.825	543
12.850	459	12.876	544
12.900	443	12.926	543
12.952	428	12.977	540
13.002	416	13.027	543
13.053	407	13.079	541
13.103	404	13.129	542
13.154	403	13.180	541
13.205	411	13.230	542
13.256	420	13.281	544
13.306	433	13.332	543
13.357	449	13.383	543
13.407	465	13.433	543
13.459	484	13.484	542
13.509	504	13.534	542
13.560	522	13.586	543
13.610	540	13.636	543
13.661	553	13.687	543
13.711	568	13.737	544
13.763	573	13.788	543
13.813	578	13.838	543
13.864	575	13.890	542
13.914	571	13.940	542
13.965	561	13.991	542
14.016	549	14.041	542
14.067	532	14.092	542
14.117	515	14.143	544
14.168	497	14.194	542
14.218	478	14.244	542
14.270	461	14.295	542
14.320	444	14.345	543
14.371	432	14.397	541
14.421	421	14.447	544
14.472	411	14.498	544
14.522	409	14.548	543
14.574	409	14.599	542
14.624	416	14.649	543
14.675	424	14.701	541
14.725	438	14.751	541
14.776	452	14.802	544
14.827	470	14.852	543
14.878	488	14.903	542
14.929	504	14.954	544
14.979	522	15.005	542
15.030	540	15.055	543
15.081	552	15.106	543
15.132	564	15.156	542
15.182	571	15.208	545
15.233	575	15.258	543
15.283	573	15.309	543
15.335	567	15.359	543
15.385	558	15.410	543
15.436	545	15.460	543
15.486	531	15.512	543
15.537	514	15.562	543
15.587	495	15.613	543
15.639	478	15.663	542
15.689	461	15.714	543
15.740	446	15.765	542
15.790	433	15.816	542
15.841	422	15.866	542
15.892	415	15.917	542
15.943	413	15.967	543
15.993	414	16.019	542
16.044	421	16.069	543
16.094	427	16.120	543
16.146	441	16.170	542
16.196	454	16.221	544
16.247	471	16.271	542
16.297	489	16.323	543
16.348	505	16.373	543
16.398	523	16.424	544
16.450	538	16.474	542
16.500	550	16.525	543
16.551	561	16.576	542
16.601	567	16.627	542
16.652	571	16.677	543
16.703	569	16.728	541
16.754	562	16.778	543
16.804	553	16.830	543
16.855	543	16.880	543
16.905	527	16.931	542
16.957	510	16.981	543
17.007	493	17.032	543
17.058	477	17.082	543
17.108	461	17.134	543
17.159	447	17.184	544
17.209	436	17.235	543
17.261	426	17.285	543
17.311	420	17.336	543
17.362	417	17.387	542
17.412	419	17.438	543
17.463	425	17.488	544
17.514	432	17.539	542
17.565	444	17.589	543
17.615	458	17.641	543
17.666	473	17.691	542
17.716	488	17.742	541
17.768	506	17.792	542
17.818	522	17.843	542
17.869	539	17.893	544
17.919	550	17.945	544
17.970	559	17.996	542
18.020	565	18.046	542
18.072	567	18.097	543
18.122	566	18.147	541
18.173	560	18.199	543
18.223	550	18.249	542
18.274	538	18.300	541
18.325	525	18.350	542
18.376	509	18.401	543
18.426	493	18.452	543
18.477	477	18.503	542
18.527	463	18.553	543
18.579	448	18.604	543
18.629	438	18.654	543
18.680	429	18.706	542
18.730	423	18.756	543
18.781	422	18.807	542
18.831	422	18.857	543
18.883	427	18.908	543
18.933	437	18.958	542
18.984	447	19.010	542
19.034	460	19.060	544
19.085	475	19.111	542
19.136	491	19.161	543
19.187	506	19.212	543
19.237	521	19.263	542
19.288	535	19.314	543
19.338	547	19.364	544
19.390	557	19.415	543
19.440	562	19.465	544
19.491	564	19.517	543
19.541	562	19.567	542
19.592	557	19.618	544
19.642	549	19.668	541
19.694	537	19.719	543
19.744	524	19.769	542
19.795	508	19.821	543
19.845	492	19.871	544
19.896	477	19.922	543
19.947	463	19.972	543
19.998	453	20.023	543
20.048	439	20.074	543
20.099	432	20.125	541
20.149	425	20.175	542
20.201	424	20.226	542
20.251	426	20.276	544
20.302	432	20.328	542
20.352	439	20.378	543
20.403	451	20.429	543
20.453	463	20.479	543
20.505	476	20.530	542
20.555	491	20.580	543
20.606	506	20.632	543
20.656	523	20.682	543
20.707	533	20.733	543
20.758	545	20.783	542
20.809	554	20.834	544
20.859	558	20.885	542
20.910	561	20.936	544
20.960	560	20.986	543
21.012	554	21.037	542
21.062	547	21.087	543
21.113	535	21.139	543
21.163	522	21.189	542
21.214	506	21.240	543
21.265	492	21.290	543
21.316	478	21.341	542
21.366	464	21.391	543
21.417	450	21.443	541
21.467	443	21.493	542
21.518	434	21.544	543
21.569	428	21.594	542
21.620	428	21.645	543
21.670	430	21.696	543
21.721	435	21.747	542
21.771	444	21.797	542
21.823	454	21.848	542
21.873	464	21.898	543
21.924	480	21.950	542
21.974	493	22.000	542
22.025	507	22.051	542
22.076	522	22.101	544
22.127	533	22.152	543
22.177	545	22.202	545
22.228	552	22.254	543
22.278	555	22.304	544
22.329	558	22.355	543
22.380	555	22.405	542
22.431	551	22.456	543
22.482	542	22.507	543
22.532	534	22.558	543
22.583	520	22.608	543
22.634	505	22.659	544
22.685	492	22.709	543
22.735	477	22.761	543
22.786	463	22.811	542
22.836	451	22.862	542
22.888	444	22.912	542
22.938	435	22.963	543
22.989	431	23.013	543
23.039	431	23.065	544
23.090	435	23.115	544
23.140	439	23.166	545
23.192	446	23.216	543
23.242	457	23.267	543
23.293	470	23.318	542
23.343	480	23.369	543
23.394	494	23.419	541
23.445	508	23.470	543
23.496	521	23.520	543
23.546	533	23.572	541
23.597	543	23.622	543
23.647	551	23.673	543
23.699	554	23.723	543
23.749	557	23.774	542
23.800	553	23.825	544
23.850	547	23.876	542
23.901	540	23.926	543
23.951	529	23.977	542
24.003	517	24.027	542
24.053	504	24.078	543
24.104	490	24.129	543
24.154	478	24.180	543
24.205	465	24.230	542
24.256	454	24.281	542
24.307	445	24.331	543
24.357	440	24.383	542
24.408	434	24.433	543
24.458	435	24.484	544
24.510	437	24.534	542
24.560	441	24.585	542
24.611	448	24.636	542
24.661	458	24.687	543
24.712	470	24.737	542
24.762	483	24.788	542
24.814	495	24.838	542
24.864	508	24.889	542
24.915	520	24.940	544
24.965	531	24.991	542
25.016	541	25.041	542
25.067	549	25.092	542
25.118	552	25.142	543
25.168	553	25.194	542
25.219	550	25.244	542
25.269	546	25.295	541
25.321	536	25.345	543
25.371	527	25.396	542
25.422	516	25.447	543
25.472	503	25.498	544
25.523	490	25.549	542
25.573	478	25.599	544
25.625	467	25.650	543
25.675	457	25.700	542
25.726	449	25.752	542
25.776	440	25.802	543
25.827	438	25.853	543
25.878	436	25.903	542
25.929	439	25.954	542
25.979	443	26.005	542
26.030	450	26.056	541
26.080	461	26.106	544
26.132	473	26.157	541
26.182	484	26.207	543
26.233	498	26.259	543
26.283	508	26.309	541
26.334	521	26.360	542
26.385	529	26.410	543
26.436	540	26.461	544
26.486	546	26.511	542
26.537	549	26.563	541
26.587	550	26.613	543
26.638	548	26.664	543
26.689	543	26.714	542
26.740	534	26.765	542
26.790	525	26.816	542
26.841	513	26.867	543
26.891	502	26.917	543
26.943	490	26.968	543
26.993	479	27.018	543
27.044	466	27.070	542
27.094	458	27.120	542
27.145	449	27.171	541
27.196	442	27.221	543
27.247	440	27.272	543
27.297	441	27.322	542
27.348	442	27.374	542
27.398	448	27.424	544
27.449	455	27.475	542
27.500	463	27.525	543
27.551	474	27.576	544
27.601	487	27.627	542
27.652	497	27.678	542
27.702	509	27.728	544
27.754	520	27.779	544
27.804	530	27.829	543
27.855	538	27.881	542
27.905	543	27.931	543
27.956	547	27.982	542
28.007	548	28.032	541
28.058	545	28.083	542
28.108	540	28.133	542
28.159	533	28.185	543
28.209	523	28.235	544
28.260	513	28.286	542
28.311	501	28.336	542
28.362	488	28.387	543
28.412	479	28.438	543
28.463	468	28.489	543
28.513	460	28.539	542
28.565	451	28.590	541
28.615	446	28.640	542
28.666	443	28.692	542
28.716	443	28.742	541
28.767	443	28.793	542
28.818	450	28.843	542
28.869	458	28.894	543
28.919	465	28.945	542
28.970	476	28.996	543
29.020	486	29.046	543
29.071	497	29.097	543
29.122	508	29.147	543
29.173	521	29.198	545
29.224	530	29.249	543
29.274	536	29.300	541
29.325	542	29.350	543
29.376	544	29.401	543
29.427	545	29.451	542
29.477	542	29.503	542
29.528	539	29.553	544
29.578	530	29.604	541
29.630	520	29.654	542
29.680	512	29.705	544
29.731	500	29.756	543
29.781	489	29.807	541
29.832	478	29.857	543
29.882	469	29.908	542
29.934	460	29.958	541
29.984	452	30.009	542
30.035	448	30.060	543
30.085	446	30.111	543
30.136	445	30.161	543
30.187	449	30.212	543
30.238	451	30.262	543
30.288	460	30.314	543
30.339	467	30.364	543
30.389	478	30.415	544
30.441	488	30.465	543
30.491	498	30.516	542
30.542	509	30.567	543
30.592	519	30.618	543
30.643	529	30.668	543
30.693	534	30.719	542
30.745	540	30.769	542
30.795	542	30.820	543
30.846	544	30.871	543
30.896	540	30.922	542
30.947	536	30.972	542
30.998	528	31.023	543
31.049	520	31.073	543
31.099	512	31.125	542
31.150	500	31.175	543
31.200	489	31.226	543
31.252	480	31.276	541
31.302	469	31.327	544
31.353	462	31.378	543
31.403	456	31.429	542
31.454	450	31.479	543
31.505	450	31.530	542
31.556	449	31.580	541
31.606	452	31.631	541
31.657	456	31.682	542
31.707	461	31.733	542
31.758	470	31.783	543
31.809	480	31.834	544
31.860	490	31.884	542
31.910	500	31.936	542
31.961	510	31.986	543
32.011	520	32.037	542
32.063	526	32.087	543
32.113	534	32.138	543
32.164	540	32.189	543
32.214	539	32.240	544
32.265	540	32.291	543
32.316	540	32.341	544
32.367	533	32.392	543
32.417	527	32.442	543
32.468	520	32.494	544
32.518	509	32.544	542
32.569	499	32.595	543
32.620	489	32.645	543
32.671	480	32.696	543
32.721	471	32.747	543
32.772	464	32.798	543
32.822	456	32.848	541
32.874	453	32.899	543
32.924	451	32.949	542
32.975	451	33.001	542
33.025	455	33.051	543
33.076	460	33.102	543
33.127	465	33.152	542
33.178	474	33.203	543
33.228	481	33.253	542
33.279	490	33.305	541
33.329	500	33.355	542
33.380	509	33.406	542
33.431	518	33.456	543
33.482	526	33.507	543
33.532	532	33.558	543
33.583	536	33.609	542
33.633	537	33.659	542
33.685	538	33.710	543
33.735	535	33.760	543
33.786	531	33.812	543
33.836	524	33.862	543
33.887	516	33.913	544
33.938	509	33.963	543
33.989	499	34.014	543
34.039	490	34.065	543
34.090	482	34.116	541
34.140	471	34.166	543
34.191	466	34.217	543
34.242	460	34.267	542
34.293	457	34.318	542
34.343	455	34.369	541
34.394	455	34.420	543
34.444	457	34.470	542
34.496	460	34.521	543
34.546	468	34.571	543
34.597	473	34.623	541
34.647	482	34.673	543
34.698	491	34.724	543
34.749	499	34.774	543
34.800	508	34.825	544
34.850	518	34.876	541
34.901	525	34.927	543
34.951	532	34.977	543
35.002	535	35.028	542
35.053	536	35.078	542
35.104	536	35.129	544
35.154	536	35.180	542
35.205	529	35.231	543
35.255	522	35.281	544
35.307	516	35.332	543
35.357	507	35.382	543
35.408	498	35.434	542
35.458	490	35.484	542
35.509	482	35.535	542
35.560	474	35.585	542
35.611	466	35.636	542
35.661	461	35.687	542
35.712	458	35.738	541
35.762	455	35.788	540
35.813	457	35.839	543
35.864	459	35.889	540
35.915	463	35.940	542
35.965	467	35.991	543
36.016	476	36.042	542
36.066	483	36.092	542
36.118	491	36.143	542
36.168	500	36.193	542
36.219	509	36.245	544
36.269	518	36.295	542
36.320	524	36.346	543
36.371	529	36.396	543
36.422	532	36.447	542
36.472	533	36.498	541
36.523	532	36.549	542
36.573	531	36.599	543
36.625	527	36.650	542
36.675	521	36.700	542
36.726	513	36.751	542
36.776	506	36.802	542
36.827	498	36.853	542
36.877	490	36.903	542
36.929	482	36.954	544
36.979	475	37.004	544
37.030	469	37.056	542
37.080	462	37.106	543
37.131	459	37.157	543
37.182	460	37.207	543
37.233	459	37.258	542
37.283	461	37.309	542
37.334	466	37.360	543
37.384	472	37.410	543
37.436	477	37.461	543
37.486	486	37.511	542
37.537	493	37.562	542
37.587	501	37.613	543
37.638	509	37.664	541
37.688	515	37.714	542
37.740	522	37.765	543
37.790	527	37.815	542
37.841	529	37.867	542
37.891	532	37.917	543
37.942	531	37.968	543
37.993	529	38.018	542
38.044	524	38.069	543
38.094	519	38.120	543
38.145	512	38.171	542
38.195	505	38.221	543
38.247	497	38.272	543
38.297	489	38.322	544
38.348	484	38.373	543
38.398	477	38.424	544
38.449	468	38.475	543
38.499	465	38.525	543
38.551	462	38.576	542
38.601	460	38.626	543
38.652	461	38.678	542
38.702	463	38.728	542
38.753	467	38.779	542
38.804	472	38.829	543
38.855	480	38.880	542
38.905	487	38.931	544
38.956	494	38.982	542
39.006	502	39.032	542
39.058	508	39.083	543
39.108	516	39.133	543
39.159	522	39.185	544
39.209	526	39.235	542
39.260	528	39.286	543
39.310	530	39.336	543
39.362	528	39.387	542
39.412	525	39.437	541
39.463	521	39.489	542
39.513	517	39.539	542
39.564	511	39.590	543
39.615	504	39.640	543
39.666	497	39.691	541
39.716	488	39.742	541
39.767	482	39.793	544
39.817	476	39.843	541
39.869	470	39.894	542
39.919	466	39.944	542
39.970	464	39.996	542
40.020	463	40.046	542
40.071	465	40.097	542
40.121	466	40.147	543
40.173	470	40.198	542
40.223	475	40.248	543
40.274	482	40.300	541
40.324	488	40.350	542
40.375	495	40.401	543
40.426	501	40.451	542
40.477	509	40.502	543
40.527	516	40.553	543
40.578	520	40.604	541
40.628	524	40.654	543
40.680	526	40.705	542
40.730	526	40.755	541
40.781	527	40.807	541
40.831	523	40.857	542
40.882	520	40.908	544
40.932	515	40.958	544
40.984	510	41.009	543
41.034	502	41.059	542
41.085	496	41.111	543
41.135	489	41.161	542
41.186	483	41.212	542
41.237	479	41.262	541
41.288	473	41.313	543
41.338	468	41.364	543
41.389	467	41.415	542
41.439	466	41.465	543
41.491	467	41.516	542
41.541	470	41.566	542
41.592	473	41.618	542
41.642	477	41.668	542
41.693	483	41.719	543
41.743	488	41.769	542
41.795	496	41.820	543
41.846	503	41.870	544
41.896	509	41.922	543
41.947	513	41.972	542
41.997	519	42.023	543
42.049	522	42.073	542
42.099	523	42.124	542
42.150	524	42.175	544
42.200	524	42.226	542
42.251	521	42.276	542
42.302	518	42.327	541
42.353	513	42.377	542
42.403	507	42.429	543
42.454	501	42.479	541
42.504	496	42.530	542
42.556	491	42.580	544
42.606	484	42.631	542
42.657	479	42.681	542
42.707	474	42.733	542
42.758	470	42.783	543
42.808	469	42.834	541
42.860	468	42.884	543
42.910	470	42.935	543
42.961	472	42.986	544
43.011	475	43.037	543
43.062	479	43.087	542
43.113	484	43.138	543
43.164	489	43.188	542
43.214	496	43.240	541
43.265	503	43.290	542
43.315	507	43.341	542
43.367	511	43.391	543
43.417	517	43.442	543
43.468	520	43.492	543
43.518	523	43.544	541
43.569	524	43.594	543
43.619	521	43.645	541
43.671	519	43.695	543
43.721	515	43.746	542
43.772	512	43.797	543
43.822	507	43.848	543
43.873	500	43.898	543
43.924	495	43.949	543
43.975	490	43.999	543
44.025	484	44.051	543
44.076	478	44.101	542
44.126	474	44.152	542
44.178	472	44.202	543
44.228	471	44.253	542
44.279	470	44.303	542
44.329	472	44.355	543
44.380	475	44.405	543
44.430	477	44.456	544
44.482	481	44.506	543
44.532	485	44.557	541
44.583	492	44.608	542
44.633	496	44.659	543
44.684	503	44.709	542
44.735	505	44.760	541
44.786	512	44.811	541
44.836	517	44.862	542
44.887	520	44.913	542
44.937	520	44.963	543
44.989	520	45.014	543
45.039	519	45.064	542
45.090	518	45.116	542
45.140	514	45.166	545
45.191	510	45.217	543
45.241	506	45.267	542
45.293	500	45.318	543
45.343	496	45.368	543
45.394	488	45.420	542
45.444	484	45.470	543
45.495	480	45.521	542
45.546	475	45.571	541
45.597	475	45.622	543
45.647	473	45.673	542
45.698	473	45.724	544
45.748	474	45.774	544
45.800	475	45.825	543
45.850	479	45.875	543
45.901	483	45.927	542
45.951	488	45.977	543
46.002	491	46.028	542
46.052	498	46.078	542
46.104	502	46.129	543
46.154	507	46.179	542
46.205	512	46.231	542
46.255	514	46.281	543
46.306	517	46.332	542
46.357	520	46.382	542
46.408	518	46.433	544
46.458	517	46.484	542
46.509	515	46.535	542
46.559	512	46.585	542
46.611	507	46.636	542
46.661	503	46.686	543
46.712	499	46.738	542
46.762	495	46.788	541
46.813	489	46.839	542
46.863	485	46.889	542
46.915	482	46.940	543
46.965	478	46.990	543
47.016	474	47.042	543
47.066	476	47.092	542
47.117	474	47.143	542
47.168	476	47.193	542
47.219	478	47.244	544
47.269	482	47.295	543
47.320	485	47.346	543
47.370	488	47.396	543
47.422	494	47.447	544
47.472	499	47.497	543
47.523	501	47.549	542
47.573	507	47.599	541
47.624	510	47.650	541
47.674	512	47.700	544
47.726	515	47.751	543
47.776	515	47.801	542
47.827	514	47.853	542
47.877	514	47.903	543
47.928	513	47.954	542
47.979	510	48.004	543
48.030	507	48.055	543
48.081	502	48.106	542
48.131	497	48.157	542
48.182	496	48.207	544
48.233	491	48.258	542
48.284	485	48.308	543
48.334	483	48.360	543
48.385	480	48.410	542
48.435	478	48.461	542
48.487	478	48.511	542
48.537	478	48.562	542
48.588	480	48.612	542
48.638	480	48.664	542
48.689	482	48.714	543
48.739	485	48.765	542
48.791	490	48.815	543
48.841	494	48.866	544
48.892	498	48.917	543
48.942	502	48.968	543
48.993	505	49.018	543
49.044	509	49.069	542
49.095	512	49.119	541
49.145	513	49.171	542
49.196	514	49.221	543
49.246	515	49.272	542
49.298	513	49.322	542
49.348	511	49.373	542
49.399	509	49.423	543
49.449	506	49.475	543
49.500	502	49.525	543
49.550	497	49.576	541
49.602	494	49.626	543
49.652	492	49.677	544
49.703	486	49.728	542
49.753	483	49.779	542
49.804	481	49.829	542
49.855	480	49.880	542
49.906	479	49.930	542
49.956	479	49.982	542
50.007	480	50.032	542
50.057	483	50.083	542
50.109	485	50.133	540
50.159	486	50.184	542
50.210	492	50.234	541
50.260	493	50.286	543
50.311	497	50.336	543
50.361	502	50.387	543
50.413	505	50.437	543
50.463	510	50.488	543
50.514	510	50.539	543
50.564	511	50.590	543
50.615	511	50.640	544
50.666	512	50.691	543
50.717	510	50.741	544
50.767	509	50.793	543
50.818	506	50.843	544
50.868	503	50.894	543
50.920	501	50.944	543
50.970	496	50.995	542
51.021	494	51.045	542
51.071	490	51.097	542
51.122	486	51.148	542
51.172	486	51.198	543
51.224	483	51.249	542
51.274	482	51.299	543
51.325	481	51.351	542
51.375	481	51.401	542
51.426	483	51.452	543
51.477	485	51.502	542
51.528	486	51.553	543
51.578	488	51.604	544
51.629	492	51.655	541
51.679	496	51.705	543
51.731	499	51.756	544
51.781	502	51.806	542
51.832	504	51.858	542
51.882	505	51.908	543
51.933	507	51.959	544
51.983	509	52.009	543
52.035	509	52.060	542
52.085	509	52.110	542
52.136	508	52.162	543
52.186	507	52.212	544
52.237	505	52.263	542
52.288	503	52.313	543
52.339	499	52.364	541
52.389	497	52.415	542
52.440	494	52.466	542
52.490	494	52.516	542
52.542	488	52.567	542
52.592	487	52.617	542
52.643	485	52.669	542
52.693	484	52.719	542
52.744	485	52.770	543
52.794	483	52.820	542
52.846	484	52.871	542
52.896	486	52.921	542
52.947	488	52.973	543
52.997	490	53.023	543
53.048	494	53.074	543
53.099	495	53.124	543
53.150	498	53.175	543
53.200	501	53.226	543
53.251	504	53.277	542
53.301	505	53.327	541
53.353	506	53.378	543
53.403	508	53.428	542
53.454	508	53.480	542
53.504	508	53.530	543
53.555	506	53.581	543
53.605	506	53.631	542
53.657	503	53.682	542
53.707	500	53.732	542
53.758	498	53.784	542
53.808	496	53.834	542
53.859	494	53.885	542
53.910	492	53.935	543
53.961	490	53.986	541
54.011	487	54.037	543
54.062	485	54.088	543
54.112	485	54.138	543
54.164	485	54.189	542
54.214	486	54.239	542
54.265	488	54.291	542
54.315	487	54.341	543
54.366	489	54.392	543
54.417	492	54.442	542
54.468	494	54.493	544
54.518	496	54.543	542
54.569	498	54.595	543
54.619	501	54.645	543
54.670	502	54.696	542
54.721	503	54.746	541
54.772	505	54.797	543
54.822	506	54.848	543
54.873	508	54.899	542
54.923	507	54.949	542
54.975	504	55.000	541
55.025	502	55.050	542
55.076	501	55.102	541
55.126	499	55.152	543
55.177	498	55.203	542
55.228	496	55.253	542
55.279	493	55.304	542
55.329	491	55.354	542
55.380	489	55.406	542
55.430	489	55.456	542
55.481	489	55.507	543
55.532	488	55.557	543
55.583	486	55.608	541
55.634	486	55.659	541
55.684	488	55.710	542
55.735	488	55.760	542
55.786	491	55.811	542
55.837	492	55.861	543
55.887	494	55.913	544
55.938	498	55.963	544
55.988	498	56.014	544
56.040	501	56.064	543
56.090	502	56.115	542
56.141	502	56.165	542
56.191	504	56.217	544
56.242	504	56.267	542
56.292	504	56.318	542
56.344	503	56.368	543
56.394	503	56.419	542
56.445	502	56.470	543
56.495	501	56.521	543
56.546	498	56.571	542
56.597	497	56.622	542
56.648	495	56.672	541
56.698	493	56.724	541
56.749	491	56.774	542
56.799	491	56.825	543
56.851	489	56.875	542
56.901	490	56.926	542
56.952	490	56.977	542
57.002	489	57.028	543
57.053	490	57.078	541
57.103	490	57.129	542
57.155	491	57.179	541
57.205	493	57.230	543
57.256	494	57.281	542
57.306	495	57.332	542
57.357	498	57.382	543
57.408	497	57.433	543
57.459	500	57.483	543
57.509	501	57.535	543
57.560	501	57.585	542
57.610	503	57.636	542
57.662	502	57.686	543
57.712	502	57.737	543
57.763	501	57.788	541
57.813	501	57.839	542
57.864	500	57.889	542
57.914	499	57.940	542
57.966	499	57.990	541
58.016	496	58.041	543
58.067	494	58.092	541
58.117	494	58.143	543
58.168	494	58.193	542
58.219	492	58.244	544
58.270	492	58.294	541
58.320	491	58.346	543
58.371	490	58.396	542
58.421	490	58.447	543
58.473	492	58.497	542
58.523	492	58.548	543
58.574	492	58.599	542
58.624	493	58.650	542
58.675	495	58.701	543
58.725	495	58.751	541
58.777	496	58.802	543
58.827	497	58.852	542
58.878	499	58.904	543
58.928	500	58.954	544
58.979	500	59.005	542
59.030	501	59.055	543
59.081	501	59.106	543
59.131	499	59.157	543
59.182	499	59.208	543
59.232	500	59.258	542
59.284	497	59.309	542
59.334	497	59.359	541
59.385	497	59.411	541
59.435	495	59.461	540
59.486	495	59.512	543
59.537	494	59.562	543
59.588	494	59.613	544
59.638	493	59.663	543
59.689	492	59.715	542
59.739	492	59.765	542
59.790	493	59.816	543
59.841	494	59.866	543
59.892	492	59.917	542
59.942	494	59.968	543
59.993	493	60.019	542
60.043	496	60.069	543
60.095	495	60.120	541
60.145	496	60.170	542
60.196	497	60.222	543
60.246	498	60.272	542
60.297	499	60.323	543
60.348	498	60.373	544
60.399	499	60.424	543
60.449	500	60.474	542
60.500	498	60.526	543
60.550	498	60.576	543
60.601	498	60.627	543
60.652	496	60.677	543
60.703	497	60.728	543
60.753	496	60.779	542
60.804	496	60.830	541
60.854	496	60.880	541
60.906	494	60.931	542
60.956	495	60.981	543
61.007	493	61.033	543
61.057	495	61.083	543
61.108	493	61.134	543
61.159	493	61.184	544
61.210	494	61.235	543
61.260	494	61.285	541
61.311	494	61.337	544
61.361	495	61.387	543
61.412	496	61.438	542
61.463	495	61.488	542
61.514	496	61.539	543
61.564	497	61.590	543
61.615	498	61.641	543
61.665	499	61.691	541
61.717	498	61.742	543
61.767	498	61.792	543
61.818	499	61.844	542
61.868	498	61.894	543
61.919	497	61.945	542
61.970	498	61.995	544
62.021	497	62.046	544
62.071	497	62.097	543
62.122	496	62.148	542
62.172	496	62.198	543
62.223	496	62.249	543
62.274	496	62.299	541
62.325	495	62.350	542
62.376	494	62.401	542
62.426	495	62.452	541
62.477	495	62.502	541
62.528	494	62.553	543
62.579	496	62.603	542
62.629	495	62.655	541
62.680	496	62.705	543
62.730	496	62.756	540
62.782	495	62.806	542
62.832	496	62.857	542
62.883	497	62.908	541
62.933	496	62.959	542
62.984	495	63.009	542
63.034	497	63.060	542
63.086	498	63.110	543
63.136	498	63.161	543
63.187	497	63.212	541
63.237	497	63.263	543
63.288	498	63.313	544
63.339	496	63.364	542
63.390	495	63.414	544
63.440	496	63.466	544
63.491	495	63.516	542
63.541	496	63.567	543
63.593	495	63.617	542
63.643	496	63.668	543
63.694	497	63.719	542
63.744	497	63.770	543
63.795	497	63.820	543
63.845	497	63.871	542
63.897	495	63.921	541
63.947	496	63.972	544
63.998	496	64.023	543
64.048	496	64.074	544
64.099	496	64.124	542
64.150	495	64.175	543
64.201	495	64.225	543
64.251	496	64.277	542
64.302	497	64.327	543
64.352	497	64.378	545
64.404	496	64.428	543
64.454	496	64.479	542
64.505	496	64.530	543
64.555	496	64.581	544
64.606	496	64.631	544
64.657	496	64.682	542
64.708	496	64.732	544
64.758	496	64.783	542
64.809	498	64.834	542
64.859	497	64.885	542
64.910	495	64.935	541
64.961	496	64.986	542
65.012	495	65.036	543
65.062	496	65.088	542
65.113	496	65.138	542
65.163	497	65.189	543
65.215	496	65.239	542
65.265	497	65.290	542
65.316	496	65.341	543
65.366	496	65.392	542
65.417	496	65.443	542
65.468	497	65.493	543
65.519	497	65.544	542
65.569	497	65.594	543
65.620	496	65.646	544
65.670	497	65.696	542
65.721	497	65.747	543
65.772	496	65.797	543
65.823	496	65.848	543
65.873	497	65.899	543
65.924	495	65.950	542
65.974	496	66.000	542
66.026	495	66.051	542
66.076	496	66.101	542
66.127	496	66.153	542
66.177	495	66.203	541
66.228	495	66.254	543
66.279	496	66.304	542
66.330	495	66.355	542
66.380	496	66.405	542
66.431	497	66.457	542
66.481	496	66.507	541
66.532	496	66.558	541
66.583	496	66.608	542
66.634	497	66.659	543
66.684	495	66.710	542
66.735	496	66.761	542
66.785	495	66.811	542
66.837	496	66.862	542
66.887	496	66.912	542
66.938	496	66.964	542
66.988	497	67.014	543
67.039	496	67.065	544
67.090	496	67.115	543
67.141	496	67.166	541
67.191	495	67.217	541
67.242	497	67.268	541
67.292	497	67.318	541
67.343	495	67.369	541
67.394	497	67.419	543
67.445	497	67.470	543
67.495	497	67.521	542
67.546	498	67.572	543
67.596	497	67.622	542
67.648	496	67.673	542
67.698	496	67.723	542
67.749	496	67.775	542
67.799	497	67.825	542
