#Creator: pendulumviewEventBuffer
#Creation time: Tue Feb 21 16:56:22 2017
#Time A	Pos A	Time B	Pos B
#[s]	[au]	[s]	[au]
0.025	383	0.051	505
0.076	398	0.101	522
0.126	419	0.152	543
0.178	441	0.202	565
0.228	467	0.253	590
0.279	492	0.304	614
0.329	518	0.355	638
0.380	541	0.405	660
0.431	560	0.456	679
0.482	575	0.506	693
0.532	586	0.558	702
0.583	591	0.608	705
0.633	589	0.659	704
0.685	582	0.709	697
0.735	571	0.760	685
0.786	556	0.810	669
0.836	535	0.862	646
0.887	510	0.913	624
0.937	485	0.963	599
0.989	460	1.014	575
1.039	435	1.064	552
1.090	415	1.116	531
1.140	397	1.166	513
1.191	381	1.217	500
1.242	372	1.267	492
1.293	369	1.318	488
1.343	369	1.369	489
1.394	376	1.420	498
1.444	387	1.470	511
1.496	404	1.521	525
1.546	424	1.571	546
1.597	445	1.622	568
1.647	469	1.673	593
1.698	494	1.724	616
1.748	519	1.774	641
1.800	542	1.825	661
1.850	561	1.875	677
1.901	575	1.927	690
1.951	583	1.977	700
2.002	588	2.028	703
2.053	585	2.078	701
2.104	578	2.129	692
2.154	565	2.180	680
2.205	550	2.231	664
2.255	530	2.281	645
2.307	506	2.332	622
2.357	481	2.382	598
2.408	456	2.434	574
2.458	435	2.484	553
2.509	413	2.535	532
2.559	395	2.585	515
2.611	382	2.636	502
2.661	374	2.686	494
2.712	371	2.738	491
2.762	373	2.788	494
2.813	382	2.839	500
2.864	392	2.889	513
2.915	409	2.940	529
2.965	429	2.991	548
3.016	452	3.042	571
3.066	474	3.092	595
3.118	499	3.143	618
3.168	522	3.193	639
3.219	542	3.245	659
3.269	559	3.295	676
3.320	573	3.346	689
3.370	582	3.396	696
3.422	585	3.447	699
3.472	582	3.497	697
3.523	573	3.549	689
3.573	562	3.599	677
3.624	544	3.650	661
3.675	522	3.700	641
3.726	501	3.751	619
3.776	477	3.802	597
3.827	453	3.853	574
3.877	431	3.903	551
3.929	413	3.954	532
3.979	396	4.004	515
4.030	385	4.056	503
4.080	377	4.106	494
4.131	375	4.157	493
4.181	377	4.207	496
4.233	386	4.258	503
4.283	400	4.308	515
4.334	417	4.360	532
4.384	434	4.410	552
4.435	458	4.461	570
4.486	478	4.511	595
4.537	501	4.562	619
4.587	525	4.613	639
4.638	544	4.664	659
4.688	559	4.714	676
4.740	572	4.765	689
4.790	578	4.815	696
4.841	579	4.867	699
4.891	576	4.917	695
4.942	568	4.968	688
4.992	554	5.018	676
5.044	537	5.069	658
5.094	519	5.119	640
5.145	496	5.171	617
5.195	474	5.221	594
5.246	450	5.272	571
5.297	430	5.322	551
5.348	412	5.373	532
5.398	397	5.424	515
5.449	387	5.475	504
5.499	381	5.525	498
5.551	379	5.576	495
5.601	382	5.626	498
5.652	392	5.678	506
5.702	404	5.728	518
5.753	421	5.779	535
5.803	440	5.829	554
5.855	460	5.880	575
5.905	482	5.930	597
5.956	504	5.982	621
6.006	525	6.032	640
6.057	543	6.083	659
6.109	558	6.133	676
6.159	569	6.184	687
6.210	576	6.235	693
6.260	576	6.286	696
6.311	572	6.336	694
6.362	563	6.387	685
6.413	550	6.437	671
6.463	532	6.489	654
6.514	514	6.539	634
6.564	491	6.590	614
6.616	470	6.640	592
6.666	449	6.691	570
6.717	427	6.741	549
6.767	411	6.793	531
6.818	398	6.843	517
6.868	389	6.894	507
6.920	384	6.944	500
6.970	385	6.995	498
7.021	388	7.046	500
7.071	395	7.097	508
7.122	408	7.147	520
7.173	425	7.198	537
7.224	443	7.248	557
7.274	463	7.300	580
7.325	486	7.350	600
7.375	507	7.401	623
7.427	528	7.451	642
7.477	544	7.502	659
7.528	555	7.552	675
7.578	566	7.604	687
7.629	571	7.654	693
7.679	571	7.705	694
7.731	567	7.755	690
7.781	556	7.806	681
7.832	544	7.857	669
7.882	527	7.908	651
7.933	508	7.958	633
7.984	487	8.009	612
8.035	466	8.059	590
8.085	446	8.111	568
8.136	428	8.161	549
8.186	412	8.212	532
8.238	399	8.262	516
8.288	391	8.313	505
8.339	388	8.363	500
8.389	387	8.415	501
8.440	392	8.465	502
8.490	402	8.516	512
8.542	414	8.566	525
8.592	430	8.617	542
8.643	449	8.668	560
8.693	468	8.719	581
8.744	489	8.769	604
8.795	509	8.820	624
8.846	528	8.870	644
8.896	543	8.922	662
8.947	556	8.972	676
8.997	564	9.023	686
9.049	568	9.073	691
9.099	567	9.124	692
9.150	562	9.174	688
9.200	552	9.226	679
9.251	538	9.277	665
9.301	523	9.327	648
9.353	504	9.378	629
9.403	484	9.428	608
9.454	463	9.480	587
9.504	444	9.530	566
9.555	428	9.581	546
9.606	413	9.631	530
9.657	402	9.682	516
9.707	394	9.733	507
9.758	391	9.784	503
9.808	392	9.834	503
9.860	397	9.885	506
9.910	407	9.935	515
9.961	418	9.987	529
10.011	435	10.037	544
10.062	452	10.088	564
10.112	472	10.138	583
10.164	491	10.189	606
10.214	512	10.239	627
10.265	527	10.291	646
10.315	541	10.341	662
10.366	554	10.392	675
10.417	560	10.442	685
10.468	564	10.493	691
10.518	562	10.544	689
10.569	557	10.595	684
10.619	547	10.645	675
10.671	534	10.696	662
10.721	519	10.746	645
10.772	501	10.798	627
10.822	481	10.848	604
10.873	461	10.899	585
10.923	445	10.949	564
10.975	428	11.000	544
11.025	414	11.050	529
11.076	404	11.102	516
11.126	397	11.152	509
11.177	395	11.203	503
11.228	397	11.253	502
11.279	402	11.304	509
11.329	412	11.355	520
11.380	423	11.406	531
11.430	439	11.456	548
11.482	456	11.507	568
11.532	474	11.557	588
11.583	492	11.609	608
11.633	510	11.659	629
11.684	528	11.710	648
11.734	541	11.760	664
11.786	551	11.811	676
11.836	557	11.861	684
11.887	559	11.913	688
11.937	558	11.963	687
11.988	554	12.014	679
12.039	542	12.064	672
12.090	530	12.115	658
12.140	514	12.166	642
12.191	497	12.217	623
12.241	480	12.267	602
12.293	460	12.318	581
12.343	442	12.368	561
12.394	427	12.420	545
12.444	416	12.470	530
12.495	408	12.521	518
12.546	400	12.571	507
12.597	397	12.622	505
12.647	401	12.672	506
12.698	407	12.724	513
12.748	415	12.774	522
12.799	427	12.825	534
12.850	442	12.875	551
12.901	460	12.926	571
12.951	478	12.977	592
13.002	494	13.028	611
13.052	511	13.078	630
13.104	526	13.129	648
13.154	538	13.179	663
13.205	549	13.231	675
13.255	555	13.281	683
13.306	555	13.332	686
13.357	554	13.382	685
13.408	548	13.433	678
13.458	538	13.483	668
13.509	526	13.535	653
13.559	509	13.585	637
13.610	493	13.636	620
13.661	477	13.686	599
13.712	459	13.737	579
13.763	443	13.788	558
13.813	429	13.839	543
13.864	418	13.889	529
13.915	409	13.940	518
13.966	403	13.990	509
14.016	402	14.042	508
14.067	405	14.092	508
14.117	411	14.143	515
14.169	420	14.193	527
14.219	431	14.244	538
14.270	447	14.294	555
14.320	463	14.346	576
14.371	479	14.396	594
14.421	496	14.447	614
14.473	513	14.497	633
14.523	525	14.548	651
14.574	538	14.599	666
14.624	547	14.650	675
14.675	551	14.700	682
14.726	550	14.751	684
14.777	550	14.801	682
14.827	543	14.853	675
14.878	534	14.903	663
14.928	522	14.954	650
14.980	507	15.004	633
15.030	490	15.055	614
15.081	473	15.106	594
15.131	459	15.157	577
15.182	443	15.207	558
15.232	429	15.258	541
15.284	420	15.308	527
15.334	411	15.359	517
15.385	408	15.410	512
15.435	407	15.461	510
15.486	408	15.511	512
15.537	414	15.562	520
15.588	423	15.612	529
15.638	436	15.664	544
15.689	451	15.714	560
15.739	464	15.765	578
15.791	480	15.815	598
15.841	496	15.866	617
15.892	512	15.917	636
15.942	525	15.968	651
15.993	534	16.018	663
16.043	543	16.069	673
16.095	547	16.119	680
16.145	548	16.170	682
16.196	545	16.221	678
16.246	539	16.272	671
16.297	530	16.322	660
16.348	519	16.373	645
16.399	503	16.423	627
16.449	488	16.475	611
16.500	472	16.525	593
16.550	458	16.576	573
16.602	444	16.626	556
16.652	431	16.677	540
16.703	420	16.728	527
16.753	414	16.779	517
16.804	409	16.830	513
16.854	409	16.880	512
16.906	412	16.931	516
16.956	419	16.981	523
17.007	426	17.033	534
17.057	437	17.083	549
17.108	452	17.134	563
17.159	466	17.184	582
17.210	482	17.235	602
17.260	497	17.286	618
17.311	511	17.337	639
17.361	523	17.387	654
17.413	534	17.438	665
17.463	541	17.488	674
17.514	545	17.540	678
17.564	546	17.590	678
17.615	541	17.641	675
17.666	536	17.691	667
17.717	526	17.742	655
17.767	515	17.792	641
17.818	501	17.844	625
17.868	487	17.894	607
17.919	471	17.945	588
17.970	456	17.995	571
18.021	444	18.046	554
18.071	432	18.097	538
18.122	422	18.148	528
18.172	416	18.198	519
18.224	413	18.249	515
18.274	412	18.299	516
18.325	415	18.351	519
18.375	422	18.401	526
18.426	431	18.452	537
18.477	441	18.502	552
18.528	454	18.553	570
18.578	469	18.603	586
18.629	483	18.655	605
18.679	498	18.705	623
18.730	510	18.756	639
18.781	523	18.806	654
18.832	530	18.857	663
18.882	538	18.908	672
18.933	543	18.959	675
18.983	542	19.009	675
19.035	538	19.060	671
19.085	531	19.110	663
19.136	525	19.162	652
19.186	512	19.212	638
19.237	500	19.263	619
19.288	485	19.313	603
19.339	470	19.364	585
19.389	457	19.414	567
19.440	444	19.466	552
19.490	434	19.516	539
19.541	425	19.567	528
19.592	418	19.617	521
19.643	417	19.668	518
19.693	415	19.719	518
19.744	418	19.770	523
19.794	424	19.820	531
19.846	433	19.871	543
19.896	444	19.921	557
19.947	456	19.973	573
19.997	470	20.023	591
20.048	484	20.074	607
20.099	498	20.124	623
20.150	509	20.175	640
20.200	523	20.226	653
20.251	529	20.277	663
20.301	535	20.327	669
20.352	540	20.378	673
20.403	538	20.428	673
20.454	535	20.479	667
20.505	529	20.530	660
20.555	521	20.581	647
20.606	510	20.631	633
20.657	497	20.682	617
20.708	483	20.732	599
20.758	471	20.784	582
20.809	458	20.834	566
20.859	445	20.885	551
20.911	434	20.935	538
20.961	426	20.986	529
21.012	421	21.037	522
21.062	417	21.088	521
21.113	419	21.138	522
21.163	422	21.189	526
21.215	428	21.239	535
21.265	436	21.290	547
21.316	446	21.341	562
21.366	458	21.392	576
21.417	472	21.442	593
21.468	485	21.493	611
21.519	496	21.543	626
21.569	510	21.595	640
21.620	520	21.645	654
21.670	528	21.696	662
21.722	535	21.746	668
21.772	536	21.797	670
21.823	536	21.848	670
21.873	532	21.899	662
21.924	526	21.949	653
21.974	519	22.000	642
22.026	508	22.050	629
22.076	496	22.101	614
22.127	480	22.152	596
22.177	469	22.203	579
22.228	457	22.253	564
22.279	445	22.304	550
22.330	435	22.354	540
22.380	427	22.406	530
22.431	423	22.456	524
22.481	421	22.507	525
22.533	421	22.557	526
22.583	423	22.608	531
22.634	430	22.659	541
22.684	438	22.710	552
22.735	449	22.760	565
22.786	461	22.811	582
22.837	473	22.861	597
22.887	485	22.912	613
22.938	499	22.963	628
22.988	510	23.014	641
23.039	518	23.064	653
23.090	526	23.115	660
23.141	532	23.165	665
23.191	534	23.217	667
23.242	532	23.267	664
23.292	529	23.318	658
23.344	524	23.368	648
23.394	515	23.419	639
23.445	505	23.470	625
23.495	493	23.521	607
23.546	482	23.572	592
23.597	470	23.622	577
23.648	457	23.673	563
23.698	446	23.723	550
23.749	438	23.775	539
23.799	430	23.825	534
23.850	425	23.876	527
23.901	423	23.926	526
23.952	425	23.977	529
24.002	426	24.028	535
24.053	433	24.079	544
24.103	440	24.129	555
24.155	451	24.180	570
24.205	460	24.230	584
24.256	474	24.282	600
24.306	486	24.332	612
24.357	497	24.383	629
24.408	509	24.433	641
24.459	517	24.484	653
24.509	525	24.534	658
24.560	530	24.586	662
24.610	532	24.636	662
24.661	531	24.687	659
24.712	528	24.737	654
24.763	521	24.788	644
24.813	514	24.839	633
24.864	503	24.890	621
24.914	491	24.940	605
24.966	481	24.991	590
25.016	468	25.041	574
25.067	457	25.093	560
25.117	447	25.143	550
25.168	438	25.194	541
25.219	431	25.244	534
25.270	426	25.295	529
25.320	425	25.346	530
25.371	426	25.397	534
25.421	429	25.447	539
25.472	436	25.498	549
25.523	442	25.548	561
25.574	452	25.599	573
25.624	462	25.650	589
25.675	475	25.701	602
25.725	486	25.751	617
25.777	496	25.802	631
25.827	508	25.852	640
25.878	517	25.904	651
25.928	523	25.954	655
25.979	528	26.005	659
26.030	529	26.055	659
26.081	529	26.106	655
26.131	524	26.157	648
26.182	519	26.208	640
26.232	511	26.258	629
26.283	502	26.309	613
26.334	491	26.359	601
26.385	478	26.410	587
26.435	467	26.461	574
26.486	457	26.512	561
26.536	447	26.562	551
26.588	440	26.613	543
26.638	433	26.663	537
26.689	427	26.715	533
26.739	427	26.765	534
26.790	428	26.816	537
26.841	432	26.866	545
26.892	440	26.917	553
26.942	446	26.968	566
26.993	455	27.019	577
27.043	465	27.069	592
27.094	475	27.120	605
27.145	486	27.170	619
27.196	499	27.221	630
27.246	508	27.272	640
27.297	516	27.323	648
27.347	522	27.373	654
27.399	526	27.424	656
27.449	527	27.474	656
27.500	528	27.526	652
27.550	523	27.576	644
27.601	516	27.627	635
27.652	507	27.677	624
27.703	500	27.728	611
27.753	489	27.779	597
27.804	479	27.830	586
27.854	467	27.880	572
27.906	457	27.931	562
27.956	448	27.981	552
28.007	439	28.032	544
28.057	434	28.083	538
28.108	430	28.134	537
28.158	429	28.184	538
28.210	429	28.235	543
28.260	433	28.285	548
28.311	440	28.337	558
28.361	448	28.387	569
28.412	456	28.438	580
28.463	465	28.488	593
28.514	477	28.539	607
28.564	488	28.590	619
28.615	499	28.641	630
28.665	507	28.691	641
28.717	515	28.742	646
28.767	521	28.792	652
28.818	525	28.843	652
28.868	526	28.894	651
28.919	525	28.945	647
28.969	520	28.995	640
29.021	513	29.046	631
29.071	506	29.096	621
29.122	497	29.148	607
29.172	487	29.198	596
29.223	476	29.249	583
29.274	466	29.299	571
29.325	457	29.350	560
29.375	447	29.401	553
29.426	440	29.452	545
29.476	435	29.502	542
29.528	432	29.553	542
29.578	432	29.603	543
29.629	432	29.654	546
29.679	435	29.705	554
29.730	442	29.756	561
29.780	449	29.806	572
29.832	458	29.857	585
29.882	469	29.907	596
29.933	478	29.959	607
29.983	488	30.009	619
30.034	498	30.060	629
30.085	507	30.110	638
30.136	514	30.161	644
30.186	519	30.212	647
30.237	522	30.263	648
30.287	525	30.313	647
30.339	522	30.364	643
30.389	518	30.414	635
30.440	511	30.466	628
30.490	504	30.516	616
30.541	496	30.567	605
30.591	486	30.617	593
30.643	475	30.668	582
30.693	465	30.718	571
30.744	456	30.770	561
30.794	448	30.820	554
30.845	440	30.871	547
30.896	437	30.921	545
30.947	432	30.972	545
30.997	433	31.023	545
31.048	435	31.074	550
31.098	438	31.124	558
31.150	444	31.175	566
31.200	451	31.225	575
31.251	460	31.277	587
31.301	470	31.327	597
31.352	480	31.378	608
31.402	490	31.428	618
31.454	498	31.479	629
31.504	507	31.529	637
31.555	514	31.581	640
31.605	518	31.631	644
31.656	522	31.682	645
31.707	523	31.732	641
31.758	520	31.783	637
31.808	516	31.834	632
31.859	510	31.885	623
31.909	502	31.935	615
31.961	493	31.986	603
32.011	483	32.036	593
32.062	474	32.088	581
32.112	464	32.138	571
32.163	456	32.189	564
32.213	449	32.239	556
32.265	443	32.290	552
32.315	436	32.340	549
32.366	434	32.392	548
32.416	434	32.442	551
32.467	437	32.493	555
32.518	441	32.543	562
32.569	447	32.594	568
32.619	453	32.645	578
32.670	461	32.696	589
32.720	472	32.746	601
32.772	480	32.797	608
32.822	491	32.847	619
32.873	499	32.899	627
32.923	508	32.949	634
32.974	512	33.000	638
33.024	517	33.050	641
33.076	519	33.101	640
33.127	521	33.151	640
33.177	518	33.203	634
33.228	513	33.253	628
33.278	508	33.304	620
33.330	499	33.354	610
33.380	491	33.405	600
33.431	482	33.456	590
33.481	474	33.507	582
33.532	462	33.557	571
33.583	455	33.608	565
33.634	449	33.658	557
33.684	441	33.710	553
33.735	439	33.760	551
33.785	436	33.811	551
33.837	435	33.861	555
33.887	438	33.912	558
33.938	443	33.962	565
33.988	450	34.014	573
34.039	455	34.064	582
34.089	465	34.115	590
34.141	472	34.165	601
34.191	483	34.216	610
34.242	491	34.267	618
34.292	500	34.318	625
34.343	507	34.368	631
34.394	512	34.419	636
34.445	515	34.469	638
34.495	516	34.521	638
34.546	517	34.571	636
34.596	517	34.622	631
34.648	511	34.672	624
34.698	505	34.723	616
34.749	497	34.773	609
34.799	489	34.825	599
34.850	480	34.875	590
34.900	471	34.926	580
34.952	463	34.976	573
35.002	456	35.027	566
35.053	447	35.078	559
35.103	443	35.129	557
35.154	439	35.179	556
35.205	438	35.230	556
35.256	440	35.280	557
35.306	441	35.332	563
35.357	445	35.382	567
35.407	451	35.433	575
35.459	460	35.483	582
35.509	466	35.534	592
35.560	476	35.584	601
35.610	484	35.636	610
35.661	493	35.686	617
35.711	498	35.737	624
35.763	506	35.787	629
35.813	512	35.838	632
35.864	515	35.889	635
35.914	516	35.940	633
35.965	517	35.990	631
36.016	512	36.041	628
36.067	509	36.092	620
36.117	502	36.143	614
36.168	494	36.194	606
36.218	487	36.244	597
36.270	478	36.295	589
36.320	469	36.345	582
36.371	461	36.397	573
36.421	454	36.447	567
36.472	449	36.498	563
36.522	445	36.548	559
36.574	442	36.599	559
36.624	440	36.649	559
36.675	441	36.701	563
36.725	445	36.751	565
36.776	448	36.802	570
36.827	454	36.852	578
36.878	460	36.903	585
36.928	468	36.954	593
36.979	478	37.005	600
37.029	486	37.055	609
37.081	493	37.106	616
37.131	501	37.156	622
37.182	506	37.208	626
37.232	510	37.258	630
37.283	514	37.309	631
37.333	514	37.359	631
37.385	513	37.410	628
37.435	509	37.460	622
37.486	506	37.512	618
37.536	499	37.562	611
37.587	493	37.613	604
37.638	483	37.663	597
37.689	478	37.714	589
37.739	468	37.765	581
37.790	461	37.816	574
37.840	453	37.866	569
37.892	449	37.917	565
37.942	445	37.967	563
37.993	443	38.019	563
38.043	442	38.069	562
38.094	443	38.120	566
38.144	446	38.170	569
38.196	451	38.221	573
38.246	458	38.271	581
38.297	464	38.323	587
38.347	472	38.373	594
38.398	479	38.424	603
38.449	486	38.474	607
38.500	494	38.525	615
38.550	501	38.576	619
38.601	505	38.627	625
38.651	510	38.677	627
38.703	512	38.728	627
38.753	512	38.778	627
38.804	510	38.830	624
38.854	509	38.880	621
38.905	502	38.931	615
38.955	497	38.981	610
39.007	490	39.032	602
39.057	481	39.082	595
39.108	475	39.134	589
39.158	467	39.184	581
39.209	460	39.235	576
39.260	454	39.285	572
39.311	450	39.336	568
39.362	447	39.387	564
39.412	444	39.438	565
39.463	445	39.488	566
39.514	445	39.539	569
39.565	450	39.589	571
39.615	453	39.641	576
39.666	460	39.691	581
39.716	466	39.742	588
39.768	473	39.792	595
39.818	481	39.843	602
39.869	488	39.893	608
39.919	494	39.945	613
39.970	501	39.995	618
40.020	505	40.046	621
40.072	508	40.096	623
40.122	510	40.147	626
40.173	510	40.198	624
40.223	508	40.249	622
40.274	505	40.299	618
40.325	499	40.350	613
40.376	494	40.400	608
40.426	488	40.452	600
40.477	479	40.502	595
40.527	473	40.553	587
40.579	467	40.603	583
40.629	460	40.654	577
40.680	454	40.704	574
40.730	450	40.756	570
40.781	447	40.806	568
40.831	446	40.857	567
40.883	447	40.907	568
40.933	448	40.958	572
40.984	452	41.009	574
41.034	456	41.060	578
41.085	462	41.110	584
41.136	467	41.161	589
41.187	475	41.211	595
41.237	483	41.263	601
41.288	488	41.313	607
41.338	496	41.364	611
41.390	500	41.414	615
41.440	504	41.465	620
41.491	507	41.515	619
41.541	507	41.567	622
41.592	506	41.617	621
41.642	505	41.668	617
41.694	503	41.718	615
41.744	496	41.769	611
41.795	492	41.820	605
41.845	485	41.871	601
41.896	477	41.921	595
41.947	472	41.972	589
41.998	465	42.022	583
42.048	459	42.074	579
42.099	454	42.124	576
42.149	451	42.175	571
42.201	448	42.225	571
42.251	450	42.276	569
42.302	450	42.326	571
42.352	451	42.378	574
42.403	454	42.429	575
42.453	459	42.479	581
42.505	466	42.530	585
42.555	469	42.580	591
42.606	477	42.632	596
42.656	483	42.682	600
42.707	489	42.733	607
42.758	494	42.783	610
42.809	499	42.834	614
42.859	503	42.885	616
42.910	505	42.936	618
42.960	505	42.986	618
43.012	505	43.037	617
43.062	502	43.087	614
43.113	499	43.139	612
43.163	493	43.189	608
43.214	487	43.240	604
43.264	481	43.290	598
43.316	476	43.341	594
43.366	471	43.391	589
43.417	464	43.443	585
43.467	460	43.493	582
43.518	456	43.544	577
43.569	452	43.594	575
43.620	450	43.645	573
43.670	450	43.696	572
43.721	452	43.747	573
43.771	454	43.797	576
43.823	458	43.848	578
43.873	463	43.898	583
43.924	467	43.950	587
43.974	472	44.000	590
44.025	479	44.051	597
44.075	484	44.101	601
44.127	491	44.152	605
44.177	495	44.202	610
44.228	499	44.254	611
44.278	501	44.304	615
44.329	503	44.355	616
44.380	503	44.405	616
44.431	501	44.456	615
44.481	499	44.507	613
44.532	495	44.558	610
44.582	492	44.608	608
44.634	486	44.659	603
44.684	481	44.709	599
44.735	475	44.761	595
44.785	469	44.811	590
44.836	464	44.862	585
44.886	460	44.912	582
44.938	455	44.963	578
44.988	455	45.013	577
45.039	452	45.065	575
45.089	452	45.115	576
45.140	454	45.166	575
45.191	458	45.216	577
45.242	460	45.267	581
45.292	465	45.318	585
45.343	471	45.369	588
45.393	475	45.419	592
45.445	479	45.470	597
45.495	485	45.520	600
45.546	491	45.572	604
45.596	494	45.622	608
45.647	498	45.673	610
45.698	500	45.723	613
45.749	501	45.774	613
45.799	500	45.824	614
45.850	498	45.876	616
45.900	496	45.926	612
45.951	493	45.977	609
46.002	488	46.027	606
46.053	483	46.078	603
46.103	479	46.129	598
46.154	473	46.180	593
46.204	468	46.230	589
46.256	464	46.281	587
46.306	461	46.331	585
46.357	457	46.383	579
46.407	456	46.433	579
46.458	456	46.484	577
46.509	457	46.534	577
46.560	456	46.585	578
46.610	461	46.635	580
46.661	464	46.687	582
46.711	467	46.737	585
46.762	471	46.788	588
46.813	477	46.838	592
46.864	482	46.889	597
46.915	486	46.940	600
46.965	490	46.991	603
47.016	493	47.041	607
47.067	496	47.092	610
47.118	498	47.142	610
47.168	498	47.194	611
47.219	497	47.244	611
47.269	496	47.295	612
47.321	494	47.345	609
47.371	489	47.396	607
47.422	484	47.446	603
47.472	482	47.498	600
47.523	477	47.548	596
47.573	473	47.599	594
47.625	468	47.649	592
47.675	465	47.700	587
47.726	461	47.751	585
47.776	459	47.802	582
47.827	458	47.852	580
47.878	458	47.903	580
47.929	460	47.953	581
47.979	461	48.005	580
48.030	462	48.055	582
48.080	465	48.106	585
48.132	470	48.156	586
48.182	474	48.207	590
48.233	478	48.258	594
48.283	482	48.309	596
48.334	486	48.359	599
48.384	489	48.410	603
48.436	493	48.460	605
48.486	494	48.511	606
48.537	494	48.562	608
48.587	496	48.613	609
48.638	494	48.663	608
48.689	492	48.714	608
48.740	491	48.764	606
48.790	487	48.816	605
48.841	484	48.866	601
48.891	480	48.917	599
48.943	476	48.967	597
48.993	472	49.018	593
49.044	468	49.069	590
49.094	466	49.120	588
49.145	463	49.170	586
49.195	461	49.221	584
49.247	462	49.271	583
49.297	460	49.322	582
49.348	460	49.373	582
49.398	463	49.424	582
49.449	465	49.474	585
49.500	469	49.525	588
49.551	472	49.575	588
49.601	476	49.627	590
49.652	478	49.677	593
49.702	483	49.728	596
49.754	486	49.778	600
49.804	488	49.829	602
49.855	491	49.880	603
49.905	492	49.931	605
49.956	494	49.982	605
50.006	493	50.032	607
50.058	491	50.083	608
50.108	490	50.133	607
50.159	487	50.185	606
50.209	485	50.235	603
50.260	482	50.286	601
50.311	478	50.336	600
50.362	474	50.387	596
50.412	470	50.438	595
50.463	467	50.489	592
50.513	466	50.539	588
50.565	465	50.590	587
50.615	464	50.640	587
50.666	464	50.692	584
50.716	464	50.742	584
50.767	464	50.793	585
50.818	465	50.843	584
50.869	468	50.894	586
50.919	472	50.944	587
50.970	473	50.996	589
51.020	477	51.046	590
51.071	481	51.097	595
51.122	482	51.147	597
51.173	486	51.198	599
51.223	488	51.249	603
51.274	489	51.300	604
51.324	491	51.350	604
51.376	490	51.401	604
51.426	489	51.451	606
51.477	490	51.503	604
51.527	486	51.553	603
51.578	486	51.604	604
51.629	483	51.654	602
51.680	478	51.705	599
51.730	475	51.755	598
51.781	474	51.807	595
51.831	470	51.857	591
51.882	468	51.908	592
51.933	467	51.958	590
51.984	465	52.009	589
52.034	464	52.060	587
52.085	465	52.111	587
52.135	467	52.161	585
52.187	467	52.212	586
52.237	470	52.262	588
52.288	471	52.314	587
52.338	474	52.364	590
52.389	475	52.415	592
52.440	478	52.465	592
52.491	481	52.516	595
52.541	484	52.566	598
52.592	485	52.618	599
52.642	487	52.668	600
52.693	488	52.719	602
52.744	487	52.769	603
52.795	486	52.820	603
52.845	488	52.871	603
52.896	486	52.922	603
52.946	485	52.972	603
52.998	482	53.023	600
53.048	481	53.073	601
53.099	477	53.125	598
53.149	475	53.175	597
53.200	473	53.226	595
53.251	471	53.276	594
53.302	470	53.327	591
53.352	469	53.378	590
53.403	467	53.429	590
53.453	467	53.479	588
53.504	468	53.530	588
53.555	468	53.580	587
53.606	470	53.631	588
53.657	470	53.682	589
53.707	471	53.733	589
53.758	474	53.783	591
53.809	477	53.834	593
53.860	479	53.884	594
53.910	481	53.936	594
53.961	483	53.986	597
54.011	484	54.037	598
54.063	484	54.087	599
54.113	485	54.138	600
54.164	487	54.189	601
54.214	487	54.240	601
54.265	484	54.290	601
54.315	483	54.341	599
54.367	483	54.391	599
54.417	481	54.442	599
54.468	479	54.493	597
54.518	477	54.544	596
54.569	475	54.594	597
54.620	473	54.645	593
54.671	471	54.695	593
54.721	471	54.747	593
54.772	470	54.797	592
54.822	470	54.848	591
54.874	469	54.898	591
54.924	468	54.949	588
54.975	470	55.000	589
55.025	472	55.051	591
55.076	473	55.101	591
55.126	475	55.152	591
55.178	478	55.202	590
55.228	478	55.253	594
55.279	480	55.304	595
55.329	481	55.355	594
55.380	483	55.405	596
55.431	484	55.456	596
55.482	483	55.506	597
55.532	484	55.558	597
55.583	483	55.608	599
55.633	482	55.659	600
55.685	482	55.709	599
55.735	483	55.760	598
55.786	480	55.811	597
55.836	479	55.862	597
55.887	477	55.912	596
55.938	476	55.963	596
55.989	474	56.013	594
56.039	473	56.064	592
56.090	472	56.115	592
56.140	470	56.166	593
56.191	471	56.216	593
56.242	471	56.267	593
56.293	472	56.317	592
56.343	472	56.369	593
56.394	473	56.419	592
56.444	473	56.470	592
56.496	475	56.520	593
56.546	477	56.571	594
56.597	478	56.622	595
56.647	479	56.673	594
56.698	480	56.724	594
56.749	479	56.774	595
56.800	481	56.825	596
56.850	482	56.875	597
56.901	482	56.927	598
56.951	483	56.977	596
57.002	483	57.028	597
57.053	481	57.078	597
57.104	481	57.129	597
57.154	479	57.180	596
57.205	478	57.231	598
57.255	478	57.281	597
57.307	477	57.332	595
57.357	476	57.382	596
57.408	475	57.434	594
57.458	473	57.484	594
57.509	473	57.535	593
57.560	473	57.585	593
57.611	474	57.636	593
57.661	473	57.686	593
57.712	474	57.738	592
57.762	475	57.788	594
57.813	476	57.839	594
57.864	476	57.889	594
57.915	476	57.940	594
57.965	476	57.991	594
58.016	477	58.042	595
58.066	480	58.092	595
58.118	479	58.143	595
58.168	480	58.193	595
58.219	480	58.245	595
58.269	481	58.295	596
58.320	480	58.346	596
58.371	480	58.396	596
58.422	480	58.447	596
58.472	479	58.498	596
58.523	479	58.549	597
58.573	478	58.599	596
58.624	477	58.650	595
58.675	476	58.700	593
58.726	476	58.751	594
58.776	476	58.802	595
58.827	476	58.853	595
58.877	475	58.903	596
58.929	475	58.954	594
58.979	475	59.004	593
59.030	477	59.056	594
59.080	474	59.106	596
59.131	475	59.157	595
59.182	476	59.207	594
59.233	476	59.258	595
59.283	477	59.309	595
59.334	477	59.360	594
59.384	478	59.410	595
59.435	478	59.461	596
59.486	479	59.511	596
59.537	479	59.562	596
59.587	479	59.613	595
59.638	480	59.664	594
59.688	478	59.714	596
59.740	478	59.765	595
59.790	479	59.815	597
59.841	480	59.867	595
59.891	478	59.917	595
59.942	477	59.968	594
59.993	477	60.018	595
60.044	476	60.069	595
60.094	476	60.120	594
60.145	476	60.171	595
60.195	476	60.221	594
60.246	476	60.272	595
60.297	476	60.322	594
60.348	476	60.373	595
60.398	476	60.424	595
60.449	476	60.475	593
60.499	476	60.525	594
60.551	476	60.576	594
60.601	478	60.626	595
60.652	478	60.678	596
60.702	478	60.728	594
60.753	478	60.779	594
60.804	479	60.829	595
60.855	477	60.880	596
60.905	479	60.931	595
60.956	479	60.982	594
61.006	478	61.032	595
61.058	479	61.083	596
61.108	479	61.133	595
61.159	477	61.184	595
61.209	478	61.235	594
61.260	478	61.286	594
61.310	477	61.336	595
61.362	477	61.387	595
61.412	476	61.437	594
61.463	477	61.489	594
61.513	477	61.539	596
61.564	476	61.590	595
61.615	478	61.640	593
61.666	477	61.691	595
61.716	477	61.742	595
61.767	477	61.793	595
61.817	477	61.843	595
61.869	478	61.894	597
61.919	479	61.944	595
61.970	476	61.995	596
62.020	477	62.046	596
62.071	477	62.097	595
62.121	478	62.147	596
62.173	478	62.198	597
62.223	478	62.248	596
62.274	479	62.300	595
62.324	479	62.350	596
62.375	478	62.401	596
62.426	477	62.451	594
62.477	476	62.502	594
62.527	477	62.553	594
62.578	477	62.604	594
62.628	478	62.654	594
62.680	478	62.705	593
62.730	477	62.755	594
62.781	477	62.806	594
62.831	477	62.857	595
62.882	476	62.908	594
62.932	477	62.958	595
62.984	477	63.009	596
63.034	476	63.059	594
63.085	478	63.111	594
63.135	477	63.161	595
63.186	477	63.212	595
63.237	479	63.262	595
63.288	478	63.313	594
63.338	477	63.364	593
63.389	477	63.415	594
63.439	477	63.465	594
63.491	477	63.516	594
63.541	478	63.566	595
63.592	476	63.618	596
63.642	478	63.668	595
63.693	477	63.719	594
63.743	477	63.769	595
63.795	476	63.820	595
63.845	479	63.870	595
63.896	477	63.922	594
63.946	477	63.972	595
63.997	477	64.023	595
64.048	477	64.073	596
64.099	478	64.124	596
64.149	478	64.175	595
64.200	477	64.226	596
64.250	477	64.276	595
64.302	477	64.327	595
64.352	477	64.377	594
64.403	477	64.429	595
64.453	477	64.479	594
64.504	477	64.530	594
64.554	478	64.580	595
64.606	477	64.631	594
64.656	477	64.681	593
64.707	479	64.733	594
64.757	477	64.783	594
64.808	477	64.834	594
64.859	478	64.884	595
64.910	477	64.935	596
64.960	477	64.986	595
65.011	477	65.037	595
65.061	477	65.087	593
65.113	477	65.138	594
65.163	478	65.188	595
65.214	477	65.240	595
65.264	478	65.290	596
65.315	479	65.341	593
65.365	478	65.391	594
65.417	476	65.442	595
65.467	477	65.492	595
65.518	476	65.544	595
65.568	478	65.594	594
65.619	477	65.645	596
65.670	477	65.695	596
65.721	477	65.746	594
65.771	477	65.797	595
65.822	476	65.848	595
65.872	478	65.898	594
65.924	478	65.949	595
65.974	476	65.999	596
66.025	477	66.051	595
66.075	477	66.101	594
66.126	477	66.152	595
66.176	477	66.202	595
66.228	478	66.253	595
66.279	477	66.303	595
66.329	477	66.355	595
66.380	478	66.405	595
66.430	476	66.456	596
66.482	476	66.506	596
66.532	477	66.557	593
66.583	477	66.608	595
66.633	478	66.659	595
66.684	477	66.709	595
66.735	477	66.760	596
66.786	477	66.810	595
66.836	477	66.862	594
66.887	477	66.912	594
66.937	478	66.963	594
66.989	478	67.013	596
67.039	477	67.064	595
67.090	477	67.114	595
67.140	477	67.166	595
67.191	477	67.216	595
67.241	479	67.267	595
67.293	478	67.317	594
67.343	477	67.368	595
67.394	479	67.419	595
67.444	478	67.470	595
67.495	477	67.520	594
67.546	478	67.571	593
67.597	477	67.621	595
67.647	477	67.673	596
67.698	478	67.723	595
67.748	477	67.774	594
67.800	477	67.824	596
67.850	479	67.875	595
67.901	477	67.925	596
67.951	476	67.977	595
68.002	477	68.027	595
68.052	478	68.078	594
68.104	477	68.128	595
68.154	476	68.179	594
68.205	477	68.230	594
68.255	478	68.281	596
68.306	478	68.331	595
68.357	477	68.382	594
68.408	477	68.432	595
68.458	478	68.484	594
68.509	478	68.534	594
68.559	477	68.585	594
68.611	477	68.635	595
68.661	477	68.686	595
68.712	477	68.736	595
68.762	478	68.788	595
68.813	477	68.838	595
68.863	477	68.889	594
68.915	477	68.939	594
68.965	478	68.990	594
69.016	477	69.041	595
69.066	477	69.092	593
69.117	478	69.142	594
69.168	478	69.193	596
69.219	477	69.244	595
69.269	477	69.295	595
69.320	477	69.346	595
69.370	477	69.396	594
69.422	477	69.447	594
69.472	478	69.497	596
69.523	477	69.549	594
69.573	476	69.599	593
69.624	478	69.650	594
69.674	477	69.700	594
69.726	477	69.751	595
69.776	477	69.801	594
69.827	477	69.853	594
69.877	477	69.903	594
69.928	477	69.954	596
69.979	478	70.004	593
70.030	477	70.055	594
70.080	477	70.106	594
70.131	477	70.157	595
70.181	477	70.207	594
70.233	478	70.258	596
70.283	478	70.308	594
70.334	477	70.360	594
70.384	477	70.410	594
70.435	476	70.461	596
70.485	478	70.511	595
70.537	477	70.562	594
70.587	476	70.612	595
70.638	477	70.664	595
70.688	476	70.714	595
70.739	478	70.765	595
70.790	478	70.815	595
70.841	477	70.866	594
70.891	477	70.917	595
70.942	477	70.968	594
70.992	478	71.018	595
71.044	477	71.069	596
71.094	477	71.119	594
71.145	479	71.171	595
71.195	477	71.221	594
71.246	476	71.272	596
71.296	477	71.322	594
71.348	478	71.373	595
71.398	477	71.423	594
71.449	476	71.475	594
71.499	477	71.525	593
71.550	477	71.576	595
71.601	476	71.626	597
71.652	478	71.677	595
71.702	477	71.728	595
71.753	477	71.779	594
71.803	477	71.829	595
71.855	477	71.880	595
71.905	478	71.930	594
71.956	477	71.982	594
72.006	477	72.032	595
72.057	478	72.083	595
72.107	478	72.133	594
72.159	478	72.184	594
72.209	477	72.234	596
72.260	479	72.286	594
72.310	477	72.336	595
72.361	476	72.387	593
72.412	477	72.437	594
72.463	476	72.488	595
72.514	477	72.539	595
72.564	478	72.590	596
72.615	477	72.640	595
72.666	478	72.691	595
72.717	477	72.741	595
72.767	478	72.793	596
72.818	478	72.843	593
72.868	478	72.894	594
72.920	477	72.944	594
72.970	477	72.995	595
73.021	477	73.045	593
73.071	477	73.097	595
73.122	477	73.147	596
73.172	476	73.198	594
73.224	476	73.248	593
73.274	478	73.299	595
73.325	478	73.350	596
73.375	478	73.401	595
73.426	476	73.451	594
73.477	478	73.502	593
73.528	478	73.552	596
73.578	478	73.604	595
73.629	477	73.654	594
73.679	477	73.705	594
73.731	477	73.755	594
73.781	477	73.806	596
73.832	478	73.856	595
73.882	477	73.908	593
73.933	478	73.958	595
73.983	477	74.009	594
74.035	477	74.059	593
74.085	477	74.110	595
74.136	477	74.161	596
74.186	477	74.212	595
74.237	478	74.262	594
74.288	477	74.313	594
74.339	476	74.363	593
74.389	478	74.415	594
74.440	477	74.465	595
74.490	476	74.516	594
74.542	477	74.566	595
74.592	478	74.617	594
74.643	478	74.667	594
74.693	477	74.719	593
74.744	476	74.769	596
74.794	476	74.820	594
74.846	479	74.870	594
74.896	477	74.921	594
74.947	477	74.972	594
74.997	478	75.023	594
75.048	477	75.073	595
75.099	478	75.124	595
75.150	478	75.174	596
75.200	478	75.226	595
75.251	477	75.276	594
75.301	477	75.327	595
75.353	476	75.377	594
75.403	477	75.428	594
75.454	477	75.478	594
75.504	477	75.530	595
75.555	477	75.581	594
75.605	478	75.631	594
75.657	477	75.682	594
75.707	478	75.732	593
75.758	477	75.784	596
75.808	478	75.834	595
75.859	478	75.885	595
75.910	478	75.935	595
75.961	478	75.986	596
76.011	477	76.037	594
76.062	479	76.088	594
76.112	478	76.138	594
76.164	477	76.189	594
76.214	478	76.239	593
76.265	476	76.291	593
76.315	478	76.341	594
76.366	478	76.392	595
76.416	476	76.442	594
76.468	478	76.493	593
76.518	477	76.543	596
76.569	477	76.595	596
76.619	478	76.645	594
76.670	478	76.696	593
76.721	475	76.746	594
76.772	478	76.797	594
76.822	477	76.848	595
76.873	476	76.899	593
76.923	477	76.949	595
76.975	477	77.000	595
77.025	477	77.050	594
77.076	478	77.102	594
77.126	479	77.152	594
77.177	477	77.203	594
77.227	477	77.253	594
77.279	477	77.304	595
77.329	478	77.354	595
77.380	478	77.406	596
77.430	475	77.456	594
77.481	477	77.507	594
77.532	478	77.557	594
77.583	477	77.608	594
77.633	478	77.659	595
77.684	478	77.710	595
77.734	477	77.760	594
77.786	477	77.811	596
77.836	477	77.861	595
77.887	478	77.913	596
77.937	476	77.963	594
77.988	477	78.014	593
78.038	476	78.064	594
78.090	477	78.115	595
78.140	478	78.165	595
78.191	477	78.217	595
78.241	477	78.267	595
78.292	477	78.318	594
78.343	477	78.368	595
78.394	477	78.419	595
78.444	477	78.470	595
78.495	478	78.521	594
78.545	477	78.571	594
78.597	476	78.622	594
78.647	478	78.672	596
78.698	477	78.724	595
78.748	477	78.774	595
78.799	477	78.825	595
78.850	477	78.875	594
78.901	476	78.926	594
78.951	479	78.976	595
79.002	478	79.028	594
79.052	477	79.078	594
79.103	478	79.129	594
79.154	477	79.179	595
79.205	477	79.230	596
79.255	477	79.281	595
79.306	478	79.332	593
79.356	477	79.382	595
79.408	477	79.433	593
79.458	476	79.483	594
79.509	478	79.535	594
79.559	476	79.585	594
79.610	478	79.636	594
79.661	476	79.686	594
79.712	477	79.737	595
79.762	477	79.787	594
79.813	479	79.839	594
79.863	478	79.889	593
79.914	478	79.940	594
79.965	478	79.990	595
80.016	477	80.041	595
80.067	477	80.092	595
80.117	478	80.143	595
80.168	477	80.193	594
80.219	478	80.244	594
80.270	478	80.294	593
80.320	477	80.346	596
80.371	476	80.396	596
80.421	477	80.447	594
80.473	477	80.497	593
80.523	478	80.548	595
80.574	477	80.598	595
80.624	477	80.650	592
80.675	477	80.700	593
80.725	477	80.751	596
80.777	477	80.801	596
80.827	477	80.852	593
80.878	477	80.903	593
80.928	478	80.954	595
80.979	478	81.004	595
81.030	478	81.055	594
81.081	477	81.105	594
81.131	478	81.157	594
81.182	477	81.207	595
81.232	477	81.258	596
81.284	478	81.308	596
81.334	477	81.359	594
81.385	477	81.410	594
81.435	477	81.461	594
81.486	477	81.511	595
81.536	477	81.562	593
81.588	477	81.612	595
81.638	478	81.663	595
81.689	478	81.714	596
81.739	477	81.765	593
81.790	478	81.815	596
81.841	477	81.866	594
81.892	477	81.916	593
81.942	478	81.968	595
81.993	477	82.018	595
82.043	478	82.069	594
82.095	477	82.119	595
82.145	477	82.170	595
82.196	478	82.221	595
82.246	477	82.272	595
82.297	477	82.322	595
82.347	478	82.373	596
82.399	477	82.423	595
82.449	479	82.474	595
82.500	477	82.525	594
82.550	477	82.576	596
82.601	477	82.626	596
82.652	477	82.677	595
82.703	477	82.727	595
82.753	477	82.779	594
82.804	477	82.829	594
82.854	477	82.880	594
82.906	477	82.930	594
82.956	476	82.981	596
83.007	478	83.032	595
83.057	478	83.083	593
83.108	478	83.134	595
83.158	477	83.184	595
83.210	477	83.235	595
83.260	477	83.285	595
83.311	478	83.337	593
83.361	478	83.387	596
83.412	478	83.438	597
83.463	477	83.488	596
83.514	477	83.539	594
83.564	477	83.590	593
83.615	476	83.641	594
83.665	477	83.691	594
83.717	478	83.742	596
83.767	477	83.792	594
83.818	477	83.844	595
83.868	477	83.894	595
83.919	476	83.945	594
83.970	477	83.995	595
84.021	477	84.046	595
84.071	476	84.096	594
84.122	476	84.148	595
84.172	477	84.198	595
84.223	477	84.249	594
84.274	478	84.299	594
84.325	475	84.350	595
84.375	476	84.401	594
84.426	477	84.452	593
84.476	478	84.502	595
84.528	478	84.553	594
84.578	477	84.603	595
84.629	477	84.655	595
84.679	477	84.705	594
84.730	477	84.756	594
84.781	477	84.806	595
84.832	478	84.857	595
84.882	477	84.907	595
84.933	478	84.959	595
84.983	477	85.009	595
85.034	478	85.060	596
85.085	478	85.110	595
85.136	477	85.161	594
85.186	476	85.212	594
85.237	476	85.263	594
85.287	477	85.313	595
85.339	478	85.364	595
85.389	477	85.414	594
85.440	478	85.466	593
85.490	478	85.516	594
85.541	478	85.567	594
85.592	477	85.617	595
85.643	477	85.668	595
85.693	477	85.718	595
85.744	478	85.770	595
85.794	477	85.820	595
85.845	476	85.871	594
85.896	478	85.921	595
85.947	477	85.972	594
85.997	477	86.023	594
86.048	478	86.074	594
86.098	477	86.124	593
86.150	476	86.175	594
86.200	477	86.225	595
86.251	477	86.277	595
86.301	476	86.327	594
86.352	478	86.378	594
86.403	478	86.428	595
86.454	477	86.479	595
86.504	477	86.530	594
86.555	478	86.581	594
86.605	478	86.631	595
86.656	478	86.682	594
86.707	477	86.732	594
86.758	479	86.783	594
86.809	478	86.834	594
86.859	477	86.885	595
86.910	478	86.935	595
86.961	478	86.986	595
87.012	477	87.036	595
87.062	477	87.088	595
87.113	476	87.138	595
87.163	476	87.189	594
87.215	477	87.239	593
87.265	477	87.290	594
87.316	477	87.341	594
87.366	478	87.392	594
87.417	477	87.442	595
87.467	477	87.493	595
87.519	477	87.543	594
87.569	477	87.594	593
87.620	478	87.645	595
87.670	477	87.696	594
87.721	477	87.746	595
87.772	478	87.797	594
87.823	477	87.847	594
87.873	478	87.899	596
87.924	477	87.949	594
87.974	476	88.000	594
88.026	477	88.050	594
88.076	478	88.101	595
88.127	478	88.152	594
88.177	477	88.203	596
88.228	476	88.253	595
88.278	477	88.304	595
88.330	477	88.354	594
88.380	477	88.405	595
88.431	478	88.456	597
88.481	477	88.507	594
88.532	477	88.557	595
88.583	478	88.608	594
88.634	477	88.658	594
88.684	477	88.710	595
88.735	477	88.760	595
88.785	478	88.811	594
88.837	478	88.861	595
88.887	478	88.912	593
88.938	477	88.963	593
88.988	477	89.014	594
89.039	478	89.064	593
89.090	477	89.115	594
89.141	478	89.165	594
89.191	478	89.216	595
89.242	477	89.267	594
89.292	477	89.318	595
89.343	477	89.368	594
89.394	477	89.419	596
89.445	478	89.469	595
89.495	478	89.521	595
89.546	477	89.571	594
89.596	476	89.622	595
89.648	478	89.672	593
89.698	477	89.723	595
89.749	478	89.774	595
89.799	479	89.825	594
89.850	477	89.876	594
89.901	477	89.926	594
89.952	478	89.977	594
90.002	478	90.027	594
90.053	477	90.079	595
90.103	478	90.129	594
90.154	477	90.180	594
90.205	476	90.230	595
90.256	478	90.281	594
90.306	478	90.332	595
90.357	476	90.383	595
90.407	477	90.433	593
90.459	477	90.484	594
90.509	477	90.534	594
90.560	477	90.586	594
90.610	477	90.636	594
90.661	476	90.687	594
90.712	477	90.737	594
90.763	477	90.788	594
90.813	477	90.838	595
90.864	477	90.890	595
90.914	477	90.940	594
90.965	476	90.991	594
91.016	478	91.041	594
91.067	477	91.092	594
