48.232	438	48.257	641
48.283	425	48.309	654
48.333	415	48.359	664
48.384	410	48.410	671
48.435	408	48.460	672
48.486	409	48.511	667
48.537	414	48.562	658
48.587	422	48.613	646
48.638	434	48.663	631
48.689	448	48.714	612
48.740	464	48.764	592
48.790	479	48.816	571
48.841	498	48.866	551
48.891	511	48.917	532
48.943	525	48.967	518
48.993	536	49.018	506
49.044	544	49.068	498
49.094	548	49.120	496
49.145	548	49.170	497
49.195	544	49.221	502
49.247	536	49.271	511
49.297	527	49.322	528
49.348	513	49.373	543
49.398	498	49.424	561
49.449	482	49.474	582
49.500	467	49.525	601
49.551	451	49.575	621
49.601	438	49.627	637
49.652	425	49.677	650
49.702	417	49.728	659
49.754	411	49.778	666
49.804	409	49.829	667
49.855	411	49.879	663
49.905	416	49.931	655
49.956	424	49.981	644
50.006	436	50.032	628
50.058	450	50.082	610
50.108	466	50.133	591
50.159	481	50.184	572
50.209	496	50.235	553
50.260	511	50.285	536
50.311	524	50.336	521
50.362	535	50.386	509
50.412	543	50.438	502
50.463	546	50.488	499
50.513	547	50.539	500
50.565	544	50.589	505
50.615	535	50.640	514
50.666	525	50.690	528
50.716	512	50.742	544
50.767	497	50.792	562
50.817	482	50.843	581
50.869	467	50.893	600
50.919	451	50.944	618
50.970	437	50.995	635
51.020	428	51.046	647
51.071	418	51.096	657
51.122	412	51.147	662
51.173	410	51.197	664
51.223	413	51.249	661
51.274	418	51.299	652
51.324	426	51.350	641
51.376	438	51.400	628
51.426	451	51.451	611
51.477	466	51.501	591
51.527	482	51.553	573
51.578	497	51.604	554
51.628	511	51.654	538
51.680	523	51.705	523
51.730	535	51.755	513
51.781	542	51.807	506
51.831	546	51.857	502
51.882	545	51.908	502
51.933	541	51.958	508
51.984	534	52.009	518
52.034	525	52.060	530
52.085	511	52.111	544
52.135	498	52.161	562
52.187	482	52.212	581
52.237	466	52.262	599
52.288	452	52.314	616
52.338	439	52.364	631
52.389	428	52.415	643
52.439	418	52.465	653
52.491	413	52.516	657
52.541	412	52.566	660
52.592	414	52.618	657
52.642	420	52.668	650
52.693	427	52.719	640
52.744	439	52.769	626
52.795	452	52.820	609
52.845	466	52.871	592
52.896	481	52.922	573
52.946	497	52.972	557
52.998	510	53.023	541
53.048	523	53.073	527
53.099	532	53.125	516
53.149	540	53.175	510
53.200	543	53.226	505
53.250	543	53.276	505
53.302	540	53.327	512
53.352	533	53.377	521
53.403	523	53.429	531
53.453	510	53.479	547
53.504	496	53.530	564
53.555	482	53.580	579
53.606	466	53.631	598
53.656	451	53.682	613
53.707	438	53.733	629
53.757	428	53.783	640
53.809	419	53.834	650
53.859	415	53.884	655
53.910	413	53.936	656
53.960	415	53.986	653
54.011	421	54.037	646
54.061	429	54.087	635
54.113	440	54.138	625
54.163	453	54.188	608
54.214	468	54.240	591
54.264	482	54.290	575
54.315	498	54.341	558
54.366	511	54.391	543
54.417	522	54.442	530
54.467	533	54.493	519
54.518	540	54.544	512
54.568	542	54.594	510
54.620	542	54.645	511
54.670	539	54.695	515
54.721	531	54.747	524
54.771	522	54.797	536
54.822	510	54.848	548
54.873	496	54.898	562
54.924	481	54.949	580
54.974	465	54.999	596
55.025	452	55.051	611
55.075	440	55.101	626
55.126	429	55.152	638
55.177	420	55.202	645
55.228	416	55.253	652
55.278	414	55.304	653
55.329	417	55.355	649
55.379	422	55.405	642
55.431	430	55.456	634
55.481	440	55.506	620
55.532	453	55.558	607
55.582	468	55.608	592
55.633	483	55.659	575
55.684	496	55.709	559
55.735	510	55.760	544
55.785	522	55.810	533
55.836	531	55.862	521
55.886	538	55.912	516
55.937	541	55.963	513
55.988	541	56.013	515
56.039	537	56.064	518
56.090	531	56.115	527
56.140	521	56.166	538
56.191	509	56.216	550
56.242	496	56.267	565
56.293	481	56.317	580
56.343	467	56.369	595
56.394	453	56.419	611
56.444	442	56.470	624
56.496	429	56.520	635
56.546	422	56.571	642
56.597	417	56.621	646
56.647	415	56.673	648
56.698	417	56.723	646
56.748	422	56.774	639
56.800	430	56.824	631
56.850	441	56.875	619
56.901	454	56.926	604
56.951	467	56.977	591
57.002	482	57.027	576
57.053	496	57.078	561
57.104	509	57.128	546
57.154	523	57.180	535
57.205	532	57.230	524
57.255	537	57.281	520
57.307	541	57.331	516
57.357	540	57.382	517
57.408	537	57.433	521
57.458	530	57.484	528
57.509	520	57.534	538
57.559	508	57.585	551
57.611	495	57.635	565
57.661	481	57.686	580
57.712	467	57.737	594
57.762	453	57.788	609
57.813	441	57.838	621
57.864	430	57.889	631
57.915	424	57.939	639
57.965	418	57.991	645
58.016	417	58.041	645
58.066	420	58.092	641
58.118	423	58.142	636
58.168	433	58.193	629
58.219	441	58.244	616
58.269	454	58.295	605
58.320	467	58.345	590
58.370	481	58.396	574
58.422	494	58.446	560
58.472	508	58.497	548
58.523	520	58.548	537
58.573	529	58.599	528
58.624	536	58.649	524
58.675	540	58.700	519
58.726	539	58.750	521
58.776	536	58.802	525
58.827	530	58.852	533
58.877	520	58.903	540
58.929	509	58.953	553
58.979	496	59.004	567
59.030	483	59.055	581
59.080	467	59.106	595
59.131	455	59.157	608
59.181	442	59.207	620
59.233	432	59.258	629
59.283	423	59.308	637
59.334	420	59.360	641
59.384	419	59.410	640
59.435	420	59.461	639
59.486	424	59.511	632
59.537	432	59.562	624
59.587	442	59.613	614
59.638	452	59.664	600
59.688	467	59.714	589
59.740	481	59.765	575
59.790	495	59.815	561
59.841	507	59.867	549
59.891	519	59.917	539
59.942	527	59.968	531
59.993	534	60.018	525
60.044	537	60.069	523
60.094	537	60.119	524
60.145	534	60.171	527
60.195	528	60.221	535
60.246	519	60.272	543
60.297	509	60.322	556
60.348	496	60.373	568
60.398	483	60.424	582
60.449	468	60.475	595
60.499	456	60.525	607
60.551	444	60.576	618
60.601	434	60.626	628
60.652	426	60.678	634
60.702	421	60.728	637
60.753	420	60.779	638
60.804	421	60.829	635
60.855	426	60.880	628
60.905	433	60.930	621
60.956	442	60.982	611
61.006	454	61.032	598
61.057	467	61.083	587
61.108	480	61.133	574
61.159	493	61.184	561
61.209	505	61.235	551
61.260	518	61.286	541
61.310	527	61.336	534
61.362	533	61.387	530
61.412	536	61.437	525
61.463	539	61.489	528
61.513	534	61.539	531
61.564	527	61.590	537
61.615	518	61.640	549
61.666	508	61.691	558
61.716	496	61.741	569
61.767	483	61.793	582
61.817	469	61.843	595
61.868	457	61.894	606
61.919	445	61.944	616
61.970	437	61.995	625
62.020	430	62.046	631
62.071	423	62.097	634
62.121	421	62.147	636
62.173	423	62.198	632
62.223	428	62.248	626
62.274	435	62.300	621
62.324	443	62.350	609
62.375	454	62.401	597
62.426	465	62.451	586
62.477	479	62.502	573
62.527	492	62.553	562
62.578	506	62.604	551
62.628	515	62.654	542
62.679	525	62.705	535
62.730	532	62.755	532
62.781	535	62.806	530
62.832	535	62.857	530
62.882	532	62.908	535
62.933	526	62.958	541
62.984	518	63.009	549
63.035	507	63.059	560
63.085	495	63.111	572
63.136	484	63.161	583
63.186	471	63.212	594
63.238	460	63.262	606
63.288	448	63.313	615
63.339	438	63.364	624
63.389	431	63.415	628
63.440	426	63.465	632
63.490	424	63.516	631
63.542	424	63.566	628
63.592	429	63.617	624
63.643	435	63.668	616
63.693	444	63.719	606
63.744	454	63.769	596
63.795	466	63.820	586
63.846	478	63.870	572
63.896	491	63.922	562
63.947	502	63.972	552
63.997	514	64.023	543
64.049	522	64.073	538
64.099	526	64.124	533
64.150	532	64.175	532
64.200	534	64.226	532
64.251	530	64.276	538
64.301	526	64.327	544
64.353	518	64.377	552
64.403	508	64.428	563
64.454	496	64.479	572
64.504	484	64.530	583
64.555	472	64.580	595
64.606	459	64.631	606
64.657	449	64.681	615
64.707	440	64.733	622
64.758	432	64.783	627
64.808	425	64.834	627
64.860	426	64.884	630
64.910	427	64.935	624
64.961	429	64.986	619
65.011	436	65.037	613
65.062	445	65.087	603
65.113	454	65.138	594
65.164	466	65.188	582
65.214	477	65.239	571
65.265	490	65.290	561
65.315	502	65.341	552
65.366	511	65.391	545
65.417	519	65.442	539
65.468	527	65.492	536
65.518	531	65.544	534
65.569	531	65.594	536
65.619	529	65.645	540
65.671	524	65.695	547
65.721	517	65.746	555
65.772	508	65.797	564
65.822	497	65.848	574
65.873	485	65.899	586
65.924	474	65.949	596
65.975	463	66.000	606
66.025	450	66.050	614
66.076	442	66.102	621
66.126	435	66.152	625
66.177	430	66.203	627
66.228	429	66.253	628
66.279	429	66.304	623
66.329	432	66.355	618
66.380	437	66.406	612
66.430	445	66.456	601
66.482	455	66.507	592
66.532	466	66.557	582
66.583	478	66.609	571
66.633	488	66.659	561
66.684	499	66.710	552
66.735	508	66.760	545
66.786	517	66.811	540
66.836	524	66.861	537
66.887	527	66.913	537
66.937	529	66.963	540
66.988	527	67.014	543
67.039	522	67.064	551
67.090	515	67.115	557
67.140	507	67.166	567
67.191	496	67.217	575
67.241	486	67.267	587
67.293	475	67.318	597
67.343	464	67.368	606
67.394	453	67.420	613
67.444	445	67.470	619
67.495	438	67.521	623
67.546	432	67.571	623
67.597	431	67.622	623
67.647	430	67.673	621
67.698	434	67.724	615
67.748	439	67.774	608
67.799	446	67.825	599
67.850	456	67.875	591
67.901	466	67.926	580
67.951	476	67.977	570
68.002	487	68.028	561
68.052	498	68.078	553
68.104	507	68.129	546
68.154	516	68.179	542
68.205	522	68.231	539
68.255	526	68.281	539
68.306	526	68.332	542
68.357	525	68.382	546
68.408	521	68.433	551
68.458	515	68.484	558
68.509	506	68.535	567
68.559	498	68.585	578
68.610	486	68.636	586
68.661	476	68.686	596
68.712	465	68.737	605
68.762	456	68.788	612
68.813	448	68.839	618
68.863	440	68.889	621
68.915	436	68.940	622
68.965	433	68.990	621
69.016	434	69.042	619
69.066	436	69.092	612
69.117	441	69.143	607
69.168	448	69.193	598
69.219	456	69.244	590
69.269	465	69.295	578
69.320	477	69.346	570
69.370	487	69.396	561
69.421	496	69.447	554
69.472	506	69.497	548
69.523	513	69.548	543
69.573	520	69.599	541
69.624	522	69.650	541
69.674	524	69.700	543
69.726	523	69.751	547
69.776	520	69.801	553
69.827	513	69.853	561
69.877	505	69.903	570
69.928	496	69.954	578
69.979	486	70.004	589
70.030	477	70.055	595
70.080	466	70.106	605
70.131	457	70.157	612
70.181	448	70.207	617
70.233	443	70.258	621
70.283	439	70.308	620
70.334	436	70.359	619
70.384	436	70.410	617
70.435	438	70.461	611
70.485	443	70.511	604
70.537	449	70.562	596
70.587	457	70.612	589
70.638	466	70.664	578
70.688	476	70.714	570
70.739	486	70.765	561
70.790	494	70.815	554
70.841	503	70.866	548
70.891	511	70.917	544
70.942	516	70.968	542
70.992	520	71.018	542
71.044	521	71.069	545
71.094	520	71.119	549
71.145	517	71.170	554
71.195	513	71.221	563
71.246	505	71.272	570
71.296	496	71.322	579
71.348	488	71.373	587
71.398	477	71.423	597
71.449	468	71.475	604
71.499	460	71.525	611
71.550	453	71.576	615
71.601	446	71.626	619
71.652	442	71.677	619
71.702	439	71.728	618
71.753	438	71.779	615
71.803	440	71.829	609
71.855	445	71.880	603
71.905	450	71.930	596
71.956	458	71.981	587
72.006	466	72.032	578
72.057	475	72.083	569
72.107	484	72.133	562
72.159	493	72.184	555
72.209	501	72.234	550
72.260	508	72.286	546
72.310	514	72.336	543
72.361	517	72.387	545
72.412	518	72.437	546
72.463	519	72.488	551
72.513	515	72.539	557
72.564	509	72.590	564
72.614	503	72.640	570
72.666	496	72.691	580
72.716	488	72.741	589
72.767	478	72.793	597
72.817	470	72.843	606
72.868	461	72.894	609
72.918	455	72.944	614
72.970	447	72.995	617
73.020	445	73.045	618
73.071	442	73.097	616
73.121	442	73.147	613
73.172	444	73.198	608
73.223	447	73.248	601
73.274	452	73.299	593
73.324	458	73.350	586
73.375	466	73.401	576
73.425	475	73.451	569
73.477	483	73.502	560
73.527	492	73.552	555
73.578	500	73.604	550
73.628	506	73.654	547
73.679	512	73.705	545
73.729	514	73.755	545
73.781	516	73.806	548
73.831	515	73.856	552
73.882	513	73.908	557
73.932	508	73.958	565
73.983	502	74.009	573
74.034	496	74.059	581
74.085	487	74.110	588
74.135	479	74.161	598
74.186	471	74.212	604
74.236	463	74.262	609
74.288	457	74.313	614
74.338	450	74.363	615
74.389	446	74.415	616
74.439	444	74.465	614
74.490	446	74.516	611
74.540	446	74.566	605
74.592	448	74.617	601
74.642	454	74.667	594
74.693	461	74.719	584
74.743	467	74.769	576
74.794	474	74.820	570
74.846	483	74.870	563
74.896	491	74.921	556
74.947	499	74.972	551
74.997	503	75.023	548
75.048	509	75.073	547
75.099	511	75.124	546
75.150	513	75.174	550
75.200	512	75.226	554
75.251	510	75.276	559
75.301	506	75.327	566
75.353	501	75.377	573
75.403	495	75.428	581
75.454	487	75.478	589
75.504	479	75.530	595
75.555	472	75.580	603
