#Creator: pendulumviewEventBuffer
#Creation time: Tue Feb 21 16:56:22 2017
#Time A	Pos A	Time B	Pos B
#[s]	[au]	[s]	[au]
0.025	421	0.050	600
0.076	391	0.101	594
0.126	366	0.152	590
0.177	346	0.203	582
0.227	334	0.253	575
0.279	331	0.304	568
0.329	334	0.354	559
0.380	347	0.406	553
0.430	364	0.456	548
0.481	389	0.507	544
0.532	419	0.557	542
0.583	450	0.608	542
0.633	485	0.659	543
0.684	520	0.710	546
0.734	552	0.760	551
0.786	582	0.811	557
0.836	607	0.861	565
0.887	625	0.912	573
0.937	633	0.963	582
0.988	637	1.014	591
1.038	633	1.064	601
1.090	617	1.115	608
1.140	597	1.165	616
1.191	570	1.217	618
1.241	540	1.267	621
1.292	506	1.318	622
1.343	473	1.368	619
1.394	438	1.419	614
1.444	407	1.470	608
1.495	381	1.521	600
1.545	358	1.571	591
1.597	345	1.622	580
1.647	337	1.672	571
1.698	337	1.724	560
1.748	345	1.774	551
1.799	360	1.825	543
1.849	380	1.875	535
1.901	406	1.926	531
1.951	437	1.976	528
2.002	469	2.028	527
2.052	503	2.078	531
2.103	536	2.129	537
2.154	566	2.179	545
2.205	591	2.230	554
2.255	613	2.281	566
2.306	625	2.332	577
2.356	630	2.382	590
2.408	629	2.433	601
2.458	620	2.483	612
2.509	602	2.535	619
2.559	580	2.585	628
2.610	552	2.636	633
2.660	520	2.686	634
2.712	487	2.737	633
2.762	456	2.787	629
2.813	424	2.839	620
2.863	395	2.889	612
2.914	375	2.940	601
2.965	355	2.990	589
3.016	346	3.041	576
3.066	344	3.092	562
3.117	348	3.143	550
3.167	358	3.193	538
3.219	374	3.244	530
3.269	399	3.294	523
3.320	426	3.346	518
3.370	457	3.396	516
3.421	488	3.447	518
3.471	520	3.497	524
3.523	549	3.548	532
3.573	576	3.598	543
3.624	598	3.650	555
3.674	612	3.700	569
3.725	621	3.751	583
3.776	622	3.801	598
3.827	616	3.852	611
3.877	604	3.903	624
3.928	584	3.954	632
3.978	560	4.004	640
4.030	532	4.055	644
4.080	502	4.105	645
4.131	471	4.157	640
4.181	440	4.207	635
4.232	414	4.258	625
4.282	390	4.308	613
4.334	370	4.359	598
4.384	357	4.409	583
4.435	352	4.461	569
4.485	355	4.511	553
4.536	361	4.562	538
4.587	374	4.612	526
4.638	393	4.663	517
4.688	415	4.714	510
4.739	444	4.765	506
4.789	473	4.815	507
4.841	503	4.866	511
4.891	532	4.916	519
4.942	559	4.968	529
4.992	580	5.018	543
5.043	598	5.069	559
5.093	608	5.119	575
5.145	613	5.170	591
5.195	611	5.220	607
5.246	603	5.272	623
5.296	587	5.322	636
5.347	567	5.373	647
5.398	542	5.423	653
5.449	515	5.474	656
5.500	486	5.525	655
5.550	458	5.576	649
5.601	430	5.626	639
5.652	406	5.677	627
5.703	387	5.727	611
5.753	373	5.779	594
5.804	364	5.829	576
5.854	361	5.880	557
5.906	365	5.930	541
5.956	374	5.981	526
6.007	390	6.031	511
6.057	410	6.083	503
6.108	434	6.133	498
6.158	461	6.184	496
6.210	488	6.234	499
6.260	517	6.285	505
6.311	541	6.336	515
6.361	564	6.387	529
6.412	583	6.437	546
6.463	596	6.488	564
6.514	603	6.538	584
6.564	604	6.590	603
6.615	598	6.640	621
6.665	587	6.691	637
6.717	570	6.741	652
6.767	550	6.792	661
6.818	525	6.842	666
6.868	499	6.894	665
6.919	472	6.944	661
6.969	445	6.995	652
7.021	421	7.045	640
7.071	402	7.096	624
7.122	386	7.147	606
7.172	374	7.198	585
7.223	370	7.248	565
7.274	370	7.299	545
7.325	377	7.349	527
7.375	390	7.401	510
7.426	407	7.451	497
7.476	427	7.502	489
7.528	451	7.552	487
7.578	476	7.603	488
7.629	503	7.653	493
7.679	526	7.705	502
7.730	550	7.755	517
7.780	567	7.806	534
7.832	582	7.856	555
7.882	591	7.907	574
7.933	595	7.958	596
7.983	592	8.009	618
8.034	585	8.059	637
8.085	571	8.110	651
8.136	554	8.160	664
8.186	532	8.212	671
8.237	509	8.262	675
8.287	483	8.313	671
8.339	460	8.363	664
8.389	437	8.414	653
8.440	418	8.464	637
8.490	402	8.516	617
8.541	390	8.567	596
8.591	382	8.617	575
8.643	381	8.668	552
8.693	385	8.718	531
8.744	394	8.770	512
8.794	407	8.820	498
8.845	424	8.871	487
8.896	444	8.921	480
8.947	466	8.972	479
8.997	490	9.023	484
9.048	512	9.074	491
9.098	533	9.124	504
9.150	551	9.175	522
9.200	567	9.225	542
9.251	577	9.277	564
9.301	582	9.327	588
9.352	583	9.378	610
9.402	579	9.428	631
9.454	568	9.479	650
9.504	554	9.529	665
9.555	537	9.581	675
9.605	517	9.631	681
9.656	495	9.682	681
9.707	472	9.732	676
9.758	453	9.783	665
9.808	432	9.834	650
9.859	418	9.885	630
9.909	405	9.935	609
9.961	396	9.986	586
10.011	391	10.036	561
10.062	393	10.088	538
10.112	399	10.138	518
10.163	409	10.189	499
10.213	422	10.239	486
10.265	439	10.290	476
10.315	458	10.340	472
10.366	479	10.392	471
10.416	498	10.442	480
10.467	520	10.493	493
10.518	536	10.543	509
10.569	550	10.594	529
10.619	561	10.645	552
10.670	569	10.696	577
10.720	572	10.746	601
10.772	571	10.797	625
10.822	563	10.847	646
10.873	553	10.899	663
10.923	539	10.949	677
10.974	523	11.000	686
11.024	504	11.050	688
11.076	484	11.101	685
11.126	466	11.151	677
11.177	448	11.203	661
11.227	432	11.253	644
11.278	419	11.304	622
11.329	411	11.354	598
11.380	405	11.405	573
11.430	403	11.456	548
11.481	406	11.507	525
11.531	412	11.557	503
11.583	423	11.608	486
11.633	437	11.658	475
11.684	454	11.710	469
11.734	471	11.760	468
11.785	488	11.811	472
11.836	506	11.861	482
11.887	523	11.912	497
11.937	537	11.962	516
11.988	547	12.014	540
12.038	556	12.064	564
12.089	560	12.115	589
12.140	560	12.165	616
12.191	556	12.216	639
12.241	548	12.267	660
12.292	538	12.318	675
12.342	524	12.368	687
12.394	509	12.419	693
12.444	493	12.469	691
12.495	477	12.521	686
12.545	460	12.571	673
12.596	445	12.622	656
12.647	433	12.672	635
12.698	424	12.723	610
12.748	418	12.773	585
12.799	415	12.825	559
12.849	416	12.875	534
12.900	420	12.926	511
12.951	428	12.976	490
13.002	438	13.027	476
13.053	451	13.078	465
13.103	464	13.129	462
13.154	480	13.179	465
13.205	495	13.230	473
13.256	509	13.280	486
13.306	522	13.332	505
13.357	534	13.382	527
13.407	540	13.433	551
13.459	545	13.483	578
13.509	548	13.534	606
13.560	545	13.584	632
13.610	541	13.636	653
13.661	534	13.686	672
13.711	524	13.737	687
13.763	512	13.787	694
13.813	498	13.838	697
13.864	485	13.889	693
13.914	472	13.940	683
13.965	458	13.990	666
14.016	448	14.041	646
14.067	439	14.091	624
14.117	431	14.143	597
14.168	427	14.193	570
14.218	427	14.244	543
14.270	430	14.294	518
14.320	434	14.345	495
14.371	442	14.396	480
14.421	451	14.447	466
14.472	462	14.497	459
14.522	474	14.548	458
14.574	486	14.598	465
14.624	499	14.649	477
14.675	510	14.700	493
14.725	518	14.751	514
14.776	527	14.801	539
14.827	534	14.852	565
14.878	536	14.902	593
14.928	535	14.954	619
14.979	533	15.004	644
15.029	528	15.055	666
15.081	520	15.105	681
15.131	512	15.156	692
15.182	501	15.207	697
15.232	490	15.258	697
15.283	480	15.308	690
15.333	469	15.359	677
15.385	461	15.409	658
15.435	453	15.460	635
15.486	446	15.511	610
15.536	442	15.562	584
15.587	440	15.612	556
15.638	441	15.663	530
15.689	443	15.713	505
15.739	448	15.765	485
15.790	454	15.815	471
15.840	462	15.866	461
15.892	470	15.916	458
15.942	480	15.967	461
15.993	490	16.018	470
16.043	498	16.069	482
16.094	506	16.120	503
16.144	512	16.170	527
16.196	518	16.221	552
16.246	521	16.271	579
16.297	522	16.323	608
16.347	521	16.373	634
16.398	519	16.424	657
16.449	515	16.474	676
16.500	509	16.525	689
16.550	503	16.576	697
16.601	495	16.627	698
16.651	487	16.677	695
16.703	480	16.728	684
16.753	472	16.778	668
16.804	464	16.830	647
16.854	460	16.880	623
16.905	455	16.931	596
16.956	453	16.981	567
17.007	452	17.032	542
17.057	453	17.082	516
17.108	455	17.134	494
17.158	459	17.184	476
17.209	464	17.235	465
17.260	470	17.285	459
17.311	476	17.336	458
17.361	482	17.387	463
17.412	489	17.438	476
17.462	496	17.488	494
17.514	499	17.539	516
17.564	503	17.589	540
17.615	507	17.641	567
17.665	509	17.691	595
17.716	512	17.742	623
17.767	509	17.792	648
17.818	507	17.843	667
17.868	503	17.893	683
17.919	499	17.945	694
17.969	495	17.995	698
18.020	490	18.046	696
18.071	484	18.096	688
18.122	480	18.147	675
18.172	475	18.198	656
18.223	471	18.249	633
18.273	469	18.299	608
18.325	466	18.350	580
18.375	464	18.400	552
18.426	464	18.452	527
18.476	465	18.502	503
18.527	467	18.553	485
18.578	469	18.603	470
18.629	472	18.654	462
18.679	476	18.704	459
18.730	479	18.756	462
18.780	483	18.806	472
18.831	486	18.857	487
18.882	491	18.907	507
18.933	493	18.958	530
18.983	495	19.009	556
19.034	497	19.060	584
19.084	498	19.110	610
19.136	497	19.161	636
19.186	497	19.211	658
19.237	497	19.263	674
19.287	494	19.313	687
19.338	492	19.364	695
19.389	490	19.414	695
19.440	487	19.465	691
19.490	486	19.516	680
19.541	483	19.567	663
19.591	482	19.617	642
19.642	479	19.668	618
19.693	478	19.718	592
19.744	476	19.769	565
19.795	475	19.820	540
19.845	475	19.871	515
19.896	476	19.921	495
19.947	476	19.972	478
19.998	477	20.022	468
20.048	478	20.074	462
20.099	478	20.124	464
20.149	479	20.175	472
20.201	480	20.225	482
20.251	481	20.276	499
20.302	483	20.327	521
20.352	484	20.378	545
20.403	483	20.428	572
20.453	484	20.479	597
20.505	485	20.529	623
20.555	487	20.580	645
20.606	488	20.631	665
20.656	488	20.682	679
20.707	488	20.732	689
20.758	489	20.783	693
20.809	489	20.833	690
20.859	488	20.885	681
20.910	488	20.935	668
20.960	489	20.986	650
21.012	489	21.036	628
21.062	488	21.087	603
21.113	487	21.138	577
21.163	487	21.189	551
21.214	486	21.239	528
21.264	485	21.290	506
21.316	483	21.340	488
21.366	482	21.391	474
21.417	481	21.442	469
21.467	480	21.493	467
21.518	479	21.543	471
21.569	477	21.594	480
21.620	476	21.644	494
21.670	476	21.696	512
21.721	475	21.746	536
21.771	476	21.797	559
21.823	476	21.847	585
21.873	477	21.898	610
21.924	477	21.949	634
21.974	480	22.000	654
22.025	481	22.050	671
22.076	484	22.101	682
22.127	486	22.151	688
22.177	488	22.202	687
22.228	490	22.253	682
22.278	492	22.304	672
22.329	493	22.354	656
22.380	494	22.405	636
22.431	494	22.455	613
22.481	494	22.507	589
22.532	493	22.557	564
22.582	493	22.608	539
22.634	491	22.658	518
22.684	488	22.709	498
22.735	487	22.760	484
22.785	484	22.811	476
22.836	481	22.862	470
22.887	478	22.912	472
22.938	476	22.963	480
22.988	474	23.013	492
23.039	472	23.065	508
23.089	469	23.115	526
23.140	469	23.166	550
23.191	468	23.216	574
23.242	469	23.267	599
23.292	469	23.318	622
23.343	472	23.369	642
23.393	475	23.419	660
23.445	477	23.470	674
23.495	480	23.520	681
23.546	483	23.572	684
23.596	489	23.622	681
23.647	493	23.673	671
23.698	496	23.723	658
23.749	498	23.774	641
23.799	501	23.824	620
23.850	503	23.876	597
23.900	503	23.926	574
23.951	502	23.977	552
24.002	501	24.027	528
24.053	498	24.078	509
24.103	494	24.129	496
24.154	490	24.180	484
24.204	485	24.230	478
24.256	479	24.281	477
24.306	476	24.331	479
24.357	471	24.383	490
24.407	466	24.433	503
24.458	463	24.484	522
24.509	460	24.534	542
24.560	459	24.585	564
24.610	460	24.636	587
24.661	461	24.687	610
24.711	464	24.737	629
24.762	467	24.788	649
24.813	471	24.838	662
24.864	477	24.889	671
24.914	482	24.940	677
24.965	488	24.991	677
25.015	493	25.041	670
25.067	499	25.092	661
25.117	503	25.142	646
25.168	506	25.194	628
25.218	509	25.244	607
25.269	509	25.295	586
25.320	509	25.345	562
25.371	508	25.396	542
25.421	505	25.447	524
25.472	500	25.498	506
25.522	495	25.548	494
25.573	490	25.599	486
25.624	483	25.649	483
25.675	477	25.700	485
25.725	470	25.751	491
25.776	465	25.802	502
25.826	460	25.852	518
25.878	456	25.903	535
25.928	454	25.953	556
25.979	454	26.005	577
26.029	454	26.055	598
26.080	457	26.106	619
26.131	461	26.156	637
26.182	465	26.207	651
26.232	471	26.258	662
26.283	477	26.309	668
26.333	484	26.359	670
26.384	491	26.410	667
26.435	499	26.460	659
26.486	504	26.511	647
26.536	510	26.562	631
26.587	514	26.613	613
26.637	516	26.663	593
26.689	516	26.714	573
26.739	516	26.764	553
26.790	513	26.816	534
26.840	507	26.866	517
26.891	502	26.917	504
26.942	495	26.967	496
26.993	488	27.018	491
27.043	480	27.069	490
27.094	472	27.120	495
27.144	465	27.170	503
27.196	458	27.221	515
27.246	453	27.271	530
27.297	449	27.322	548
27.347	448	27.373	568
27.398	447	27.424	588
27.448	448	27.474	607
27.500	452	27.525	624
27.550	458	27.575	640
27.601	464	27.627	651
27.651	471	27.677	659
27.702	479	27.728	663
27.753	488	27.778	661
27.804	496	27.829	657
27.854	504	27.880	646
27.905	512	27.931	635
27.955	517	27.981	619
28.007	522	28.032	602
28.057	522	28.082	582
28.108	522	28.133	564
28.158	520	28.184	546
28.209	515	28.235	530
28.259	509	28.285	516
28.311	501	28.336	504
28.361	493	28.386	499
28.412	483	28.438	497
28.462	474	28.488	499
28.513	465	28.539	505
28.564	458	28.589	516
28.615	451	28.640	529
28.665	446	28.691	543
28.716	443	28.742	561
28.766	440	28.792	579
28.818	441	28.843	597
28.868	446	28.893	613
28.919	450	28.944	628
28.969	456	28.995	640
29.020	466	29.046	649
29.070	474	29.096	653
29.122	484	29.147	655
29.172	494	29.197	651
29.223	504	29.249	644
29.273	512	29.299	634
29.324	519	29.350	622
29.375	525	29.400	606
29.426	528	29.451	589
29.476	527	29.502	572
29.527	526	29.553	556
29.577	522	29.603	540
29.629	515	29.654	528
29.679	508	29.704	517
29.730	499	29.756	510
29.780	489	29.806	506
29.831	479	29.857	506
29.881	468	29.907	510
29.933	458	29.958	517
29.983	450	30.008	528
30.034	444	30.060	541
30.084	439	30.110	556
30.135	437	30.161	572
30.186	437	30.211	587
30.237	438	30.262	603
30.287	444	30.313	617
30.338	451	30.364	629
30.388	458	30.414	639
30.440	468	30.465	644
30.490	479	30.515	646
30.541	490	30.567	645
30.591	501	30.617	641
30.642	512	30.668	632
30.692	519	30.718	621
30.744	526	30.769	608
30.794	530	30.819	595
30.845	532	30.871	580
30.895	532	30.921	564
30.946	529	30.972	550
30.997	524	31.022	538
31.048	516	31.073	527
31.098	506	31.124	520
31.149	495	31.175	514
31.199	484	31.225	515
31.251	472	31.276	514
31.301	461	31.326	521
31.352	452	31.378	529
31.402	443	31.428	539
31.453	438	31.479	551
31.503	433	31.529	565
31.555	432	31.580	580
31.605	434	31.630	593
31.656	438	31.682	607
31.706	443	31.732	618
31.757	451	31.783	628
31.809	462	31.833	633
31.859	473	31.884	638
31.910	485	31.935	638
31.960	496	31.986	635
32.011	508	32.036	628
32.062	518	32.087	621
32.113	527	32.137	610
32.163	532	32.189	598
32.214	536	32.239	585
32.264	536	32.290	572
32.316	534	32.340	560
32.366	530	32.391	547
32.417	522	32.441	538
32.467	513	32.493	531
32.518	500	32.543	526
32.568	489	32.594	523
32.620	477	32.644	525
32.670	465	32.695	528
32.721	453	32.746	533
32.771	445	32.797	541
32.822	436	32.847	550
32.873	431	32.898	562
32.924	429	32.948	574
32.974	429	33.000	587
33.025	432	33.050	598
33.075	438	33.101	608
33.127	447	33.151	617
33.177	456	33.202	623
33.228	467	33.252	627
33.278	480	33.304	629
33.329	493	33.354	627
33.379	504	33.405	623
33.431	515	33.455	617
33.481	526	33.506	609
33.532	533	33.557	600
33.582	538	33.608	589
33.633	540	33.658	578
33.684	538	33.709	567
33.735	534	33.759	558
33.785	527	33.811	549
33.836	518	33.861	542
33.886	507	33.912	535
33.938	495	33.962	532
33.988	482	34.013	532
34.039	470	34.063	534
34.089	458	34.115	537
34.140	447	34.165	543
34.190	438	34.216	551
34.242	431	34.266	560
34.292	427	34.317	571
34.343	426	34.368	581
34.393	427	34.419	590
34.444	432	34.469	599
34.495	440	34.520	607
34.546	450	34.570	613
34.596	461	34.622	618
34.647	474	34.672	618
34.697	486	34.723	619
34.749	500	34.773	616
34.799	512	34.824	612
34.850	523	34.874	607
34.900	531	34.926	599
34.951	538	34.977	591
35.001	541	35.027	582
35.053	541	35.078	574
35.103	538	35.128	565
35.154	531	35.180	557
35.204	525	35.230	551
35.255	514	35.281	547
35.306	501	35.331	542
35.357	489	35.382	541
35.407	474	35.433	542
35.458	462	35.484	544
35.508	450	35.534	547
35.560	441	35.585	553
35.610	432	35.635	560
35.661	428	35.687	568
35.711	425	35.737	576
35.762	425	35.788	584
35.812	428	35.838	591
35.864	435	35.889	596
35.914	444	35.939	604
35.965	456	35.991	609
36.015	468	36.041	609
36.066	481	36.092	610
36.117	494	36.142	608
36.168	507	36.193	606
36.218	519	36.244	603
36.269	530	36.295	597
36.319	536	36.345	591
36.371	541	36.396	584
36.421	543	36.446	579
36.472	542	36.498	571
36.522	536	36.548	565
36.573	530	36.599	560
36.623	518	36.649	556
36.675	508	36.700	553
36.725	495	36.750	551
36.776	481	36.802	551
36.826	468	36.852	551
36.877	455	36.903	554
36.928	444	36.953	559
36.979	435	37.004	563
37.029	428	37.055	567
37.080	425	37.106	573
37.130	424	37.156	580
37.182	426	37.207	584
37.232	431	37.257	590
37.283	438	37.309	595
37.333	449	37.359	598
37.384	461	37.410	599
37.434	474	37.460	601
37.486	488	37.511	600
37.536	501	37.561	599
37.587	514	37.613	596
37.637	524	37.663	594
37.688	534	37.714	590
37.739	539	37.764	585
37.790	542	37.815	580
37.840	543	37.866	576
37.891	540	37.917	571
37.941	533	37.967	568
37.993	524	38.018	564
38.043	514	38.068	561
38.094	501	38.120	560
38.144	487	38.170	559
38.195	473	38.221	560
38.245	461	38.271	562
38.297	449	38.322	564
38.347	438	38.372	566
38.398	430	38.424	569
38.448	425	38.474	573
38.499	423	38.525	576
38.550	425	38.575	580
38.601	429	38.626	583
38.652	437	38.677	586
38.702	445	38.728	590
38.753	456	38.778	591
38.804	469	38.829	591
38.855	482	38.879	591
38.905	496	38.931	590
38.956	508	38.981	589
39.006	520	39.032	587
39.058	530	39.082	585
39.108	537	39.133	583
39.159	542	39.183	581
39.209	544	39.235	578
39.260	541	39.285	576
39.310	536	39.336	573
39.362	528	39.386	572
39.412	518	39.437	571
39.463	506	39.488	570
39.513	493	39.539	570
39.564	478	39.589	569
39.615	465	39.640	570
39.666	454	39.690	569
39.716	444	39.742	571
39.767	434	39.792	573
39.817	429	39.843	574
39.869	424	39.893	577
39.919	424	39.944	578
39.970	427	39.994	578
40.020	433	40.046	580
40.071	443	40.096	581
40.121	452	40.147	582
40.173	463	40.197	583
40.223	476	40.248	582
40.274	490	40.299	582
40.324	502	40.350	581
40.375	514	40.400	580
40.426	526	40.451	580
40.477	533	40.501	580
40.527	539	40.553	581
40.578	541	40.603	579
40.628	541	40.654	578
40.680	537	40.704	578
40.730	530	40.755	577
40.781	521	40.805	577
40.831	510	40.857	578
40.882	498	40.907	577
40.932	485	40.958	578
40.984	472	41.008	577
41.034	459	41.059	578
41.085	449	41.110	577
41.135	439	41.161	578
41.186	433	41.211	577
41.237	428	41.262	577
41.288	427	41.312	577
41.338	426	41.364	577
41.389	431	41.414	577
41.439	438	41.465	577
41.491	448	41.515	576
41.541	458	41.566	575
41.592	472	41.616	576
41.642	484	41.668	576
41.693	497	41.719	577
41.743	510	41.769	576
41.795	519	41.820	576
41.845	529	41.870	577
41.896	535	41.922	578
41.946	539	41.972	579
41.997	538	42.023	579
42.048	537	42.073	580
42.099	532	42.124	581
42.149	525	42.175	581
42.200	515	42.226	582
42.250	502	42.276	582
42.302	491	42.327	582
42.352	478	42.377	581
42.403	465	42.429	580
42.453	454	42.479	580
42.504	445	42.530	578
42.554	436	42.580	578
42.606	431	42.631	577
42.656	429	42.681	576
42.707	427	42.733	575
42.757	432	42.783	575
42.808	437	42.834	574
42.859	444	42.884	572
42.910	455	42.935	572
42.960	466	42.986	573
43.011	479	43.037	573
43.061	491	43.087	572
43.113	503	43.138	574
43.163	514	43.188	574
43.214	524	43.240	575
43.264	531	43.290	577
43.315	536	43.341	578
43.365	537	43.391	580
43.417	536	43.442	582
43.467	531	43.492	584
43.518	526	43.544	583
43.568	518	43.594	585
43.619	507	43.645	585
43.670	496	43.695	586
43.721	483	43.746	585
43.771	472	43.797	584
43.822	460	43.848	583
43.872	450	43.898	583
43.924	441	43.949	581
43.974	436	43.999	578
44.025	431	44.051	576
44.075	430	44.101	575
44.126	432	44.152	573
44.176	437	44.202	571
44.228	444	44.253	571
44.278	453	44.303	570
44.329	462	44.355	570
44.379	474	44.405	570
44.430	485	44.456	569
44.481	497	44.506	570
44.532	510	44.557	570
44.582	517	44.608	573
44.633	525	44.659	575
44.683	532	44.709	577
44.735	533	44.760	579
44.785	535	44.810	581
44.836	532	44.862	584
44.886	526	44.912	586
44.937	520	44.963	586
44.988	510	45.013	587
45.039	500	45.064	589
45.089	488	45.114	587
45.140	476	45.166	587
45.190	465	45.216	586
45.241	456	45.267	585
45.292	447	45.317	584
45.343	439	45.368	580
45.393	436	45.419	578
45.444	433	45.470	575
45.494	433	45.520	573
45.546	437	45.571	572
45.596	443	45.621	568
45.647	450	45.673	568
45.697	460	45.723	568
45.748	469	45.774	566
45.799	480	45.824	566
45.850	491	45.875	567
45.900	503	45.925	569
45.951	513	45.977	571
46.001	520	46.027	574
46.052	527	46.078	575
46.103	531	46.128	579
46.154	533	46.179	582
46.205	530	46.230	584
46.255	527	46.281	586
46.306	521	46.331	587
46.357	512	46.382	590
46.408	504	46.432	591
46.458	493	46.484	591
46.509	481	46.534	589
46.559	471	46.585	589
46.611	461	46.635	588
46.661	452	46.686	583
46.712	445	46.736	583
46.762	439	46.788	579
46.813	436	46.838	575
46.863	436	46.889	572
46.915	436	46.939	570
46.965	441	46.990	568
47.016	449	47.041	566
47.066	457	47.092	564
47.117	466	47.142	563
47.168	477	47.193	565
47.219	487	47.243	565
47.269	498	47.295	566
47.320	508	47.345	568
47.370	516	47.396	572
47.422	523	47.446	574
47.472	528	47.497	578
47.523	530	47.548	581
47.573	528	47.599	584
47.624	527	47.649	587
47.674	521	47.700	589
47.726	514	47.750	590
47.776	506	47.801	593
47.827	497	47.852	594
47.877	486	47.903	592
47.928	475	47.953	592
47.979	468	48.004	589
48.030	457	48.054	588
48.080	449	48.106	584
48.131	444	48.156	581
48.181	441	48.207	578
48.233	439	48.257	573
48.283	440	48.308	570
48.334	443	48.359	567
48.384	448	48.410	565
48.435	455	48.460	562
48.485	463	48.511	562
48.537	473	48.561	561
48.587	481	48.612	563
48.638	493	48.663	563
48.688	502	48.714	565
48.739	510	48.764	568
48.790	517	48.815	572
48.841	522	48.865	575
48.891	525	48.917	580
48.942	525	48.967	583
48.992	525	49.018	586
49.044	520	49.068	590
49.094	516	49.119	591
49.145	509	49.170	595
49.195	499	49.221	593
49.246	491	49.272	594
49.296	481	49.322	593
49.348	472	49.373	593
49.398	463	49.423	590
49.449	455	49.475	587
49.499	449	49.525	583
49.550	445	49.576	579
49.601	443	49.626	575
49.652	443	49.677	571
49.702	444	49.728	568
49.753	448	49.779	564
49.803	454	49.829	563
49.855	461	49.880	560
49.905	469	49.930	561
49.956	479	49.982	560
50.006	487	50.032	562
50.057	497	50.083	563
50.108	505	50.133	565
50.159	512	50.184	571
50.209	516	50.234	573
50.260	521	50.286	577
50.310	523	50.336	581
50.361	522	50.387	586
50.412	520	50.437	589
50.463	515	50.488	593
50.513	509	50.539	595
50.564	502	50.590	596
50.614	494	50.640	597
50.666	485	50.691	595
50.716	476	50.741	594
50.767	468	50.793	592
50.817	459	50.843	590
50.868	454	50.894	584
50.919	450	50.944	581
50.970	447	50.995	577
51.020	446	51.045	573
51.071	447	51.097	568
51.121	450	51.147	566
51.172	453	51.198	563
51.223	461	51.248	560
51.274	467	51.299	559
51.324	475	51.350	558
51.375	483	51.401	559
51.425	492	51.451	562
51.477	499	51.502	563
51.527	506	51.552	567
51.578	513	51.604	571
51.628	516	51.654	575
51.679	519	51.705	580
51.730	519	51.755	585
51.781	518	51.806	588
51.831	515	51.856	592
51.882	509	51.908	596
51.932	504	51.958	596
51.983	496	52.009	597
52.034	488	52.059	598
52.085	481	52.110	597
52.135	474	52.161	595
52.186	466	52.212	591
52.236	460	52.262	587
52.288	455	52.313	584
52.338	450	52.363	579
52.389	450	52.415	574
52.439	449	52.465	570
52.490	451	52.516	566
52.541	454	52.566	562
52.592	460	52.617	560
52.642	465	52.668	558
52.693	473	52.719	557
52.743	480	52.769	558
52.794	488	52.820	559
52.845	496	52.870	562
52.896	501	52.921	565
52.947	507	52.972	570
52.997	513	53.023	573
53.048	516	53.073	578
53.099	515	53.124	583
53.150	515	53.174	588
53.200	512	53.226	591
53.251	509	53.276	594
53.301	503	53.327	596
53.353	498	53.377	598
53.403	490	53.428	599
53.454	484	53.479	597
53.504	477	53.530	595
53.555	470	53.580	595
53.605	465	53.631	590
53.657	460	53.681	585
53.707	456	53.732	581
53.758	454	53.783	575
53.808	453	53.834	572
53.859	453	53.884	567
53.910	457	53.935	563
53.961	460	53.985	561
54.011	464	54.037	558
54.062	471	54.087	556
54.112	477	54.138	557
54.164	484	54.188	558
54.214	491	54.239	559
54.265	498	54.290	563
54.315	501	54.341	567
54.366	507	54.391	571
54.416	511	54.442	575
54.468	512	54.492	581
54.518	513	54.543	586
54.569	510	54.594	589
54.619	509	54.645	593
54.670	505	54.695	596
54.721	498	54.746	598
54.772	494	54.796	599
54.822	487	54.848	599
54.873	480	54.898	597
54.923	474	54.949	595
54.975	468	54.999	593
55.025	464	55.050	587
55.076	460	55.101	583
55.126	458	55.152	579
55.177	456	55.202	574
55.228	455	55.253	569
55.279	458	55.303	565
55.329	461	55.354	561
55.380	466	55.405	559
55.430	470	55.456	558
55.481	475	55.506	558
55.532	481	55.557	558
55.583	487	55.607	558
55.633	493	55.659	561
55.684	498	55.709	565
55.734	502	55.760	570
55.786	506	55.810	573
55.836	509	55.861	578
55.887	510	55.912	584
55.937	508	55.963	588
55.988	506	56.014	593
56.039	503	56.064	595
56.090	499	56.115	597
56.140	494	56.165	599
56.191	489	56.217	599
56.241	483	56.267	598
56.292	478	56.318	595
56.343	472	56.368	594
56.394	468	56.419	589
56.444	465	56.470	585
56.495	462	56.521	580
56.545	460	56.571	576
56.597	460	56.622	571
56.647	461	56.672	566
56.698	464	56.724	563
56.748	465	56.774	560
56.799	470	56.825	557
56.850	474	56.875	558
56.901	479	56.926	557
56.951	484	56.976	558
57.002	490	57.028	560
57.052	495	57.078	564
57.103	498	57.129	568
57.154	502	57.179	571
57.205	504	57.230	577
57.255	505	57.281	581
57.306	505	57.332	586
57.356	503	57.382	590
57.408	502	57.433	593
57.458	498	57.483	596
57.509	494	57.535	598
57.559	491	57.585	597
57.610	486	57.636	599
57.661	480	57.686	597
57.712	476	57.737	593
57.762	472	57.788	590
57.813	468	57.839	586
57.863	464	57.889	582
57.914	464	57.940	577
57.965	464	57.990	573
58.016	463	58.041	568
58.066	464	58.092	565
58.117	467	58.143	562
58.167	471	58.193	559
58.219	473	58.244	559
58.269	478	58.294	558
58.320	483	58.346	558
58.370	487	58.396	561
58.421	490	58.447	563
58.472	494	58.497	566
58.523	498	58.548	570
58.573	500	58.599	574
58.624	500	58.650	580
58.674	500	58.700	583
58.725	501	58.751	589
58.776	501	58.801	591
58.827	497	58.852	595
58.877	494	58.903	597
58.928	491	58.954	596
58.978	488	59.004	598
59.030	483	59.055	596
59.080	480	59.105	595
59.131	476	59.157	593
59.181	472	59.207	588
59.232	470	59.258	583
59.283	469	59.308	580
59.334	466	59.359	575
59.384	466	59.410	569
59.435	468	59.461	566
59.485	470	59.511	563
59.536	471	59.562	560
59.587	474	59.612	558
59.638	477	59.663	558
59.688	481	59.714	559
59.739	484	59.765	558
59.789	488	59.815	562
59.841	492	59.866	567
59.891	493	59.916	569
59.942	496	59.968	573
59.992	498	60.018	577
60.043	498	60.069	582
60.094	499	60.119	586
60.145	497	60.170	589
60.195	495	60.221	593
60.246	493	60.272	595
60.296	492	60.322	596
60.348	488	60.373	596
60.398	484	60.423	595
60.449	482	60.474	595
60.499	479	60.525	592
60.550	475	60.576	590
60.600	473	60.626	586
60.652	472	60.677	581
60.702	472	60.727	576
60.753	470	60.779	572
60.803	470	60.829	567
60.854	471	60.880	565
60.905	472	60.930	562
60.956	474	60.981	561
61.006	477	61.032	559
61.057	480	61.083	559
61.107	483	61.133	559
61.159	486	61.184	562
61.209	488	61.234	564
61.260	491	61.285	568
61.310	493	61.336	572
61.361	494	61.387	576
61.411	494	61.437	580
61.463	494	61.488	583
61.513	495	61.538	588
61.564	493	61.590	590
61.614	493	61.640	593
61.665	490	61.691	594
61.716	488	61.741	594
61.767	486	61.792	595
61.817	483	61.843	594
61.868	481	61.894	591
61.918	478	61.944	590
61.970	477	61.995	586
62.020	474	62.045	582
62.071	473	62.096	578
62.121	473	62.147	574
62.172	473	62.198	571
62.222	473	62.248	568
62.274	475	62.299	565
62.324	476	62.349	562
62.375	479	62.401	561
62.425	480	62.451	561
62.476	482	62.502	562
62.527	484	62.552	564
62.578	487	62.603	565
62.628	488	62.654	568
62.679	490	62.705	571
62.729	490	62.755	574
62.781	491	62.806	578
62.831	491	62.856	582
62.882	492	62.908	585
62.932	491	62.958	589
62.983	490	63.009	591
63.033	489	63.059	592
63.085	488	63.110	592
63.135	486	63.160	593
63.186	484	63.212	593
63.236	482	63.262	592
63.287	482	63.313	590
63.338	479	63.363	586
63.389	478	63.414	584
63.439	478	63.465	579
63.490	476	63.516	576
63.540	476	63.566	572
63.592	476	63.617	569
63.642	477	63.667	566
63.693	478	63.719	564
63.743	479	63.769	562
63.794	480	63.820	562
63.844	482	63.870	562
63.896	483	63.921	564
63.946	485	63.971	565
63.997	487	64.023	568
64.047	487	64.073	570
64.098	487	64.124	574
64.149	488	64.174	577
64.200	489	64.225	580
64.250	488	64.276	584
64.301	488	64.327	586
64.351	488	64.377	589
64.403	488	64.428	591
64.453	486	64.478	591
64.504	486	64.530	592
64.554	485	64.580	591
64.605	483	64.631	590
64.655	483	64.681	588
64.707	482	64.732	585
64.757	479	64.782	583
64.808	479	64.834	580
64.858	479	64.884	577
64.909	479	64.935	574
64.960	479	64.985	570
65.011	480	65.036	570
65.061	479	65.087	567
65.112	480	65.138	565
65.162	482	65.188	566
65.214	482	65.239	564
65.264	483	65.289	566
65.315	484	65.341	566
65.365	485	65.391	567
65.416	486	65.442	571
65.466	485	65.492	573
65.518	486	65.543	576
65.569	487	65.593	579
65.619	487	65.645	581
65.670	487	65.695	584
65.720	486	65.746	586
65.772	486	65.796	588
65.822	485	65.847	588
65.873	484	65.898	590
65.923	484	65.949	589
65.974	483	65.999	589
66.025	484	66.050	586
66.076	483	66.100	584
66.126	483	66.152	583
66.177	482	66.202	580
66.227	481	66.253	579
66.279	481	66.303	575
66.329	482	66.354	573
66.380	483	66.404	571
66.430	482	66.456	570
66.481	483	66.506	568
66.531	482	66.557	568
66.583	483	66.607	567
66.633	483	66.658	568
66.684	485	66.709	568
66.734	484	66.760	570
66.785	483	66.810	572
66.836	485	66.861	573
66.887	484	66.911	577
66.937	485	66.963	578
66.988	485	67.013	580
67.038	486	67.064	582
67.090	485	67.114	585
67.140	484	67.165	586
67.191	484	67.215	586
67.241	484	67.267	587
67.292	483	67.317	587
67.342	483	67.368	586
67.394	484	67.418	585
67.444	483	67.469	583
67.495	484	67.520	582
67.545	483	67.571	581
67.596	484	67.621	578
67.647	483	67.672	576
67.698	485	67.722	575
67.748	483	67.774	572
67.799	483	67.824	571
67.849	484	67.875	570
67.901	483	67.925	569
67.951	483	67.976	570
68.002	483	68.026	570
68.052	484	68.078	571
68.103	484	68.128	570
68.153	483	68.179	572
68.205	484	68.229	575
68.255	483	68.280	576
68.306	484	68.331	577
68.356	484	68.382	580
68.407	484	68.432	581
68.458	483	68.483	582
68.509	484	68.534	583
68.559	483	68.585	583
68.610	484	68.636	584
68.660	483	68.686	585
68.712	483	68.737	584
68.762	483	68.787	584
68.813	484	68.839	581
68.863	484	68.889	581
68.914	484	68.940	580
68.964	484	68.990	578
69.016	484	69.041	577
69.066	484	69.091	576
69.117	484	69.143	575
69.167	483	69.193	574
69.218	485	69.244	573
69.269	484	69.294	573
69.320	484	69.345	573
69.370	484	69.396	573
69.421	484	69.447	573
69.471	483	69.497	573
69.523	484	69.548	575
69.573	483	69.598	575
69.624	483	69.650	576
69.674	484	69.700	578
69.725	483	69.751	579
69.775	483	69.801	579
69.827	485	69.852	580
69.877	484	69.902	581
69.928	484	69.954	581
69.978	484	70.004	583
70.029	484	70.055	582
70.080	484	70.105	581
70.131	484	70.156	581
70.181	485	70.207	580
70.232	485	70.258	581
70.282	483	70.308	579
70.334	483	70.359	578
70.384	484	70.409	578
70.435	485	70.461	576
70.485	484	70.511	576
70.536	483	70.562	576
70.586	484	70.612	574
70.638	483	70.663	575
70.688	484	70.713	575
70.739	483	70.765	574
70.789	484	70.815	575
70.840	483	70.866	576
70.891	483	70.916	576
70.942	483	70.967	576
70.992	484	71.018	577
71.043	484	71.069	577
71.093	483	71.119	578
71.145	484	71.170	580
71.195	483	71.220	579
71.246	485	71.272	580
71.296	484	71.322	580
71.347	484	71.373	578
71.397	484	71.423	581
71.449	484	71.474	579
71.499	484	71.524	579
71.550	483	71.576	579
71.600	483	71.626	579
71.651	483	71.677	578
71.702	483	71.727	577
71.753	484	71.778	577
71.804	484	71.829	576
71.854	484	71.880	575
71.905	483	71.930	577
71.956	483	71.981	576
72.007	484	72.031	576
72.057	484	72.083	576
72.108	483	72.133	576
72.158	483	72.184	577
72.210	483	72.234	577
72.260	483	72.285	577
72.311	484	72.335	577
72.361	484	72.387	577
72.412	484	72.437	577
72.462	485	72.488	578
72.514	483	72.538	578
72.564	485	72.589	578
72.615	482	72.640	578
72.665	483	72.691	579
72.716	484	72.741	579
72.767	485	72.792	578
72.818	484	72.842	577
72.868	484	72.894	578
72.919	483	72.944	577
72.969	484	72.995	578
73.021	482	73.045	577
73.071	483	73.096	578
73.122	483	73.146	577
73.172	483	73.198	577
73.223	482	73.248	578
73.273	485	73.299	577
73.325	484	73.349	577
73.375	485	73.400	579
73.426	484	73.451	578
73.476	484	73.502	578
73.527	484	73.552	577
73.578	484	73.603	578
73.629	484	73.653	577
73.679	484	73.705	579
73.730	484	73.755	578
73.780	483	73.806	577
73.832	484	73.856	578
73.882	484	73.907	577
73.933	483	73.957	577
73.983	484	74.009	577
