#Creator: pendulumviewEventBuffer
#Creation time: Mon Feb 20 15:58:46 2017
#Time A	Pos A	Time B	Pos B
#[s]	[au]	[s]	[au]
0.026	398	0.051	656
0.076	401	0.101	696
0.127	403	0.153	727
0.177	405	0.203	742
0.228	409	0.254	741
0.279	411	0.304	727
0.330	414	0.355	703
0.380	416	0.406	665
0.431	418	0.457	615
0.481	418	0.507	556
0.533	419	0.558	494
0.583	418	0.608	429
0.634	417	0.660	363
0.684	416	0.710	306
0.735	413	0.761	254
0.786	408	0.811	216
0.837	404	0.862	187
0.887	399	0.912	175
0.938	392	0.964	178
0.988	389	1.014	197
1.039	383	1.065	227
1.090	379	1.115	271
1.141	375	1.166	323
1.191	374	1.217	384
1.242	372	1.268	448
1.292	373	1.318	511
1.344	375	1.369	572
1.394	379	1.419	625
1.445	384	1.471	672
1.495	390	1.521	705
1.546	396	1.572	729
1.597	404	1.622	735
1.648	413	1.673	728
1.698	419	1.723	708
1.749	428	1.775	679
1.799	432	1.825	635
1.850	438	1.876	583
1.901	440	1.926	523
1.952	441	1.977	460
2.003	439	2.028	399
2.053	437	2.079	338
2.104	431	2.129	287
2.155	425	2.180	242
2.206	417	2.230	210
2.256	407	2.282	189
2.307	398	2.332	185
2.357	386	2.383	196
2.409	377	2.433	219
2.459	369	2.484	254
2.510	362	2.535	301
2.560	356	2.586	356
2.611	352	2.636	415
2.661	351	2.687	477
2.713	354	2.737	537
2.763	358	2.788	592
2.814	365	2.839	641
2.864	373	2.890	681
2.915	384	2.940	709
2.966	395	2.991	725
3.017	407	3.041	723
3.067	421	3.093	711
3.118	432	3.143	688
3.168	442	3.194	653
3.220	451	3.244	607
3.270	458	3.295	554
3.321	460	3.346	495
3.371	461	3.397	435
3.422	458	3.447	377
3.472	453	3.498	321
3.524	444	3.548	274
3.574	433	3.599	236
3.625	420	3.650	210
3.675	407	3.701	197
3.726	392	3.751	200
3.777	377	3.802	214
3.828	364	3.852	242
3.878	352	3.904	281
3.929	342	3.954	329
3.979	335	4.005	384
4.031	332	4.055	443
4.081	332	4.106	502
4.132	336	4.157	558
4.182	343	4.208	610
4.233	354	4.258	653
4.283	366	4.309	687
4.335	382	4.359	708
4.385	400	4.410	717
4.436	416	4.461	708
4.486	432	4.512	692
4.537	448	4.562	665
4.588	461	4.613	627
4.639	472	4.663	579
4.689	478	4.715	526
4.740	481	4.765	468
4.790	480	4.816	410
4.842	475	4.866	355
4.892	465	4.917	304
4.943	452	4.968	265
4.993	437	5.019	232
5.044	419	5.070	215
5.095	401	5.120	209
5.146	382	5.171	217
5.196	363	5.221	235
5.247	347	5.273	268
5.297	332	5.323	309
5.348	321	5.374	360
5.399	315	5.424	414
5.450	313	5.475	471
5.500	314	5.526	526
5.551	322	5.577	578
5.601	333	5.627	624
5.653	347	5.678	660
5.703	366	5.728	688
5.754	385	5.780	701
5.804	407	5.830	702
5.855	428	5.881	691
5.906	449	5.931	673
5.957	467	5.982	639
6.007	482	6.032	599
6.058	491	6.084	549
6.108	498	6.134	497
6.159	499	6.185	441
6.210	496	6.235	387
6.261	487	6.286	337
6.311	474	6.337	294
6.362	457	6.388	260
6.412	437	6.438	235
6.464	414	6.489	224
6.514	391	6.539	225
6.565	368	6.591	239
6.615	346	6.641	262
6.666	328	6.692	298
6.717	311	6.742	339
6.768	302	6.793	390
6.818	296	6.843	442
6.869	295	6.895	494
6.919	300	6.945	546
6.970	311	6.996	592
7.021	325	7.046	632
7.072	345	7.097	662
7.122	368	7.148	682
7.173	394	7.199	689
7.223	419	7.249	685
7.275	443	7.300	670
7.325	467	7.350	647
7.376	486	7.402	612
7.426	501	7.452	569
7.477	511	7.503	521
7.528	517	7.553	471
7.579	516	7.604	420
7.629	509	7.655	371
7.680	496	7.706	327
7.730	479	7.756	289
7.781	456	7.807	262
7.832	431	7.857	244
7.883	404	7.908	240
7.934	377	7.959	245
7.984	351	8.010	263
8.035	327	8.060	289
8.086	307	8.111	327
8.137	292	8.161	369
8.187	282	8.213	417
8.238	278	8.263	466
8.288	282	8.314	515
8.340	290	8.364	562
8.390	304	8.415	601
8.441	324	8.466	636
8.491	349	8.517	658
8.542	376	8.567	673
8.592	406	8.618	673
8.644	435	8.668	665
8.694	462	8.719	647
8.745	486	8.770	620
8.795	507	8.821	583
8.846	521	8.871	542
8.897	531	8.922	496
8.948	533	8.972	449
8.998	529	9.024	402
9.049	518	9.074	358
9.099	501	9.125	320
9.151	478	9.175	289
9.201	451	9.226	268
9.252	422	9.277	257
9.302	391	9.328	258
9.353	361	9.378	266
9.403	332	9.429	289
9.455	307	9.479	317
9.505	287	9.530	354
9.556	273	9.581	396
9.606	265	9.632	442
9.657	264	9.682	487
9.708	270	9.733	531
9.759	284	9.783	572
9.809	302	9.835	606
9.860	327	9.885	633
9.910	357	9.936	650
9.962	387	9.986	658
10.012	421	10.037	655
10.063	451	10.088	644
10.113	481	10.139	622
10.164	507	10.189	594
10.215	527	10.240	557
10.266	540	10.290	519
10.316	547	10.341	473
10.367	547	10.392	431
10.417	538	10.443	388
10.468	523	10.493	350
10.519	500	10.544	319
10.570	473	10.594	294
10.620	441	10.646	279
10.671	409	10.696	274
10.721	374	10.747	279
10.773	342	10.797	292
10.823	312	10.848	316
10.874	287	10.899	344
10.924	267	10.950	382
10.975	255	11.001	420
11.026	251	11.051	464
11.077	253	11.102	503
11.127	264	11.152	544
11.178	281	11.204	577
11.228	306	11.254	606
11.279	335	11.305	626
11.330	368	11.355	637
11.381	402	11.406	639
11.431	437	11.457	634
11.482	471	11.508	620
11.532	501	11.558	596
11.584	527	11.609	568
11.634	546	11.659	532
11.685	557	11.711	495
11.735	560	11.761	453
11.786	556	11.812	416
11.837	542	11.862	379
11.888	522	11.913	347
11.938	495	11.963	322
11.989	464	12.015	304
12.039	429	12.065	296
12.090	393	12.116	293
12.141	356	12.166	302
12.192	323	12.217	318
12.242	292	12.268	343
12.293	268	12.319	371
12.343	250	12.369	408
12.395	241	12.420	442
12.445	240	12.470	480
12.496	246	12.522	515
12.546	261	12.572	550
12.597	283	12.623	577
12.648	312	12.673	600
12.699	346	12.724	614
12.749	382	12.775	621
12.800	420	12.826	620
12.850	458	12.876	611
12.901	491	12.927	595
12.952	522	12.977	570
13.003	546	13.028	543
13.053	562	13.079	509
13.104	570	13.130	475
13.154	570	13.180	439
13.206	560	13.231	407
13.256	543	13.281	374
13.307	518	13.333	351
13.357	486	13.383	330
13.408	451	13.434	318
13.459	413	13.484	313
13.510	373	13.535	316
13.560	336	13.586	326
13.611	302	13.637	343
13.661	272	13.687	368
13.712	249	13.738	393
13.763	235	13.788	428
13.814	230	13.839	459
13.864	233	13.890	493
13.915	244	13.941	523
13.965	263	13.991	551
14.017	290	14.042	572
14.067	323	14.092	590
14.118	359	14.144	599
14.168	400	14.194	602
14.219	439	14.245	598
14.270	478	14.295	587
14.321	513	14.346	570
14.371	541	14.397	547
14.422	563	14.448	520
14.472	576	14.498	491
14.523	580	14.549	462
14.574	576	14.599	429
14.625	561	14.650	401
14.675	539	14.701	376
14.726	510	14.752	358
14.776	473	14.802	342
14.828	436	14.853	335
14.878	394	14.903	333
14.929	354	14.955	338
14.979	315	15.005	351
15.030	282	15.056	368
15.081	253	15.106	392
15.132	234	15.157	417
15.182	223	15.208	445
15.233	222	15.259	472
15.283	228	15.309	502
15.335	246	15.360	525
15.385	269	15.410	548
15.436	300	15.461	564
15.486	337	15.512	577
15.537	377	15.563	582
15.587	418	15.613	582
15.639	459	15.664	576
15.689	498	15.714	563
15.740	531	15.766	546
15.790	559	15.816	525
15.841	578	15.867	503
15.892	586	15.917	475
15.943	587	15.968	450
15.993	577	16.019	424
16.044	558	16.070	403
16.094	532	16.120	382
16.146	497	16.171	368
16.196	459	16.221	357
16.247	418	16.272	354
16.297	375	16.323	355
16.348	334	16.374	363
16.398	295	16.424	375
16.450	263	16.475	391
16.500	237	16.525	412
16.551	222	16.577	433
16.601	216	16.627	458
16.652	218	16.678	481
16.703	229	16.728	504
16.754	250	16.779	523
16.804	279	16.830	540
16.855	314	16.881	552
16.905	354	16.931	560
16.957	396	16.982	561
17.007	440	17.032	560
17.058	481	17.083	553
17.108	518	17.134	540
17.159	550	17.185	524
17.209	575	17.235	506
17.261	588	17.286	486
17.311	593	17.336	464
17.362	588	17.388	444
17.412	574	17.438	423
17.463	550	17.489	408
17.514	519	17.539	391
17.565	482	17.590	382
17.615	441	17.641	375
17.666	398	17.692	375
17.716	354	17.742	377
17.768	314	17.793	386
17.818	277	17.843	398
17.869	247	17.895	412
17.919	225	17.945	429
