#Creator: pendulumviewEventBuffer
#Creation time: Tue Feb 21 15:55:59 2017
#Time A	Pos A	Time B	Pos B
#[s]	[au]	[s]	[au]
0.024	442	0.050	472
0.075	442	0.100	474
0.126	442	0.151	471
0.177	443	0.201	473
0.227	442	0.252	472
0.278	442	0.303	477
0.328	443	0.354	472
0.379	442	0.404	471
0.430	445	0.455	471
0.481	444	0.505	477
0.531	441	0.557	474
0.582	443	0.607	469
0.632	443	0.658	473
0.684	443	0.708	471
0.734	444	0.759	471
0.785	443	0.811	469
0.835	443	0.861	471
0.886	443	0.912	473
0.937	443	0.962	467
0.988	444	1.013	476
1.038	444	1.063	469
1.089	443	1.115	474
1.139	443	1.165	473
1.190	443	1.216	474
1.241	445	1.266	473
1.292	445	1.317	473
1.342	443	1.368	468
1.393	446	1.419	472
1.443	444	1.469	473
1.495	442	1.520	471
1.545	443	1.570	472
1.596	446	1.622	476
1.646	443	1.672	475
1.697	443	1.723	479
1.748	443	1.773	473
1.799	443	1.824	471
1.849	442	1.875	468
1.900	443	1.926	474
1.950	443	1.976	461
2.001	445	2.027	452
2.052	442	2.077	426
2.103	443	2.128	399
2.153	444	2.179	373
2.204	443	2.230	349
2.254	444	2.280	344
2.306	443	2.331	340
2.356	444	2.381	348
2.407	444	2.433	357
2.457	443	2.483	376
2.508	442	2.534	399
2.559	443	2.584	430
2.610	442	2.635	463
2.660	443	2.686	495
2.711	441	2.737	528
2.761	442	2.787	556
2.812	443	2.838	577
2.863	444	2.888	596
2.914	442	2.939	604
2.964	442	2.990	603
3.015	445	3.041	594
3.065	443	3.091	584
3.117	443	3.142	565
3.167	443	3.192	543
3.218	443	3.244	507
3.268	442	3.294	480
3.319	444	3.345	453
3.370	442	3.395	422
3.421	444	3.446	400
3.471	443	3.497	382
3.522	443	3.548	369
3.572	444	3.598	367
3.623	442	3.649	363
3.674	443	3.699	378
3.725	444	3.750	391
3.775	443	3.801	411
3.826	444	3.852	432
3.876	444	3.902	457
3.928	444	3.953	488
3.978	446	4.003	509
4.029	443	4.055	535
4.079	441	4.105	553
4.130	439	4.156	567
4.181	442	4.206	575
4.232	443	4.257	578
4.282	443	4.308	578
4.333	443	4.359	568
4.383	444	4.409	561
4.435	442	4.460	542
4.485	443	4.510	525
4.536	444	4.561	498
4.586	445	4.612	485
4.637	443	4.663	465
4.687	444	4.713	446
4.739	445	4.764	432
4.789	446	4.814	423
4.840	445	4.866	417
4.890	443	4.916	413
4.941	445	4.967	416
4.992	443	5.017	428
5.043	445	5.068	435
5.093	444	5.119	450
5.144	442	5.170	459
5.194	442	5.220	472
5.246	442	5.271	496
5.296	442	5.321	506
5.347	443	5.372	519
5.397	442	5.423	524
5.448	445	5.474	533
5.498	444	5.524	534
5.550	445	5.575	538
5.600	445	5.625	526
5.651	444	5.677	525
5.701	443	5.727	518
5.752	445	5.778	502
5.803	445	5.828	499
5.854	443	5.879	485
5.904	444	5.930	474
5.955	443	5.981	459
6.005	444	6.031	455
6.057	443	6.082	450
6.107	443	6.132	449
6.158	444	6.183	446
6.208	446	6.234	451
6.259	446	6.285	452
6.309	444	6.335	464
6.361	443	6.386	468
6.411	444	6.436	478
6.462	443	6.488	488
6.512	443	6.538	495
6.563	444	6.589	502
6.614	441	6.639	507
6.665	442	6.690	517
6.715	442	6.741	513
6.766	442	6.792	515
6.816	443	6.842	510
6.868	441	6.893	508
6.918	444	6.943	502
6.969	444	6.995	497
7.019	445	7.045	487
7.070	443	7.096	487
7.120	445	7.146	478
7.172	444	7.197	472
7.222	444	7.247	466
7.273	444	7.299	468
7.323	445	7.349	465
7.374	443	7.400	464
7.425	442	7.450	464
7.476	445	7.501	465
7.526	444	7.552	468
7.577	443	7.603	478
7.627	444	7.653	480
7.679	444	7.704	483
7.729	444	7.754	491
7.780	444	7.806	494
7.830	444	7.856	501
7.881	444	7.907	494
7.931	443	7.957	499
7.983	443	8.008	504
8.033	444	8.058	500
8.084	443	8.110	497
8.134	445	8.160	497
8.185	443	8.211	491
8.236	445	8.261	489
8.287	443	8.312	490
8.337	443	8.363	481
8.388	444	8.414	477
8.438	445	8.464	477
8.490	443	8.515	477
8.540	444	8.565	478
8.591	442	8.617	478
8.641	444	8.667	481
8.692	444	8.718	482
8.742	442	8.768	488
8.794	444	8.819	488
8.844	442	8.869	493
8.895	442	8.921	495
8.945	440	8.971	500
8.996	444	9.022	500
9.048	443	9.072	499
9.098	443	9.123	500
9.149	444	9.174	495
9.199	444	9.225	492
9.250	445	9.275	489
9.301	445	9.326	491
9.352	443	9.376	488
9.402	445	9.428	486
9.453	441	9.478	481
9.503	443	9.529	482
9.555	443	9.579	479
9.605	444	9.630	481
9.656	443	9.680	476
9.706	445	9.732	482
9.757	442	9.782	478
9.807	443	9.833	482
9.859	444	9.883	485
9.909	443	9.934	486
9.960	442	9.985	488
10.010	443	10.036	490
10.061	442	10.086	492
10.112	444	10.137	494
10.163	442	10.187	500
10.213	446	10.239	498
10.264	443	10.289	494
10.314	444	10.340	491
10.366	443	10.390	493
10.416	443	10.441	487
10.467	444	10.491	489
10.517	443	10.543	492
10.568	443	10.593	483
10.618	442	10.644	481
10.670	444	10.694	472
10.720	447	10.745	476
10.771	443	10.796	474
10.821	444	10.847	477
10.872	442	10.897	476
10.923	443	10.948	481
10.974	444	10.998	475
11.024	444	11.050	478
11.075	444	11.100	481
11.125	445	11.151	477
11.177	442	11.201	477
11.227	444	11.252	483
11.278	444	11.302	483
11.328	443	11.354	481
11.379	443	11.404	481
11.429	442	11.455	479
11.481	444	11.505	475
11.531	444	11.556	471
11.582	442	11.607	467
11.632	444	11.658	463
11.683	443	11.708	461
11.734	443	11.759	459
11.785	442	11.809	455
11.835	443	11.861	454
11.886	443	11.911	452
11.936	442	11.962	453
11.988	442	12.012	455
12.038	442	12.063	455
12.089	443	12.113	457
12.139	441	12.165	460
12.190	442	12.216	462
12.240	442	12.266	469
12.292	442	12.317	471
12.342	443	12.367	477
12.393	443	12.419	475
12.443	443	12.469	480
12.494	445	12.520	482
12.545	443	12.570	483
12.596	443	12.621	486
12.646	443	12.672	481
12.697	442	12.723	483
12.747	445	12.773	478
12.799	443	12.824	478
12.849	441	12.874	472
12.900	442	12.926	469
12.950	442	12.976	466
13.001	442	13.027	462
13.051	444	13.077	460
13.103	442	13.128	457
13.153	443	13.178	454
13.204	444	13.230	455
13.254	444	13.280	451
13.305	443	13.331	449
13.356	444	13.381	449
13.407	445	13.432	450
13.457	444	13.483	457
13.508	445	13.534	451
13.558	444	13.584	454
13.610	444	13.635	454
13.660	444	13.685	460
13.711	443	13.737	463
13.761	445	13.787	464
13.812	444	13.838	461
13.862	443	13.888	459
13.914	444	13.939	462
13.964	444	13.989	463
14.015	440	14.041	463
14.065	443	14.091	460
14.116	443	14.142	462
14.167	444	14.192	462
14.218	444	14.243	463
14.268	443	14.294	461
14.319	444	14.345	465
14.369	444	14.395	459
14.421	443	14.446	457
14.471	445	14.496	460
14.522	444	14.548	460
14.572	444	14.598	459
14.623	445	14.649	460
14.673	444	14.699	464
14.725	442	14.750	466
14.775	444	14.800	467
14.826	442	14.852	464
14.876	443	14.902	470
14.927	442	14.953	468
14.978	443	15.003	469
15.029	443	15.054	467
15.079	442	15.105	467
15.130	443	15.156	464
15.180	443	15.206	464
15.232	443	15.257	460
15.282	444	15.307	462
15.333	443	15.359	464
15.383	442	15.409	463
15.434	443	15.460	456
15.484	443	15.510	459
15.536	445	15.561	457
15.586	443	15.611	456
15.637	443	15.663	463
15.687	443	15.713	461
15.738	443	15.764	459
15.789	445	15.814	461
15.840	444	15.865	461
15.891	443	15.916	468
15.941	443	15.967	466
15.992	444	16.017	472
16.043	442	16.068	473
16.094	442	16.118	479
16.144	444	16.170	478
16.195	446	16.220	483
16.245	443	16.271	481
16.297	443	16.321	487
16.347	443	16.372	479
16.398	442	16.422	478
16.448	443	16.474	476
16.499	445	16.524	473
16.549	443	16.575	469
16.601	445	16.625	470
16.651	445	16.676	464
16.702	443	16.727	460
16.752	442	16.778	459
16.803	443	16.828	454
16.854	441	16.879	457
16.905	444	16.929	454
16.955	441	16.981	458
17.006	443	17.031	454
17.056	442	17.082	455
17.108	442	17.132	460
17.158	442	17.183	454
17.209	443	17.233	462
17.259	444	17.285	462
17.310	444	17.335	466
17.360	442	17.386	466
17.412	443	17.436	473
17.462	445	17.487	472
17.513	443	17.538	475
17.563	442	17.589	475
17.614	444	17.639	476
17.665	443	17.690	469
17.716	443	17.740	475
17.766	442	17.792	468
17.817	442	17.842	472
17.867	443	17.893	472
17.919	444	17.943	467
17.969	444	17.994	467
18.020	443	18.044	467
18.070	442	18.096	464
18.121	442	18.146	462
18.171	444	18.197	466
18.223	444	18.247	463
18.273	444	18.298	467
18.324	443	18.349	465
18.374	442	18.400	464
18.425	442	18.450	460
18.476	444	18.501	464
18.527	442	18.551	463
18.577	442	18.603	463
18.628	442	18.653	469
18.678	443	18.704	466
18.730	446	18.754	467
18.780	444	18.805	463
18.831	445	18.855	469
18.881	444	18.907	467
18.932	443	18.958	470
18.982	443	19.008	470
19.034	443	19.059	472
19.084	442	19.109	466
19.135	442	19.161	469
19.185	442	19.211	469
19.236	441	19.262	470
19.287	443	19.312	471
19.338	442	19.363	468
19.388	445	19.414	474
19.439	445	19.465	473
19.489	442	19.515	471
19.541	443	19.566	471
19.591	444	19.616	472
19.642	445	19.668	473
19.692	442	19.718	469
19.743	443	19.769	462
19.793	443	19.819	466
19.845	443	19.870	466
19.895	443	19.920	467
19.946	442	19.972	467
19.996	443	20.022	467
20.047	442	20.073	468
20.098	443	20.123	471
20.149	443	20.174	471
20.199	443	20.225	465
20.250	442	20.276	461
20.300	444	20.326	461
20.352	444	20.377	461
20.402	444	20.427	459
20.453	444	20.479	458
20.503	443	20.529	460
20.554	443	20.580	459
20.604	444	20.630	462
20.656	445	20.681	464
20.706	443	20.731	466
20.757	444	20.783	473
20.807	444	20.833	477
20.858	443	20.884	479
20.909	441	20.934	485
20.960	444	20.985	490
21.010	443	21.036	491
21.061	445	21.087	492
21.111	444	21.137	492
21.163	444	21.188	490
21.213	443	21.238	488
21.264	444	21.290	484
21.314	444	21.340	477
21.365	444	21.391	473
21.415	444	21.441	468
21.467	442	21.492	465
21.517	443	21.542	458
21.568	442	21.594	453
21.618	443	21.644	449
21.669	443	21.695	446
21.720	443	21.745	446
21.771	444	21.796	445
21.821	443	21.847	446
21.872	443	21.898	448
21.922	444	21.948	451
21.974	444	21.999	455
22.024	442	22.049	460
22.075	443	22.101	463
22.125	443	22.151	468
22.176	443	22.202	473
22.227	443	22.252	477
22.278	444	22.303	482
22.328	444	22.353	485
22.379	443	22.405	485
22.429	442	22.455	486
22.480	443	22.506	485
22.531	444	22.556	484
22.582	443	22.607	482
22.632	444	22.658	479
22.683	444	22.709	476
22.733	443	22.759	473
22.785	442	22.810	469
22.835	444	22.860	465
22.886	443	22.912	461
22.936	443	22.962	458
22.987	443	23.013	456
23.038	443	23.063	453
23.089	444	23.114	453
23.139	444	23.164	452
23.190	445	23.216	454
23.240	443	23.266	454
23.291	443	23.317	456
23.342	443	23.367	457
23.393	443	23.418	460
23.444	443	23.469	463
23.494	444	23.520	466
23.545	444	23.570	470
23.596	443	23.621	472
23.647	443	23.671	475
23.697	442	23.723	476
23.748	443	23.773	479
23.798	443	23.824	478
23.850	443	23.874	479
23.900	443	23.925	478
23.951	443	23.975	478
24.001	443	24.027	476
24.052	443	24.077	475
24.102	443	24.128	473
24.154	442	24.178	471
24.204	443	24.229	468
24.255	443	24.280	466
24.305	444	24.331	463
24.356	443	24.381	462
24.407	442	24.432	459
24.458	442	24.482	458
24.508	443	24.534	458
24.559	443	24.584	457
24.609	443	24.635	457
24.661	444	24.685	458
24.711	444	24.736	460
24.762	443	24.787	460
24.812	443	24.838	462
24.863	444	24.888	464
24.913	443	24.939	467
24.965	444	24.989	470
25.015	444	25.040	470
25.066	443	25.091	474
25.116	444	25.142	475
25.167	444	25.192	476
25.218	444	25.243	476
25.269	443	25.293	475
25.319	444	25.345	475
25.370	444	25.395	474
25.420	443	25.446	474
25.472	442	25.496	472
25.522	441	25.547	472
25.573	443	25.598	470
25.623	443	25.649	468
25.674	443	25.699	466
25.724	442	25.750	465
25.776	443	25.800	464
25.826	443	25.851	462
25.877	442	25.902	461
25.927	443	25.953	461
25.978	443	26.003	461
26.029	444	26.054	462
26.080	444	26.104	461
26.130	444	26.156	462
26.181	444	26.206	464
26.231	444	26.257	465
26.283	443	26.307	466
26.333	443	26.358	468
26.384	443	26.409	468
26.434	443	26.460	469
26.485	442	26.511	472
26.535	442	26.561	470
26.587	443	26.612	471
26.637	442	26.662	472
26.688	443	26.714	472
26.738	443	26.764	472
26.789	443	26.815	472
26.840	443	26.865	472
26.891	444	26.916	471
26.941	444	26.967	470
26.992	443	27.018	468
27.042	443	27.068	466
27.094	443	27.119	466
27.144	444	27.169	467
27.195	444	27.221	466
27.245	444	27.271	465
27.296	444	27.322	464
27.347	444	27.372	464
27.398	443	27.423	464
27.448	443	27.473	464
27.499	442	27.525	465
27.549	443	27.575	465
27.600	444	27.626	466
27.651	443	27.676	465
27.702	443	27.727	467
27.752	443	27.778	467
27.803	442	27.829	467
27.853	443	27.879	468
27.905	443	27.930	468
27.955	442	27.980	469
28.006	442	28.032	469
28.056	444	28.082	470
28.107	444	28.133	469
28.158	445	28.183	469
28.209	443	28.234	469
28.259	445	28.284	469
28.310	443	28.336	469
28.360	443	28.386	468
28.411	443	28.437	468
28.462	444	28.487	467
28.513	444	28.538	467
28.563	442	28.589	467
28.614	443	28.640	467
28.664	442	28.690	466
28.716	442	28.741	466
28.766	443	28.791	466
28.817	442	28.843	466
28.867	442	28.893	467
28.918	443	28.944	466
28.969	443	28.994	468
29.020	444	29.045	467
29.070	443	29.095	468
29.121	443	29.147	467
29.171	443	29.197	468
29.222	443	29.248	469
29.273	443	29.298	468
29.324	444	29.349	467
29.374	445	29.400	468
29.425	444	29.451	468
29.475	443	29.501	467
29.527	443	29.552	468
29.577	443	29.602	468
29.628	443	29.654	468
29.678	443	29.704	468
29.729	444	29.755	468
29.780	443	29.805	468
29.831	444	29.856	467
29.881	443	29.907	467
29.932	442	29.958	467
29.982	443	30.008	467
30.033	442	30.059	467
30.084	442	30.109	468
30.135	445	30.160	468
30.186	443	30.211	468
30.236	443	30.262	467
30.287	444	30.312	467
30.338	444	30.363	466
30.389	444	30.413	468
30.439	443	30.465	466
30.490	443	30.515	467
30.540	443	30.566	467
30.592	444	30.616	467
30.642	442	30.667	468
30.693	443	30.718	467
30.743	442	30.769	468
30.794	444	30.819	468
30.844	444	30.870	467
30.896	444	30.920	467
30.946	444	30.971	467
30.997	443	31.022	466
31.047	444	31.073	467
31.098	443	31.123	468
31.149	443	31.174	467
31.200	443	31.224	468
31.250	443	31.276	468
31.301	444	31.326	467
31.351	444	31.377	467
31.403	444	31.427	467
31.453	443	31.478	467
31.504	444	31.529	466
31.554	444	31.580	467
31.605	443	31.630	466
31.655	443	31.681	468
31.707	443	31.731	466
31.757	444	31.782	467
31.808	443	31.833	467
31.858	443	31.884	468
31.909	443	31.934	468
31.960	443	31.985	466
32.011	444	32.035	467
32.061	444	32.087	468
32.112	444	32.137	468
32.162	444	32.188	468
32.214	445	32.238	469
32.264	444	32.289	468
32.315	442	32.340	468
32.365	444	32.391	467
32.416	444	32.441	467
32.467	443	32.492	467
32.518	442	32.542	468
32.568	443	32.593	468
32.619	442	32.644	468
32.669	442	32.695	467
32.720	443	32.745	468
32.771	444	32.796	467
32.822	443	32.846	467
32.872	444	32.898	468
32.923	444	32.948	468
32.973	443	32.999	468
33.025	444	33.049	469
33.075	443	33.100	467
33.126	443	33.151	468
33.176	443	33.202	467
33.227	443	33.253	468
33.278	443	33.303	468
33.329	443	33.354	468
33.379	443	33.404	467
33.430	444	33.456	468
33.480	443	33.506	468
33.531	442	33.557	467
33.582	444	33.607	467
33.633	442	33.658	467
33.683	443	33.709	466
33.734	443	33.760	468
33.784	443	33.810	469
33.836	443	33.861	467
33.886	443	33.911	467
33.937	442	33.963	467
33.987	442	34.013	467
34.038	443	34.064	466
34.089	443	34.114	468
34.140	444	34.165	467
34.190	442	34.215	466
34.241	443	34.267	467
34.291	445	34.317	468
34.342	443	34.368	469
34.393	443	34.418	468
34.444	443	34.469	467
34.494	443	34.520	467
34.545	443	34.571	467
34.595	444	34.621	468
34.647	444	34.672	468
34.697	443	34.722	468
34.748	444	34.774	467
34.798	444	34.824	467
34.849	443	34.875	468
34.900	444	34.925	468
34.951	442	34.976	468
35.001	444	35.027	468
35.052	443	35.078	468
35.102	443	35.128	467
35.153	443	35.179	468
35.204	443	35.229	467
35.255	445	35.280	468
35.305	443	35.331	466
35.356	444	35.382	467
35.406	443	35.432	468
35.458	443	35.483	468
35.508	442	35.533	468
35.559	443	35.585	468
35.609	443	35.635	468
35.660	444	35.686	467
35.711	443	35.736	467
35.762	443	35.787	468
35.812	443	35.838	467
35.863	443	35.889	467
35.913	443	35.939	468
35.964	443	35.990	467
36.015	444	36.040	467
36.066	444	36.091	467
36.116	444	36.142	467
36.167	444	36.193	467
36.217	443	36.243	468
36.269	445	36.294	468
36.319	443	36.344	468
36.370	443	36.396	468
36.420	443	36.446	466
36.471	444	36.497	468
36.522	443	36.547	468
36.573	444	36.598	468
36.623	444	36.649	468
36.674	444	36.700	467
36.724	444	36.750	467
36.775	444	36.801	468
36.826	443	36.851	468
36.877	443	36.902	468
36.927	442	36.953	468
36.978	444	37.004	468
37.028	443	37.054	468
37.080	443	37.105	467
37.130	443	37.155	468
37.181	443	37.207	468
37.231	443	37.257	468
37.282	443	37.308	468
37.333	442	37.358	468
37.384	444	37.409	468
37.434	443	37.460	468
37.485	442	37.511	468
37.535	443	37.561	467
37.587	443	37.612	468
37.637	444	37.662	468
37.688	443	37.713	467
37.738	443	37.764	468
37.789	443	37.815	468
37.839	443	37.865	467
37.891	443	37.916	467
37.941	442	37.966	468
37.992	443	38.018	468
38.042	444	38.068	467
38.093	444	38.119	467
38.144	444	38.169	467
38.195	444	38.220	468
38.245	443	38.271	468
38.296	444	38.322	468
38.346	441	38.372	468
38.398	443	38.423	468
38.448	443	38.473	468
38.499	443	38.524	467
38.549	443	38.575	468
38.600	443	38.626	466
38.650	444	38.676	467
38.702	444	38.727	468
38.752	443	38.777	468
38.803	444	38.829	468
38.853	444	38.879	468
38.904	443	38.930	468
38.955	443	38.980	467
39.006	444	39.031	467
39.056	442	39.082	467
39.107	443	39.133	466
39.157	443	39.183	466
39.209	443	39.234	466
39.259	444	39.284	468
39.310	444	39.335	467
39.360	443	39.386	467
39.411	444	39.437	468
39.461	443	39.487	468
39.513	443	39.538	467
39.563	443	39.588	467
39.614	443	39.640	468
39.664	444	39.690	468
39.715	444	39.741	467
39.766	443	39.791	467
39.817	443	39.842	468
39.867	444	39.893	469
39.918	444	39.944	468
39.968	443	39.994	468
40.020	443	40.045	468
40.070	443	40.095	468
40.121	444	40.147	468
40.171	443	40.197	469
40.222	444	40.248	467
40.272	443	40.298	468
40.324	444	40.349	467
40.374	444	40.399	468
40.425	443	40.451	468
40.475	444	40.501	468
40.526	442	40.552	467
40.577	443	40.602	468
40.628	442	40.653	467
40.678	444	40.704	467
40.729	444	40.755	467
40.779	444	40.805	467
40.831	444	40.856	467
40.881	444	40.906	467
40.932	443	40.958	468
40.982	444	41.008	468
41.033	443	41.059	468
41.083	443	41.109	468
41.135	444	41.160	468
41.185	443	41.210	469
41.236	443	41.262	467
41.286	443	41.312	468
41.337	444	41.363	467
41.388	443	41.413	468
41.439	443	41.464	468
41.489	443	41.515	468
41.540	444	41.566	467
41.590	444	41.616	468
41.642	444	41.667	468
41.692	442	41.717	467
41.743	444	41.769	467
41.793	444	41.819	468
41.844	443	41.870	467
41.894	443	41.920	467
41.946	443	41.971	467
41.996	444	42.021	467
42.047	443	42.073	467
42.097	443	42.123	468
42.148	444	42.174	468
42.199	443	42.224	468
42.250	444	42.275	468
42.300	445	42.326	468
42.351	444	42.377	468
42.401	443	42.427	468
42.453	443	42.478	468
42.503	442	42.528	467
42.554	442	42.580	468
42.604	443	42.630	467
42.655	443	42.681	466
42.705	443	42.731	468
42.757	443	42.782	468
42.808	442	42.832	468
42.858	444	42.884	467
42.909	443	42.934	468
42.959	443	42.985	468
43.011	444	43.035	467
43.061	444	43.086	467
43.112	443	43.137	466
43.162	444	43.188	468
43.213	442	43.238	468
43.264	443	43.289	468
43.315	443	43.339	468
43.365	443	43.391	468
43.416	443	43.441	468
43.466	445	43.492	467
43.518	444	43.542	467
43.568	444	43.593	467
43.619	442	43.643	468
43.669	443	43.695	467
43.720	444	43.745	468
43.770	444	43.796	468
43.822	444	43.846	468
43.872	443	43.897	469
43.923	443	43.948	468
43.973	443	43.999	467
44.024	443	44.049	468
44.075	444	44.100	467
44.126	444	44.150	468
44.176	443	44.202	467
44.227	444	44.252	468
44.277	443	44.303	466
44.329	444	44.353	467
44.379	444	44.404	467
44.430	442	44.454	467
44.480	443	44.506	468
44.531	442	44.556	468
44.581	443	44.607	468
44.633	444	44.657	468
44.683	443	44.708	468
44.734	443	44.759	466
44.784	443	44.810	468
44.835	444	44.860	467
44.886	443	44.911	468
44.937	443	44.961	468
44.987	443	45.013	468
45.038	443	45.063	467
45.088	443	45.114	467
45.140	444	45.164	468
45.190	443	45.215	468
45.241	443	45.265	468
45.291	444	45.317	466
45.342	443	45.367	468
45.392	443	45.418	469
45.444	441	45.468	468
45.494	443	45.519	468
45.545	442	45.570	468
45.595	443	45.621	467
45.646	443	45.671	468
45.697	443	45.722	468
45.748	444	45.773	466
45.798	442	45.824	468
45.849	443	45.875	466
45.899	444	45.925	468
45.951	444	45.976	468
46.001	444	46.026	467
46.052	443	46.078	467
46.102	442	46.128	468
46.153	443	46.179	468
46.203	444	46.229	468
46.255	442	46.280	468
46.305	443	46.330	468
46.356	444	46.382	468
46.406	444	46.432	467
46.457	443	46.483	468
46.508	443	46.533	467
46.559	443	46.584	467
46.609	444	46.635	468
46.660	442	46.686	468
46.710	443	46.736	467
46.762	444	46.787	468
46.812	443	46.837	469
46.863	443	46.889	468
46.913	443	46.939	468
46.964	443	46.990	468
47.014	443	47.040	467
47.066	443	47.091	467
47.116	443	47.141	467
47.167	443	47.193	467
47.217	444	47.243	468
47.268	443	47.294	467
47.319	444	47.344	467
47.370	444	47.395	467
47.420	443	47.446	468
47.471	443	47.497	469
47.521	444	47.547	467
47.573	444	47.598	468
47.623	443	47.648	469
47.674	443	47.700	468
47.724	443	47.750	468
47.775	444	47.801	469
47.825	443	47.851	468
47.877	443	47.902	468
47.927	443	47.952	467
47.978	443	48.004	467
48.028	444	48.054	468
48.079	444	48.105	468
48.130	443	48.155	468
48.181	443	48.206	468
48.231	442	48.257	468
48.282	444	48.308	468
48.332	443	48.358	468
48.384	444	48.409	468
48.434	443	48.459	467
48.485	444	48.511	469
48.535	444	48.561	468
48.586	443	48.612	467
48.636	443	48.662	468
48.688	443	48.713	467
48.738	442	48.763	466
48.789	443	48.815	468
48.839	443	48.865	467
48.890	443	48.916	467
48.941	443	48.966	467
48.992	442	49.017	467
49.043	444	49.068	468
49.093	443	49.119	467
49.144	442	49.169	468
49.195	443	49.220	468
49.246	443	49.270	467
49.296	443	49.322	468
49.347	443	49.372	467
49.397	444	49.423	468
49.449	444	49.473	468
49.499	443	49.524	467
49.550	444	49.574	468
49.600	443	49.626	468
49.651	444	49.676	467
49.701	444	49.727	468
49.753	443	49.777	468
49.803	443	49.828	468
49.854	443	49.879	467
49.904	442	49.930	468
49.955	443	49.980	467
50.006	443	50.031	468
50.057	442	50.081	467
50.107	443	50.133	466
50.158	443	50.183	468
50.208	443	50.234	467
50.260	443	50.284	468
50.310	444	50.335	468
50.361	443	50.385	467
50.411	442	50.437	467
50.462	443	50.487	467
50.512	443	50.538	467
50.564	444	50.588	467
50.614	443	50.639	467
50.665	444	50.690	467
50.715	443	50.741	467
50.766	444	50.791	469
50.817	443	50.842	468
50.868	443	50.892	467
50.918	443	50.944	468
50.969	445	50.994	467
51.019	443	51.045	467
51.071	443	51.095	467
51.121	444	51.146	467
51.172	443	51.196	468
51.222	444	51.248	467
51.273	443	51.298	468
51.323	443	51.349	467
51.375	444	51.399	467
51.425	444	51.450	467
51.476	444	51.501	468
51.526	444	51.552	466
51.577	443	51.602	467
51.628	442	51.653	468
51.679	442	51.703	468
51.729	444	51.755	467
51.780	444	51.805	468
51.830	444	51.856	468
51.882	443	51.906	467
51.932	443	51.957	467
51.983	444	52.007	468
52.033	444	52.059	466
52.084	443	52.110	468
52.134	444	52.160	468
52.186	443	52.211	468
52.236	443	52.261	468
52.287	444	52.313	468
52.337	443	52.363	468
52.388	443	52.414	468
52.439	443	52.464	468
52.490	443	52.515	468
52.540	444	52.566	467
52.591	443	52.617	467
52.641	444	52.667	468
52.693	444	52.718	468
52.743	444	52.768	466
52.794	443	52.820	467
52.844	443	52.870	466
52.895	443	52.921	468
52.945	445	52.971	468
52.997	443	53.022	468
53.047	443	53.072	468
53.098	443	53.124	467
53.148	444	53.174	468
53.199	443	53.225	467
53.250	443	53.275	469
53.301	443	53.326	467
53.351	443	53.377	468
53.402	443	53.428	467
53.452	444	53.478	468
53.504	443	53.529	467
53.554	443	53.579	468
53.605	444	53.631	467
53.655	443	53.681	467
53.706	443	53.732	467
53.756	444	53.782	468
53.808	444	53.833	468
53.858	444	53.883	468
53.909	443	53.935	468
53.959	443	53.985	468
54.010	443	54.036	468
54.061	444	54.086	468
54.112	443	54.137	468
54.162	443	54.188	468
54.213	443	54.239	467
54.263	444	54.289	467
54.315	445	54.340	468
54.365	443	54.390	467
54.416	443	54.442	467
54.466	444	54.492	466
54.517	442	54.543	467
54.567	444	54.593	468
54.619	443	54.644	468
54.669	443	54.694	468
54.720	444	54.746	468
54.770	443	54.796	468
54.821	443	54.847	467
54.872	443	54.897	468
54.923	442	54.948	467
54.973	443	54.999	468
55.024	442	55.050	467
55.074	443	55.100	468
55.126	444	55.151	468
55.176	443	55.201	468
55.227	445	55.253	468
55.277	442	55.303	467
55.328	443	55.354	468
55.379	444	55.404	467
55.430	443	55.455	467
55.480	444	55.505	468
55.531	444	55.557	468
55.581	443	55.607	467
55.632	443	55.658	468
55.683	444	55.708	467
55.734	442	55.759	468
55.784	444	55.810	468
55.835	444	55.861	468
55.885	444	55.911	468
55.937	444	55.962	468
55.987	442	56.012	467
56.038	444	56.064	468
56.088	443	56.114	468
56.139	443	56.165	469
56.190	443	56.215	467
56.241	443	56.266	467
56.291	442	56.316	467
56.342	443	56.368	468
56.392	443	56.418	467
56.443	442	56.469	467
56.494	443	56.519	467
56.545	443	56.570	466
56.596	443	56.621	467
56.646	443	56.672	467
56.697	443	56.722	467
56.748	443	56.773	468
56.799	444	56.823	468
56.849	444	56.875	468
56.900	444	56.925	468
56.950	444	56.976	467
57.002	443	57.026	467
57.052	444	57.077	467
57.103	443	57.127	467
57.153	443	57.179	467
57.204	444	57.229	467
57.254	443	57.280	467
57.306	444	57.330	467
57.356	443	57.381	468
57.407	443	57.432	468
57.457	443	57.483	467
57.508	443	57.533	468
57.559	443	57.584	468
57.610	443	57.634	467
57.660	443	57.686	468
57.711	444	57.736	467
57.761	443	57.787	468
57.813	444	57.837	468
57.863	443	57.888	468
57.914	442	57.939	467
57.964	444	57.990	467
58.015	443	58.040	467
58.065	444	58.091	468
58.117	444	58.141	467
58.167	444	58.192	468
58.218	443	58.243	467
58.268	443	58.294	467
58.319	443	58.344	468
58.370	444	58.395	469
58.421	443	58.445	467
58.471	444	58.497	466
58.522	444	58.547	467
58.572	443	58.598	468
58.624	443	58.648	468
58.674	443	58.699	467
58.725	444	58.750	467
58.775	443	58.801	467
58.826	444	58.851	468
58.876	443	58.902	467
58.928	442	58.952	468
58.978	442	59.003	467
59.029	443	59.054	468
59.079	443	59.105	467
59.130	443	59.155	468
59.181	444	59.206	468
59.232	443	59.256	469
59.282	443	59.308	468
59.333	443	59.358	469
59.383	444	59.409	467
59.435	443	59.459	470
59.485	444	59.510	467
59.536	444	59.561	468
59.586	445	59.612	468
59.637	445	59.663	467
59.687	443	59.713	468
59.739	443	59.764	467
59.789	444	59.814	468
59.840	443	59.866	467
59.890	442	59.916	468
59.941	443	59.967	467
59.992	444	60.017	469
60.043	443	60.068	467
60.093	444	60.119	467
60.144	443	60.170	468
60.194	443	60.220	467
60.246	442	60.271	467
60.296	443	60.321	466
60.347	442	60.373	467
60.397	444	60.423	468
60.448	443	60.474	468
60.499	444	60.524	468
60.550	443	60.575	468
60.600	444	60.625	468
60.651	443	60.677	466
60.701	444	60.727	467
60.752	444	60.778	467
60.803	443	60.828	468
60.854	443	60.879	468
60.904	444	60.930	468
60.955	444	60.981	468
61.005	443	61.031	468
61.057	444	61.082	469
61.107	443	61.132	467
61.158	443	61.184	467
61.208	444	61.234	468
61.259	443	61.285	467
61.310	443	61.335	467
61.361	444	61.386	467
61.411	443	61.436	467
61.462	443	61.488	467
61.512	443	61.538	466
61.563	443	61.589	467
61.614	444	61.639	467
61.665	443	61.690	468
61.715	445	61.741	468
61.766	443	61.792	468
61.816	443	61.842	467
61.868	443	61.893	467
61.918	444	61.943	468
61.969	443	61.995	468
62.019	443	62.045	468
62.070	443	62.096	468
62.121	443	62.146	468
62.172	444	62.197	469
62.222	444	62.247	468
62.273	443	62.299	467
62.323	444	62.349	468
62.374	442	62.400	468
62.425	442	62.450	468
62.476	443	62.501	468
62.526	443	62.552	468
62.577	444	62.603	467
62.627	444	62.653	468
62.679	444	62.704	468
62.729	443	62.754	468
62.780	444	62.806	468
62.830	444	62.856	466
62.881	444	62.907	467
62.932	444	62.957	468
62.983	444	63.008	468
63.033	444	63.059	468
63.084	443	63.110	467
63.134	441	63.160	468
63.185	443	63.211	468
63.236	443	63.261	467
63.287	444	63.312	468
63.338	443	63.363	467
63.388	444	63.414	467
63.439	443	63.464	468
63.490	443	63.515	469
63.541	443	63.565	468
63.591	444	63.617	467
63.642	442	63.667	468
63.692	443	63.718	468
63.744	443	63.768	467
63.794	443	63.819	468
63.845	444	63.870	468
63.895	444	63.921	468
63.946	443	63.971	468
63.996	444	64.022	468
64.048	443	64.072	468
64.098	443	64.123	468
64.149	443	64.174	467
64.199	443	64.225	468
64.250	443	64.275	468
64.301	443	64.326	467
64.352	443	64.376	468
64.402	444	64.428	467
64.453	444	64.478	467
64.503	442	64.529	467
64.555	443	64.579	468
64.605	444	64.630	468
64.656	442	64.681	468
64.706	444	64.732	468
64.757	443	64.782	467
64.807	443	64.833	466
64.859	443	64.883	468
64.909	444	64.934	468
64.960	444	64.985	469
65.010	444	65.036	468
65.061	443	65.086	468
65.112	444	65.137	468
65.163	444	65.187	468
65.213	443	65.239	468
65.264	443	65.289	467
65.314	443	65.340	467
65.366	443	65.390	466
65.416	443	65.441	466
65.467	443	65.492	467
65.517	444	65.543	468
65.568	443	65.593	467
65.619	443	65.644	468
65.670	444	65.694	467
65.720	443	65.745	467
65.771	443	65.796	468
65.821	443	65.847	468
65.872	443	65.897	469
65.923	444	65.948	467
65.974	442	65.998	468
66.024	444	66.050	468
66.075	443	66.100	467
66.125	443	66.151	468
66.177	443	66.201	468
66.227	444	66.252	467
66.278	443	66.303	469
66.328	443	66.354	467
66.379	444	66.405	468
66.430	444	66.455	467
66.481	443	66.506	468
66.531	444	66.556	467
66.582	444	66.608	468
66.632	444	66.658	468
66.683	443	66.709	468
66.734	444	66.759	467
66.785	443	66.810	467
66.835	444	66.861	467
66.886	443	66.912	468
66.936	444	66.962	468
66.988	444	67.013	467
67.038	444	67.063	468
67.089	443	67.115	468
67.139	444	67.165	468
67.190	443	67.216	467
67.241	443	67.266	468
67.292	444	67.317	468
67.342	444	67.367	466
67.393	443	67.419	468
67.443	443	67.469	468
67.494	443	67.520	467
67.545	443	67.570	469
67.596	443	67.621	468
67.646	444	67.672	467
67.697	444	67.723	469
67.747	443	67.773	468
67.799	443	67.824	468
67.849	445	67.874	467
67.900	444	67.926	467
67.950	443	67.976	468
68.001	443	68.027	468
68.052	443	68.077	467
68.103	443	68.128	466
68.153	443	68.179	466
68.204	443	68.230	467
68.254	443	68.280	468
68.305	444	68.331	468
68.356	444	68.381	467
68.407	444	68.432	468
68.457	443	68.483	468
68.508	444	68.534	467
68.558	443	68.584	468
68.610	443	68.635	468
68.660	444	68.685	469
68.711	444	68.737	468
68.761	444	68.787	468
68.812	443	68.838	469
68.863	443	68.888	468
68.914	443	68.939	468
68.964	441	68.990	468
69.015	443	69.041	468
69.065	443	69.091	467
69.116	442	69.142	468
69.167	443	69.192	467
69.218	442	69.243	468
69.268	443	69.294	468
69.319	444	69.345	468
69.369	445	69.395	469
69.421	444	69.446	468
69.471	444	69.496	467
69.522	444	69.548	467
69.572	444	69.598	467
69.623	445	69.649	467
69.674	443	69.699	468
69.725	444	69.750	468
69.775	444	69.801	469
69.826	443	69.852	468
69.876	441	69.902	468
69.927	442	69.953	468
69.978	443	70.003	468
70.029	442	70.054	468
70.079	441	70.105	467
70.130	444	70.156	468
70.180	443	70.206	468
70.232	443	70.257	468
70.282	443	70.307	468
70.333	443	70.359	467
70.383	443	70.409	467
70.434	444	70.460	468
70.485	445	70.510	468
70.536	444	70.561	468
70.586	443	70.612	469
70.637	444	70.663	468
70.687	444	70.713	469
70.739	443	70.764	468
70.789	444	70.814	468
70.840	443	70.865	468
70.890	444	70.916	468
70.941	443	70.967	468
70.991	443	71.017	468
71.043	443	71.068	469
71.093	443	71.118	469
71.144	443	71.170	468
71.194	443	71.220	467
71.245	444	71.271	468
71.296	444	71.321	468
71.347	443	71.372	467
71.397	444	71.423	468
71.448	442	71.474	468
71.498	444	71.524	468
71.550	443	71.575	468
71.600	444	71.625	468
71.651	443	71.676	468
71.701	444	71.727	468
71.752	443	71.778	469
71.802	443	71.828	467
71.854	443	71.879	468
71.904	444	71.929	468
71.955	443	71.981	468
72.005	442	72.031	468
72.056	443	72.082	468
72.107	444	72.132	467
72.158	442	72.183	467
72.208	442	72.234	467
72.259	443	72.285	467
72.309	444	72.335	467
72.361	443	72.386	468
72.411	444	72.436	468
72.462	444	72.487	467
72.512	444	72.538	468
72.563	444	72.589	468
72.613	444	72.639	468
72.665	444	72.690	469
72.715	444	72.740	468
72.766	444	72.792	469
72.816	443	72.842	468
72.867	443	72.893	468
