#Creator: pendulumviewEventBuffer
#Creation time: Mon Feb 20 15:13:37 2017
#Time A	Pos A	Time B	Pos B
#[s]	[au]	[s]	[au]
0.026	583	0.050	478
0.076	622	0.101	479
0.127	653	0.152	480
0.177	673	0.203	482
0.228	682	0.253	481
0.279	681	0.304	481
0.330	669	0.355	482
0.380	647	0.406	481
0.431	615	0.457	482
0.481	575	0.507	480
0.533	531	0.558	479
0.583	481	0.608	480
0.634	434	0.659	478
0.684	385	0.710	477
0.735	342	0.761	475
0.785	304	0.811	475
0.837	277	0.862	475
0.887	256	0.912	474
0.938	249	0.964	472
0.988	249	1.014	473
1.039	260	1.065	473
1.090	284	1.115	473
1.141	315	1.166	473
1.191	354	1.217	474
1.242	398	1.268	474
1.292	446	1.318	476
1.344	494	1.369	476
1.394	542	1.419	478
1.445	584	1.470	478
1.495	622	1.521	480
1.546	651	1.572	481
1.596	671	1.622	481
1.648	678	1.673	483
1.698	678	1.723	482
1.749	664	1.775	481
1.799	642	1.825	481
1.850	610	1.876	481
1.901	571	1.926	480
1.952	527	1.977	479
2.002	478	2.028	477
2.053	431	2.079	477
2.103	383	2.129	475
2.155	342	2.180	474
2.205	305	2.230	473
2.256	276	2.281	473
2.306	258	2.332	472
2.357	251	2.383	471
2.407	253	2.433	472
2.459	265	2.484	471
2.509	288	2.534	472
2.560	319	2.586	473
2.610	359	2.636	475
2.661	402	2.687	475
2.712	450	2.737	478
2.763	496	2.788	477
2.813	543	2.839	480
2.864	586	2.890	479
2.914	622	2.940	480
2.966	649	2.991	482
3.016	669	3.041	481
3.067	675	3.093	482
3.117	675	3.143	484
3.168	661	3.194	482
3.218	637	3.244	480
3.270	605	3.295	480
3.320	566	3.345	479
3.371	523	3.397	479
3.421	474	3.447	476
3.472	428	3.498	477
3.523	381	3.548	475
3.574	341	3.599	474
3.624	305	3.650	474
3.675	279	3.701	473
3.725	261	3.751	472
3.777	254	3.802	472
3.827	256	3.852	473
3.878	270	3.904	472
3.928	294	3.954	474
3.979	324	4.005	473
4.029	363	4.055	476
4.081	406	4.106	476
4.131	453	4.156	477
4.182	499	4.208	478
4.232	545	4.258	480
4.283	586	4.309	480
4.334	621	4.359	481
4.385	648	4.410	481
4.435	666	4.461	482
4.486	672	4.512	482
4.536	670	4.562	483
4.588	656	4.613	482
4.638	633	4.663	480
4.689	601	4.715	479
4.739	561	4.765	479
4.790	518	4.816	478
4.840	472	4.866	477
4.892	424	4.917	476
4.942	381	4.967	473
4.993	340	5.019	474
5.043	304	5.069	473
5.094	281	5.120	472
5.145	263	5.170	473
5.196	258	5.221	472
5.246	260	5.272	474
5.297	274	5.323	472
5.347	297	5.373	474
5.399	328	5.424	474
5.449	367	5.474	476
5.500	409	5.526	476
5.550	458	5.576	478
5.601	503	5.627	479
5.651	548	5.677	481
5.703	587	5.728	480
5.753	622	5.778	481
5.804	647	5.830	481
5.854	664	5.880	483
5.905	670	5.931	481
5.956	666	5.981	480
6.007	651	6.032	480
6.057	628	6.083	480
6.108	595	6.134	479
6.158	556	6.184	478
6.210	514	6.235	477
6.260	468	6.285	475
6.311	421	6.337	475
6.361	377	6.387	474
6.412	338	6.438	475
6.462	304	6.488	474
6.514	279	6.539	472
6.564	265	6.589	472
6.615	261	6.641	472
6.665	263	6.691	473
6.716	279	6.742	473
6.768	302	6.792	475
6.818	334	6.843	475
6.869	372	6.894	476
6.919	415	6.945	477
6.970	461	6.995	480
7.021	507	7.046	479
7.072	550	7.096	480
7.122	590	7.148	481
7.173	621	7.198	482
7.223	646	7.249	482
7.275	661	7.299	481
7.325	667	7.350	480
7.376	663	7.400	481
7.426	646	7.452	480
7.477	624	7.502	479
7.527	590	7.553	478
7.579	551	7.603	477
7.629	509	7.654	476
7.680	463	7.705	476
7.730	420	7.756	475
7.781	376	7.806	473
7.832	339	7.857	474
7.883	307	7.907	472
7.933	282	7.959	473
7.984	267	8.009	473
8.034	264	8.060	473
8.086	267	8.110	473
8.136	283	8.161	474
8.187	306	8.211	474
8.237	338	8.263	477
8.288	376	8.313	477
8.338	418	8.364	477
8.390	463	8.414	479
8.440	509	8.465	478
8.491	550	8.516	481
8.541	589	8.567	481
8.592	624	8.617	481
8.643	646	8.668	481
8.694	659	8.718	481
8.744	664	8.770	480
8.795	660	8.820	479
8.845	642	8.871	480
8.897	619	8.921	478
8.947	586	8.972	478
8.998	548	9.022	477
9.048	505	9.074	476
9.099	460	9.124	476
9.149	416	9.175	475
9.201	375	9.225	473
9.251	338	9.276	474
9.302	305	9.327	473
9.352	283	9.378	473
9.403	271	9.428	473
9.454	266	9.479	473
9.505	270	9.529	475
9.555	287	9.581	475
9.606	311	9.631	476
9.656	344	9.682	477
9.708	381	9.732	478
9.758	425	9.783	479
9.809	468	9.833	480
9.859	511	9.885	479
9.910	554	9.936	481
9.960	589	9.986	480
10.012	622	10.037	481
10.062	645	10.087	481
10.113	656	10.139	480
10.163	660	10.189	480
10.214	654	10.240	480
10.265	638	10.290	478
10.316	613	10.341	478
10.366	582	10.392	478
10.417	543	10.443	476
10.467	500	10.493	476
10.519	456	10.544	474
10.569	413	10.594	475
10.620	372	10.646	473
10.670	336	10.696	474
10.721	305	10.747	473
10.771	284	10.797	474
10.823	272	10.848	474
10.873	268	10.898	475
10.924	274	10.950	474
10.974	290	11.000	475
11.025	315	11.051	477
11.076	348	11.101	477
11.127	385	11.152	480
11.177	427	11.203	479
11.228	470	11.254	480
11.278	514	11.304	479
11.330	555	11.355	481
11.380	592	11.405	480
11.431	622	11.457	481
11.481	643	11.507	480
11.532	654	11.558	480
11.582	657	11.608	479
11.634	652	11.659	479
11.684	634	11.709	478
11.735	610	11.761	476
11.785	576	11.811	476
11.836	539	11.862	475
11.887	496	11.912	475
11.938	453	11.963	474
11.988	411	12.014	475
12.039	370	12.065	474
12.089	335	12.115	474
12.141	306	12.166	474
12.191	285	12.216	474
12.242	274	12.268	474
12.292	269	12.318	477
12.343	278	12.369	475
12.393	297	12.419	478
12.445	321	12.470	478
12.495	353	12.520	479
12.546	390	12.572	479
12.596	432	12.622	479
12.647	474	12.673	480
12.698	517	12.723	480
12.749	555	12.774	480
12.799	591	12.825	478
12.850	620	12.876	479
12.900	640	12.926	478
12.952	652	12.977	479
13.002	656	13.027	478
13.053	647	13.079	477
13.103	629	13.129	478
13.154	605	13.180	476
13.205	572	13.230	476
13.256	535	13.281	475
13.306	493	13.331	475
13.357	451	13.383	475
13.407	409	13.433	475
13.458	369	13.484	474
13.509	334	13.534	475
13.560	305	13.585	474
13.610	288	13.636	475
13.661	277	13.687	475
13.711	275	13.737	476
13.763	282	13.788	477
13.813	299	13.838	477
13.864	325	13.890	478
13.914	356	13.940	477
13.965	394	13.991	479
14.016	436	14.041	479
14.067	477	14.092	480
14.117	519	14.142	479
14.168	558	14.194	479
14.218	593	14.244	479
14.269	621	14.295	479
14.320	640	14.345	479
14.371	650	14.396	478
14.422	651	14.447	477
14.472	644	14.498	478
14.523	625	14.548	476
14.574	600	14.599	476
14.625	566	14.649	474
14.675	530	14.701	476
14.726	489	14.751	475
14.776	447	14.802	475
14.828	405	14.852	476
14.878	367	14.903	473
14.929	334	14.953	475
14.979	306	15.005	475
15.030	288	15.055	477
15.080	279	15.106	475
15.132	278	15.156	477
15.182	286	15.207	477
15.233	303	15.258	478
15.283	328	15.309	478
15.334	362	15.359	479
15.385	399	15.410	479
15.436	439	15.460	478
15.486	480	15.512	480
15.537	523	15.562	478
15.587	559	15.613	479
15.639	593	15.663	479
15.689	620	15.714	479
15.740	637	15.765	477
15.790	648	15.816	478
15.841	649	15.866	477
15.891	639	15.917	477
15.943	621	15.967	476
15.993	595	16.018	476
16.044	563	16.069	475
16.094	525	16.120	475
16.145	485	16.170	476
16.196	444	16.221	475
16.247	404	16.271	475
16.297	366	16.323	474
16.348	334	16.373	476
16.398	307	16.424	476
16.450	290	16.474	477
16.500	281	16.525	477
16.551	280	16.576	478
16.601	290	16.627	477
16.652	310	16.677	478
16.702	333	16.728	478
16.754	365	16.778	478
16.804	402	16.829	478
16.855	443	16.880	478
16.905	484	16.931	477
16.956	524	16.981	478
17.007	561	17.032	479
17.058	594	17.082	477
17.108	620	17.134	477
17.159	636	17.184	477
17.209	645	17.235	478
17.261	645	17.285	475
17.311	634	17.336	477
17.362	616	17.387	476
17.412	590	17.438	477
17.463	558	17.489	477
17.513	521	17.539	475
17.565	481	17.590	477
17.615	441	17.640	477
17.666	401	17.692	476
17.716	365	17.742	475
17.767	333	17.793	478
17.818	309	17.843	476
17.869	292	17.894	477
17.919	284	17.945	477
17.970	283	17.996	477
18.020	294	18.046	477
18.072	312	18.097	478
18.122	338	18.147	477
18.173	373	18.199	479
18.223	408	18.249	477
18.274	448	18.300	479
18.325	485	18.350	478
18.376	526	18.401	478
18.426	562	18.451	478
18.477	594	18.503	478
18.527	618	18.553	478
18.578	635	18.604	477
18.629	641	18.654	478
18.680	642	18.705	477
18.730	631	18.756	477
18.781	613	18.807	475
18.831	587	18.857	477
18.883	555	18.908	476
18.933	518	18.958	476
18.984	478	19.010	476
19.034	438	19.060	476
19.085	400	19.111	478
19.136	364	19.161	477
19.187	332	19.212	478
19.237	309	19.262	477
19.288	294	19.314	478
19.338	286	19.364	477
19.389	287	19.415	478
19.440	298	19.465	477
19.491	315	19.516	478
19.541	342	19.567	477
19.592	373	19.618	477
19.642	410	19.668	477
19.694	450	19.719	476
19.744	489	19.769	477
19.795	528	19.821	476
19.845	564	19.871	477
19.896	594	19.922	476
19.947	618	19.972	478
19.998	633	20.023	476
20.048	640	20.073	477
20.099	639	20.125	476
20.149	627	20.175	477
20.200	609	20.226	477
20.251	581	20.276	477
20.302	549	20.327	477
20.352	514	20.378	477
20.403	475	20.429	477
20.453	435	20.479	477
20.505	396	20.530	478
20.555	363	20.580	478
20.606	332	20.632	477
20.656	309	20.682	477
20.707	295	20.733	477
20.758	288	20.783	477
20.809	291	20.834	477
20.859	302	20.885	477
20.910	320	20.936	477
20.960	347	20.986	476
21.011	379	21.037	477
21.062	414	21.087	476
21.113	455	21.138	477
21.164	493	21.189	475
21.214	531	21.240	477
21.265	564	21.290	476
21.316	595	21.341	477
21.367	616	21.391	477
21.417	631	21.443	475
21.468	637	21.493	478
21.518	636	21.544	476
21.570	624	21.594	477
21.620	604	21.645	477
21.671	577	21.696	478
21.721	547	21.747	478
21.772	511	21.797	478
21.822	471	21.848	478
21.874	434	21.898	479
21.924	395	21.949	479
21.975	361	22.000	479
22.025	332	22.051	478
22.076	311	22.101	477
22.127	297	22.152	477
22.178	291	22.202	477
22.228	293	22.254	477
22.279	305	22.304	477
22.329	325	22.355	476
22.381	350	22.405	476
22.431	383	22.456	477
22.482	419	22.507	476
22.532	457	22.558	476
22.583	495	22.608	475
22.633	533	22.659	476
22.685	566	22.709	476
22.735	594	22.760	476
22.786	616	22.811	477
22.836	630	22.862	476
22.887	635	22.912	478
22.938	633	22.963	478
22.989	620	23.013	478
23.039	600	23.065	477
23.090	573	23.115	479
23.140	542	23.166	478
23.192	505	23.216	479
23.242	467	23.267	478
23.293	430	23.318	478
23.343	390	23.369	479
23.394	361	23.419	477
23.445	331	23.470	478
23.496	312	23.520	477
23.546	298	23.571	476
23.597	293	23.622	476
23.647	296	23.673	477
23.698	310	23.723	476
23.749	329	23.774	477
23.800	355	23.824	475
23.850	387	23.876	476
23.901	424	23.926	475
23.951	460	23.977	476
24.003	498	24.027	475
24.053	535	24.078	477
24.104	567	24.129	476
24.154	595	24.180	476
24.205	615	24.231	476
24.256	627	24.281	477
24.307	632	24.332	478
24.357	629	24.382	479
24.408	615	24.434	479
24.458	596	24.484	478
24.509	570	24.535	480
24.560	538	24.585	479
24.611	501	24.636	478
24.661	464	24.687	478
24.712	427	24.738	480
24.762	392	24.788	478
24.814	360	24.839	478
24.864	332	24.889	477
24.915	312	24.941	477
24.965	300	24.991	477
25.016	296	25.042	476
25.067	299	25.092	477
25.118	313	25.143	476
25.168	332	25.193	476
25.219	360	25.245	475
25.269	391	25.295	477
25.320	426	25.346	474
25.371	464	25.396	476
25.422	501	25.447	475
25.472	537	25.498	476
25.523	566	25.549	476
25.573	595	25.599	477
25.625	613	25.650	476
25.675	626	25.700	478
25.726	630	25.752	478
25.776	626	25.802	479
25.827	613	25.853	479
25.878	592	25.903	478
25.929	565	25.954	479
25.979	533	26.005	478
26.030	499	26.056	479
26.080	460	26.106	478
26.131	424	26.157	479
26.182	389	26.207	478
26.233	358	26.258	478
26.283	332	26.309	477
26.334	313	26.360	477
26.384	303	26.410	476
26.436	298	26.461	475
26.486	303	26.511	475
26.537	316	26.563	474
26.587	337	26.613	475
26.638	364	26.664	475
26.689	394	26.714	475
26.740	431	26.765	476
26.790	467	26.816	475
26.841	503	26.867	475
26.891	538	26.917	477
26.942	568	26.968	477
26.993	595	27.018	479
27.044	613	27.069	477
27.094	623	27.120	478
27.145	627	27.171	479
27.195	622	27.221	479
27.247	609	27.272	480
27.297	589	27.322	479
27.348	562	27.374	480
27.398	530	27.424	479
27.449	495	27.475	480
27.500	458	27.525	478
27.551	422	27.576	480
27.601	388	27.627	477
27.652	357	27.678	477
27.702	332	27.728	477
27.753	314	27.779	476
27.804	304	27.829	476
27.855	302	27.880	476
27.905	306	27.931	475
27.956	321	27.982	475
28.006	340	28.032	475
28.058	368	28.083	473
28.108	399	28.133	474
28.159	434	28.185	475
28.209	470	28.235	476
28.260	506	28.286	476
28.311	540	28.336	477
28.362	569	28.387	477
28.412	595	28.438	478
28.463	612	28.489	478
28.513	624	28.539	478
28.565	625	28.590	480
28.615	619	28.640	479
28.666	605	28.691	480
28.716	585	28.742	480
28.767	557	28.793	479
28.817	525	28.843	479
28.869	490	28.894	479
28.919	455	28.944	478
28.970	417	28.996	478
29.020	386	29.046	477
29.071	356	29.097	478
29.122	332	29.147	476
29.173	317	29.198	477
29.223	307	29.249	475
29.274	304	29.300	474
29.324	309	29.350	474
29.376	324	29.401	475
29.426	345	29.451	475
29.477	372	29.502	475
29.527	402	29.553	475
29.578	438	29.604	476
29.628	472	29.654	476
29.680	508	29.705	475
29.730	540	29.755	477
29.781	570	29.807	477
29.831	594	29.857	478
29.882	610	29.908	479
29.933	621	29.958	480
29.984	622	30.009	478
30.034	615	30.060	480
30.085	601	30.111	480
30.135	580	30.161	481
30.187	553	30.212	480
30.237	522	30.262	479
30.288	487	30.313	477
30.338	453	30.364	476
30.389	418	30.415	478
30.439	385	30.465	477
30.491	356	30.516	477
30.541	333	30.566	475
30.592	318	30.618	476
30.642	308	30.668	474
30.693	306	30.719	474
30.744	314	30.769	474
30.795	327	30.820	474
30.845	348	30.871	474
30.896	375	30.922	476
30.946	407	30.972	476
30.998	441	31.023	475
31.048	475	31.073	476
31.099	511	31.125	477
31.149	543	31.175	478
31.200	571	31.226	477
31.250	593	31.276	479
31.302	610	31.327	479
31.352	619	31.377	480
31.403	619	31.429	480
31.453	613	31.479	481
31.504	599	31.530	480
31.555	576	31.580	480
31.606	549	31.631	480
31.656	517	31.682	479
31.707	483	31.733	478
31.757	449	31.783	477
31.809	414	31.834	477
31.859	384	31.884	476
31.910	356	31.936	476
31.960	334	31.986	474
32.011	319	32.037	476
32.061	310	32.087	474
32.113	310	32.138	475
32.163	316	32.188	473
32.214	331	32.240	474
32.264	352	32.290	474
32.315	379	32.341	474
32.366	410	32.391	475
32.417	445	32.442	475
32.467	478	32.493	477
32.518	513	32.544	477
32.568	544	32.594	479
32.620	572	32.645	479
32.670	593	32.695	479
32.721	608	32.747	480
32.771	615	32.797	480
32.822	617	32.848	480
32.872	609	32.898	481
32.924	594	32.949	479
32.974	571	32.999	480
33.025	544	33.051	479
33.075	514	33.101	478
33.126	480	33.152	478
33.177	446	33.202	477
33.228	411	33.253	476
33.278	381	33.304	475
33.329	353	33.355	474
33.379	333	33.405	474
33.431	320	33.456	474
33.481	312	33.506	473
33.532	312	33.558	474
33.582	321	33.608	474
33.633	337	33.659	475
33.683	357	33.709	474
33.735	384	33.760	475
33.786	415	33.810	476
33.836	447	33.862	478
33.887	482	33.912	479
33.937	515	33.963	478
33.989	545	34.013	478
34.039	572	34.064	479
34.090	593	34.115	479
34.140	608	34.166	479
34.191	614	34.216	481
34.242	613	34.267	479
34.293	604	34.317	480
34.343	589	34.369	479
34.394	569	34.419	479
34.444	541	34.470	478
34.496	510	34.520	478
34.546	478	34.571	476
34.597	443	34.621	476
34.647	410	34.673	475
34.698	380	34.723	475
34.748	354	34.774	475
34.800	335	34.824	473
34.850	321	34.875	475
34.901	314	34.926	474
34.951	315	34.977	475
35.002	323	35.027	474
35.053	339	35.078	476
35.104	359	35.128	475
35.154	387	35.180	476
35.205	417	35.230	476
35.255	451	35.281	476
35.307	484	35.331	477
35.357	517	35.382	479
35.408	547	35.432	479
35.458	572	35.484	480
35.509	592	35.534	481
35.559	606	35.585	480
35.611	613	35.635	479
35.661	610	35.686	480
35.712	603	35.737	480
35.762	586	35.788	479
35.813	564	35.838	479
35.864	535	35.889	477
35.915	506	35.939	477
35.965	473	35.991	477
36.016	440	36.041	476
36.066	408	36.092	475
36.118	379	36.142	474
36.168	353	36.193	475
36.219	335	36.243	474
36.269	322	36.295	477
36.320	316	36.345	474
36.370	318	36.396	476
36.422	327	36.446	473
36.472	342	36.497	475
36.523	365	36.548	475
36.573	392	36.599	477
36.624	423	36.649	477
36.675	454	36.700	478
36.726	487	36.751	478
36.776	519	36.802	480
36.827	548	36.853	479
36.877	573	36.903	480
36.929	591	36.954	480
36.979	604	37.004	479
37.030	609	37.056	480
37.080	607	37.106	479
37.131	598	37.157	478
37.181	582	37.207	477
37.233	560	37.258	478
37.283	533	37.308	476
37.334	502	37.360	477
37.384	470	37.410	475
37.435	438	37.461	476
37.486	406	37.511	476
37.537	378	37.562	476
37.587	354	37.613	474
37.638	336	37.664	474
37.688	323	37.714	473
37.740	320	37.765	474
37.790	320	37.815	476
37.841	330	37.867	476
37.891	347	37.917	477
37.942	369	37.968	476
37.992	395	38.018	478
38.044	425	38.069	476
38.094	458	38.119	479
38.145	491	38.171	478
38.195	521	38.221	479
38.246	549	38.272	479
38.297	573	38.322	480
38.348	590	38.373	480
38.398	603	38.424	478
38.449	607	38.475	480
38.499	606	38.525	478
38.551	595	38.576	478
38.601	578	38.626	477
38.652	556	38.678	476
38.702	529	38.728	475
38.753	499	38.779	476
38.803	467	38.829	475
38.855	436	38.880	476
38.905	404	38.930	474
38.956	378	38.982	474
39.006	353	39.032	474
39.057	337	39.083	475
39.108	324	39.133	475
39.159	321	39.184	475
39.209	322	39.235	477
39.260	335	39.286	476
39.310	349	39.336	478
39.362	372	39.387	476
39.412	399	39.437	479
39.463	429	39.489	477
39.513	461	39.539	479
39.564	492	39.590	477
39.614	523	39.640	479
39.666	549	39.691	479
39.716	572	39.741	479
39.767	589	39.793	478
39.817	601	39.843	478
39.868	604	39.894	480
39.919	602	39.944	479
39.970	591	39.995	479
40.021	575	40.046	477
40.071	552	40.097	479
40.122	527	40.147	475
40.173	496	40.198	477
40.224	464	40.248	474
40.274	435	40.300	476
40.325	404	40.350	474
40.375	376	40.401	475
40.427	354	40.451	475
40.477	338	40.502	476
40.528	326	40.552	474
40.578	323	40.604	476
40.629	326	40.654	476
40.679	337	40.705	476
40.731	353	40.755	477
40.781	376	40.806	477
40.832	402	40.857	478
40.882	432	40.908	477
40.933	463	40.958	479
40.984	495	41.009	477
41.035	525	41.059	479
41.085	551	41.111	478
41.136	573	41.161	479
41.186	589	41.212	479
41.238	600	41.262	479
41.288	601	41.313	479
41.339	599	41.363	477
41.389	587	41.415	478
41.440	570	41.465	478
41.490	548	41.516	478
41.542	523	41.566	476
41.592	491	41.617	476
41.643	461	41.668	475
41.693	431	41.719	475
41.744	401	41.769	474
41.795	376	41.820	475
41.846	353	41.870	473
41.896	338	41.922	475
41.947	328	41.972	475
41.997	326	42.023	475
42.049	328	42.073	476
42.099	340	42.124	477
42.150	356	42.174	480
42.200	379	42.226	477
42.251	406	42.276	478
42.301	435	42.327	477
42.353	466	42.377	479
42.403	497	42.428	477
42.454	526	42.479	478
42.504	550	42.530	478
42.555	572	42.580	478
42.606	587	42.631	478
42.657	598	42.681	478
42.707	600	42.733	478
42.758	596	42.783	478
42.808	585	42.834	478
42.860	568	42.884	478
42.910	544	42.935	476
42.961	518	42.985	476
43.011	489	43.037	477
43.062	459	43.088	475
43.112	428	43.138	475
43.164	400	43.189	474
43.214	375	43.239	476
43.265	355	43.291	475
43.315	340	43.341	476
43.366	330	43.392	477
43.417	328	43.442	476
43.468	331	43.493	476
43.518	344	43.544	477
43.569	360	43.595	478
43.619	383	43.645	477
43.671	410	43.696	478
43.721	439	43.746	477
43.772	469	43.798	480
43.822	499	43.848	476
43.873	527	43.899	479
43.923	552	43.949	477
43.975	574	44.000	478
44.025	586	44.050	476
44.076	596	44.102	479
44.126	598	44.152	477
44.177	594	44.203	477
44.228	580	44.253	477
44.279	564	44.304	477
44.329	541	44.355	478
44.380	516	44.406	477
44.430	486	44.456	477
44.482	455	44.507	477
44.532	427	44.557	477
44.583	399	44.609	475
44.633	375	44.659	477
44.684	354	44.710	475
44.734	339	44.760	477
44.786	331	44.811	477
44.836	331	44.861	478
44.887	335	44.913	477
44.937	347	44.963	477
44.988	364	45.014	478
45.039	387	45.064	477
45.090	413	45.115	479
45.140	443	45.166	476
45.191	471	45.217	478
45.241	502	45.267	477
45.293	528	45.318	478
45.343	553	45.368	477
45.394	572	45.420	477
45.444	585	45.470	477
45.495	596	45.521	478
45.545	595	45.571	477
45.597	590	45.622	478
45.647	578	45.672	477
45.698	561	45.724	476
45.748	537	45.774	477
45.799	512	45.825	476
45.850	482	45.875	478
45.901	455	45.926	476
45.951	424	45.977	477
46.002	397	46.028	475
46.052	373	46.078	476
46.104	355	46.129	475
46.154	342	46.179	477
46.205	332	46.231	476
46.255	333	46.281	478
46.306	337	46.332	478
46.357	351	46.382	477
46.408	367	46.433	478
46.458	390	46.483	478
46.509	416	46.535	480
46.559	445	46.585	478
46.610	474	46.636	479
46.661	503	46.686	478
46.712	530	46.737	479
46.762	553	46.788	477
46.813	572	46.839	478
46.863	584	46.889	476
46.915	593	46.940	477
46.965	594	46.990	476
47.016	586	47.042	477
47.066	574	47.092	476
47.117	557	47.143	477
47.168	533	47.193	476
47.219	507	47.244	476
47.269	479	47.294	478
47.320	451	47.346	475
47.370	421	47.396	477
47.421	397	47.447	477
47.472	374	47.497	477
47.523	354	47.548	475
47.574	342	47.599	476
47.624	335	47.650	475
47.675	335	47.700	477
47.726	342	47.751	477
47.777	354	47.801	476
47.827	370	47.853	477
47.878	395	47.903	477
47.928	418	47.954	478
47.980	448	48.004	477
48.030	476	48.055	478
48.081	505	48.105	478
