#Creator: pendulumviewEventBuffer
#Creation time: Mon Feb 20 15:58:46 2017
#Time A	Pos A	Time B	Pos B
#[s]	[au]	[s]	[au]
0.025	266	0.050	323
0.075	206	0.101	296
0.127	171	0.151	286
0.177	141	0.202	279
0.228	127	0.253	285
0.278	193	0.304	316
0.329	241	0.354	344
0.380	176	0.405	390
0.431	227	0.455	436
0.481	278	0.507	488
0.532	335	0.557	548
0.582	401	0.608	603
0.634	468	0.658	653
0.684	530	0.709	695
0.735	593	0.759	734
0.785	640	0.811	763
0.836	675	0.861	779
0.886	708	0.912	780
0.938	725	0.962	758
0.988	712	1.013	741
1.039	692	1.064	715
1.089	665	1.115	669
1.140	622	1.165	633
1.191	567	1.216	573
1.242	515	1.266	509
1.292	439	1.318	461
1.343	380	1.368	418
1.393	321	1.419	367
1.445	255	1.469	334
1.495	209	1.520	307
1.546	164	1.570	295
1.596	139	1.622	296
1.647	123	1.672	294
1.697	96	1.723	313
1.749	138	1.773	350
1.799	182	1.824	396
1.850	233	1.875	432
1.900	284	1.926	490
1.951	354	1.976	542
2.002	424	2.027	591
2.053	476	2.077	646
2.103	549	2.129	684
2.154	599	2.179	723
2.204	647	2.230	747
2.256	685	2.280	760
2.306	710	2.331	768
2.357	721	2.381	748
2.407	714	2.433	732
2.458	692	2.484	715
2.508	660	2.534	668
2.560	613	2.585	620
2.610	562	2.635	568
2.661	505	2.687	524
2.711	429	2.737	464
2.762	363	2.788	429
2.813	311	2.838	381
2.864	248	2.889	347
2.914	192	2.940	318
2.965	163	2.991	308
3.015	134	3.041	307
3.067	128	3.092	303
3.117	108	3.142	331
3.168	156	3.194	350
3.218	192	3.244	394
3.269	239	3.295	438
3.319	296	3.345	492
3.371	365	3.396	538
3.421	433	3.446	586
3.472	489	3.498	633
3.522	555	3.548	682
3.573	607	3.599	711
3.624	651	3.649	738
3.675	678	3.700	755
3.725	708	3.751	756
3.776	715	3.802	752
3.826	702	3.852	736
3.878	681	3.903	706
3.928	654	3.953	667
3.979	602	4.005	621
4.029	548	4.055	575
4.080	489	4.106	528
4.130	419	4.156	478
4.182	361	4.207	431
4.232	296	4.257	387
4.283	247	4.309	355
4.333	194	4.359	326
4.384	151	4.410	311
4.435	138	4.460	303
4.486	134	4.511	319
4.536	181	4.562	333
4.587	170	4.613	362
4.637	205	4.663	398
4.689	252	4.714	434
4.739	310	4.764	487
4.790	377	4.816	527
4.840	443	4.866	579
4.891	494	4.917	627
4.941	559	4.967	675
4.993	613	5.018	700
5.043	656	5.068	727
5.094	692	5.120	745
5.144	702	5.170	747
5.195	702	5.221	743
5.246	711	5.271	732
5.297	681	5.322	696
5.347	639	5.373	661
5.398	595	5.424	627
5.448	538	5.474	572
5.500	474	5.525	529
5.550	410	5.575	483
5.601	352	5.627	445
5.651	286	5.677	393
5.702	236	5.728	358
5.752	186	5.778	335
5.804	162	5.829	317
5.854	126	5.879	311
5.905	138	5.931	320
5.955	148	5.981	337
6.006	174	6.032	359
6.057	212	6.082	399
6.108	260	6.133	435
6.158	318	6.184	480
6.209	385	6.235	531
6.259	453	6.285	576
6.311	508	6.336	619
6.361	563	6.386	669
6.412	623	6.438	700
6.462	653	6.488	721
6.513	690	6.539	738
6.563	705	6.589	740
6.615	698	6.640	742
6.665	696	6.690	729
6.716	664	6.742	699
6.766	629	6.792	665
6.817	584	6.843	628
6.868	523	6.893	588
6.919	465	6.944	532
6.970	405	6.995	482
7.020	337	7.046	452
7.071	281	7.096	400
7.122	228	7.147	363
7.173	191	7.197	341
7.223	158	7.249	325
7.274	148	7.299	317
7.324	142	7.350	326
7.376	157	7.400	337
7.426	188	7.451	365
7.477	224	7.501	391
7.527	271	7.553	429
7.578	330	7.603	473
7.628	395	7.654	510
7.680	462	7.704	570
7.730	524	7.755	615
7.781	581	7.806	663
7.831	620	7.857	685
7.882	664	7.907	713
7.933	689	7.958	730
7.984	705	8.008	739
8.034	692	8.060	735
8.085	686	8.110	720
8.135	658	8.161	694
8.187	611	8.211	664
8.237	567	8.262	623
8.288	511	8.312	586
8.338	452	8.364	545
8.389	393	8.414	498
8.439	334	8.465	448
8.491	272	8.515	414
8.541	220	8.566	379
8.592	181	8.617	346
8.642	155	8.668	329
8.693	149	8.718	318
8.744	157	8.769	323
8.795	158	8.819	331
8.845	199	8.871	353
8.896	240	8.921	390
8.946	285	8.972	427
8.998	346	9.022	473
9.048	404	9.073	511
9.099	469	9.123	565
9.149	522	9.175	610
9.200	574	9.225	655
9.250	620	9.276	687
9.302	657	9.326	713
9.352	691	9.377	729
9.403	698	9.428	740
9.453	698	9.479	734
9.504	675	9.529	728
9.555	647	9.580	698
9.606	606	9.630	676
9.656	561	9.682	627
9.707	504	9.732	590
9.757	442	9.783	550
9.809	380	9.833	505
9.859	318	9.884	452
9.910	262	9.934	412
9.960	223	9.986	382
10.011	181	10.037	347
10.061	161	10.087	326
10.113	153	10.138	320
10.163	158	10.188	321
10.214	176	10.240	331
10.264	206	10.290	351
10.315	250	10.341	393
10.366	301	10.391	425
10.417	359	10.442	470
10.467	420	10.493	516
10.518	477	10.544	564
10.568	531	10.594	603
10.620	579	10.645	650
10.670	626	10.695	677
10.721	662	10.747	708
10.771	680	10.797	728
10.822	691	10.848	737
10.872	683	10.898	733
10.924	663	10.949	722
10.974	629	10.999	707
11.025	601	11.051	666
11.075	542	11.101	634
11.126	492	11.152	601
11.177	435	11.202	546
11.228	374	11.253	495
11.278	316	11.304	461
11.329	269	11.355	412
11.379	226	11.405	385
11.431	191	11.456	352
11.481	163	11.506	327
11.532	156	11.558	319
11.582	172	11.608	320
11.633	197	11.659	329
11.683	222	11.709	349
11.735	261	11.760	380
11.785	319	11.810	424
11.836	372	11.862	471
11.886	429	11.912	512
11.937	487	11.963	559
11.988	539	12.013	605
12.039	583	12.064	647
12.089	626	12.115	683
12.140	653	12.166	718
12.190	673	12.216	724
12.242	675	12.267	741
12.292	674	12.317	732
12.343	660	12.369	725
12.393	620	12.419	708
12.444	582	12.470	670
12.494	538	12.520	631
12.546	477	12.571	591
12.596	419	12.621	550
12.647	367	12.673	497
12.697	308	12.723	456
12.748	262	12.774	408
12.799	216	12.824	369
12.850	186	12.875	350
12.900	171	12.926	331
12.951	173	12.977	318
13.001	180	13.027	318
13.053	198	13.078	331
13.103	237	13.128	351
13.154	274	13.180	387
13.204	321	13.230	417
13.255	376	13.281	466
13.306	441	13.331	515
13.357	495	13.382	562
13.407	543	13.432	595
13.458	586	13.484	653
13.508	622	13.534	683
13.559	658	13.585	720
13.610	668	13.635	729
13.661	672	13.686	738
13.711	663	13.737	739
13.762	637	13.788	729
13.812	616	13.838	709
13.864	570	13.889	673
13.914	521	13.939	643
13.965	463	13.991	594
14.015	414	14.041	543
14.066	361	14.092	502
14.117	306	14.142	464
14.168	258	14.193	415
14.218	225	14.243	375
14.269	200	14.295	352
14.319	186	14.345	320
14.370	177	14.396	311
14.421	193	14.446	317
14.472	210	14.497	327
14.523	250	14.548	350
14.573	279	14.599	374
14.624	344	14.649	420
14.675	397	14.700	467
14.726	441	14.750	511
14.776	496	14.802	559
14.827	546	14.852	608
14.877	591	14.903	655
14.929	627	14.953	686
14.979	643	15.004	724
15.030	667	15.054	732
15.080	660	15.106	741
15.131	654	15.156	738
15.181	631	15.207	731
15.233	589	15.257	706
15.283	556	15.308	677
15.334	510	15.359	644
15.384	452	15.410	597
15.435	402	15.460	548
15.486	356	15.511	499
15.537	303	15.561	460
15.587	259	15.613	409
15.638	227	15.663	371
15.688	207	15.714	336
15.740	195	15.764	324
15.790	193	15.815	311
15.841	202	15.866	311
15.891	226	15.917	324
15.942	257	15.967	347
15.992	295	16.018	377
16.044	349	16.068	413
16.094	392	16.119	464
16.145	448	16.170	514
16.195	502	16.221	563
16.246	551	16.271	609
16.297	588	16.322	655
16.348	618	16.372	694
16.398	638	16.424	716
16.449	657	16.474	744
16.499	650	16.525	751
16.551	642	16.575	745
16.601	618	16.626	732
16.652	584	16.677	709
16.702	549	16.728	680
16.753	499	16.778	646
16.803	448	16.829	600
16.855	401	16.879	541
16.905	347	16.930	490
16.956	306	16.981	448
17.006	265	17.032	396
17.057	230	17.082	362
17.108	211	17.133	336
17.159	205	17.183	316
17.209	205	17.235	310
17.260	210	17.285	307
17.310	238	17.336	322
17.362	264	17.386	347
17.412	307	17.437	383
17.463	357	17.488	425
17.513	413	17.539	461
17.564	463	17.590	510
17.614	508	17.640	569
17.666	545	17.691	612
17.716	587	17.741	653
17.767	614	17.793	694
17.817	630	17.843	723
17.868	650	17.894	744
17.919	643	17.944	752
17.970	625	17.995	741
18.020	608	18.046	736
18.071	579	18.097	711
18.121	536	18.147	679
18.173	497	18.198	644
18.223	448	18.248	587
18.274	402	18.300	540
18.324	344	18.350	493
18.375	303	18.401	445
18.426	268	18.451	393
18.477	238	18.502	362
18.527	212	18.552	333
18.578	215	18.604	304
18.628	210	18.654	302
18.679	231	18.705	304
18.730	244	18.755	323
18.781	280	18.806	347
18.831	313	18.857	378
18.882	371	18.908	427
18.932	414	18.958	468
18.984	463	19.009	518
19.034	510	19.059	562
19.085	551	19.111	615
19.135	583	19.161	654
19.186	608	19.212	694
19.237	630	19.262	727
19.288	633	19.313	745
19.338	624	19.363	758
19.389	614	19.415	748
19.439	588	19.465	733
19.490	563	19.516	711
19.541	519	19.566	675
19.592	485	19.617	636
19.642	439	19.668	595
19.693	402	19.719	536
19.743	343	19.769	491
19.795	301	19.820	435
19.845	271	19.870	397
19.896	243	19.922	354
19.946	225	19.972	334
19.997	217	20.023	314
20.048	224	20.073	299
20.099	238	20.124	305
20.149	261	20.174	322
20.200	292	20.226	351
20.250	335	20.276	382
20.301	371	20.327	420
20.352	420	20.377	469
20.403	455	20.428	517
20.453	507	20.479	571
20.504	542	20.530	626
20.554	574	20.580	666
20.606	605	20.631	699
20.656	618	20.681	735
20.707	625	20.733	749
20.757	615	20.783	756
20.808	611	20.834	744
20.859	580	20.884	732
20.910	555	20.935	704
20.960	524	20.986	674
21.011	484	21.037	632
21.061	435	21.087	578
21.112	391	21.138	527
21.163	345	21.188	482
21.214	310	21.239	424
21.265	275	21.290	386
21.315	252	21.341	343
21.366	239	21.391	326
21.417	228	21.442	303
21.468	241	21.492	303
21.518	243	21.544	299
21.569	275	21.594	316
21.619	301	21.645	349
21.671	332	21.695	384
21.721	380	21.746	434
21.772	426	21.797	482
21.822	474	21.848	531
21.873	510	21.898	575
21.923	545	21.949	623
21.975	567	21.999	675
22.025	596	22.050	712
22.076	608	22.101	730
22.126	611	22.152	753
22.177	611	22.202	751
22.228	600	22.253	753
22.279	572	22.303	729
22.329	543	22.355	706
22.380	511	22.405	671
22.430	462	22.456	627
22.482	427	22.506	575
22.532	390	22.557	530
22.583	347	22.608	479
22.633	318	22.659	419
22.684	281	22.709	380
22.734	257	22.760	337
22.786	245	22.810	326
22.836	243	22.861	301
22.887	250	22.912	295
22.937	260	22.963	306
22.988	277	23.013	318
23.039	311	23.064	352
23.090	345	23.114	389
23.140	388	23.166	438
23.191	420	23.216	483
23.241	463	23.267	535
23.293	494	23.317	594
23.343	542	23.368	635
23.394	561	23.419	680
23.444	585	23.470	713
23.495	599	23.520	742
23.546	607	23.571	755
23.597	599	23.621	747
23.647	583	23.672	746
23.698	566	23.723	730
23.748	536	23.774	702
23.799	507	23.824	665
23.850	475	23.875	618
23.901	427	23.925	567
23.951	391	23.977	509
24.002	347	24.027	468
24.052	312	24.078	419
24.104	287	24.128	378
24.154	265	24.179	338
24.205	257	24.230	303
24.255	248	24.281	295
24.306	249	24.332	296
24.357	272	24.382	305
24.408	293	24.433	322
24.458	311	24.483	356
24.509	348	24.535	396
24.559	380	24.585	443
24.610	425	24.636	490
24.661	462	24.686	540
24.712	504	24.737	593
24.762	525	24.788	650
24.813	555	24.839	686
24.863	583	24.889	718
24.915	592	24.940	749
24.965	598	24.990	755
25.016	596	25.042	751
25.066	583	25.092	750
25.117	559	25.143	723
25.168	530	25.193	692
25.219	502	25.244	658
25.269	470	25.294	608
25.320	426	25.346	562
25.370	393	25.396	500
25.421	359	25.447	452
25.472	318	25.497	411
25.523	300	25.548	373
25.573	278	25.599	333
25.624	263	25.650	309
25.674	259	25.700	292
25.726	268	25.751	297
25.776	272	25.801	300
25.827	289	25.853	328
25.877	323	25.903	367
25.928	353	25.954	403
25.979	389	26.004	451
26.030	437	26.055	507
26.080	459	26.106	561
26.131	495	26.157	601
26.181	529	26.207	652
26.232	555	26.258	694
26.283	574	26.308	724
26.334	585	26.359	747
26.384	587	26.410	750
26.435	581	26.461	754
26.485	575	26.511	738
26.537	559	26.562	723
26.587	527	26.612	684
26.638	494	26.664	648
26.688	467	26.714	600
26.739	430	26.765	552
26.790	395	26.815	503
26.841	362	26.866	454
26.891	337	26.917	395
26.942	302	26.968	360
26.992	284	27.018	329
27.043	271	27.069	298
27.094	266	27.119	301
27.145	269	27.170	307
27.195	285	27.221	305
27.246	293	27.272	342
27.296	327	27.322	370
27.348	350	27.373	412
27.398	388	27.423	463
27.449	420	27.475	513
27.499	460	27.525	569
27.550	489	27.576	618
27.601	512	27.626	655
27.652	547	27.677	703
27.702	562	27.728	732
27.753	571	27.779	750
27.803	581	27.829	763
27.854	581	27.880	752
27.905	574	27.930	737
27.956	557	27.981	711
28.006	522	28.032	680
28.057	498	28.083	642
28.107	467	28.133	592
28.159	430	28.184	538
28.209	394	28.234	492
28.260	365	28.286	436
28.310	335	28.336	388
28.361	305	28.387	351
28.412	290	28.437	331
28.463	281	28.488	305
28.513	273	28.539	298
28.564	276	28.590	297
28.614	290	28.640	318
28.666	302	28.691	336
28.716	331	28.741	378
28.767	350	28.792	421
28.817	384	28.843	471
28.868	418	28.894	523
28.918	452	28.944	570
28.970	476	28.995	616
29.020	525	29.045	668
29.071	537	29.097	704
29.121	562	29.147	728
29.172	567	29.198	748
29.223	577	29.248	751
29.274	574	29.299	750
29.324	566	29.350	731
29.375	552	29.401	710
29.425	530	29.451	672
29.477	501	29.502	627
29.527	474	29.552	575
29.578	439	29.603	531
29.628	396	29.654	480
29.679	378	29.705	428
29.729	340	29.755	382
29.781	309	29.806	351
29.831	290	29.856	327
29.882	281	29.908	306
29.932	275	29.958	294
29.983	279	30.009	301
30.034	284	30.059	324
30.085	298	30.110	352
30.135	330	30.161	395
30.186	350	30.212	430
30.236	382	30.262	485
30.288	418	30.313	531
30.338	442	30.363	584
30.389	479	30.414	633
30.439	510	30.465	678
30.490	533	30.516	713
30.540	550	30.566	728
30.592	564	30.617	749
30.642	574	30.667	742
30.693	569	30.719	744
30.743	562	30.769	716
30.794	541	30.820	705
30.845	530	30.870	665
30.896	495	30.921	622
30.946	467	30.972	565
30.997	440	31.023	521
31.047	408	31.073	470
31.099	376	31.124	423
31.149	345	31.174	380
31.200	314	31.226	340
31.250	298	31.276	325
31.301	292	31.327	309
31.351	282	31.377	305
31.403	285	31.428	324
31.453	292	31.478	332
31.504	308	31.530	363
31.554	329	31.580	404
31.605	354	31.631	440
31.656	380	31.681	493
31.707	414	31.732	543
31.757	451	31.783	590
31.808	483	31.834	639
31.858	505	31.884	677
31.910	529	31.935	713
31.960	547	31.985	735
32.011	560	32.037	751
32.061	571	32.087	742
32.112	564	32.138	733
32.162	559	32.188	718
32.214	548	32.239	687
32.264	522	32.289	641
32.315	507	32.341	610
32.365	471	32.391	555
32.416	440	32.442	507
32.467	401	32.492	460
32.518	379	32.543	415
32.568	342	32.594	378
32.619	314	32.645	339
32.669	299	32.695	322
32.721	294	32.746	316
32.771	281	32.796	312
32.822	283	32.848	314
32.872	293	32.898	345
32.923	311	32.949	374
32.973	332	32.999	404
33.025	349	33.050	457
33.075	375	33.100	500
33.126	407	33.152	553
33.176	440	33.202	600
33.227	465	33.253	641
33.279	501	33.303	687
33.329	526	33.354	708
33.380	547	33.405	737
33.430	560	33.456	744
33.481	571	33.506	737
33.532	565	33.557	728
33.583	560	33.607	708
33.633	545	33.659	677
33.684	521	33.709	633
33.734	503	33.760	595
33.786	470	33.810	549
33.836	437	33.861	503
33.887	411	33.911	455
33.937	382	33.963	411
33.988	356	34.013	376
34.038	327	34.064	343
34.090	304	34.114	328
34.140	297	34.165	319
34.191	288	34.216	317
34.241	286	34.267	325
34.292	290	34.317	360
34.343	304	34.368	388
34.394	319	34.418	435
34.444	346	34.470	463
34.495	374	34.520	515
34.545	414	34.571	558
34.597	442	34.621	606
34.647	480	34.672	651
34.698	494	34.722	678
34.748	524	34.774	714
34.799	551	34.824	734
34.849	553	34.875	736
34.901	570	34.925	730
34.951	564	34.976	726
35.002	560	35.027	694
35.052	550	35.078	666
35.103	525	35.128	627
35.154	498	35.179	584
35.205	482	35.229	534
35.255	448	35.281	496
35.306	415	35.331	446
35.356	383	35.382	409
35.408	346	35.432	365
35.458	328	35.483	346
35.509	310	35.533	332
35.559	299	35.585	323
35.610	286	35.635	322
35.660	286	35.686	341
35.712	291	35.736	368
35.762	305	35.787	400
35.813	320	35.838	441
35.863	346	35.889	469
35.914	378	35.939	529
35.965	412	35.990	565
36.016	439	36.040	614
36.066	470	36.092	653
36.117	503	36.142	688
36.167	521	36.193	702
36.219	553	36.243	717
36.269	555	36.294	724
36.320	569	36.344	716
36.370	563	36.396	709
36.421	559	36.447	677
36.471	545	36.497	651
36.523	529	36.548	616
36.573	501	36.598	569
36.624	472	36.650	532
36.674	443	36.700	481
36.725	417	36.751	440
36.776	380	36.801	404
36.827	351	36.852	370
36.877	328	36.903	341
36.928	306	36.954	339
36.978	287	37.004	327
37.030	280	37.055	340
37.080	284	37.105	350
37.131	290	37.157	382
37.181	303	37.207	406
37.232	319	37.258	446
37.282	341	37.308	480
37.334	377	37.359	531
37.384	411	37.409	577
37.435	441	37.461	619
37.485	467	37.511	653
37.536	501	37.562	687
37.587	517	37.612	701
37.638	542	37.663	719
37.688	562	37.714	724
37.739	570	37.765	715
37.789	565	37.815	699
37.841	561	37.866	677
37.891	547	37.916	642
37.942	536	37.968	610
37.992	511	38.018	575
38.043	474	38.069	519
38.093	443	38.119	476
38.145	422	38.170	437
38.195	384	38.220	402
38.246	358	38.272	371
38.296	333	38.322	346
38.347	306	38.373	334
38.398	298	38.423	331
38.449	278	38.474	349
38.499	279	38.525	360
38.550	286	38.576	390
38.600	301	38.626	409
38.652	321	38.677	458
38.702	352	38.727	496
38.753	379	38.779	543
38.803	410	38.829	577
38.854	433	38.880	624
38.904	470	38.930	653
38.956	501	38.981	682
39.006	524	39.031	696
39.057	546	39.083	707
39.107	554	39.133	715
39.158	573	39.184	702
39.209	566	39.234	691
39.260	563	39.285	663
39.310	550	39.336	631
39.361	533	39.387	586
39.411	511	39.437	556
39.463	483	39.488	519
39.513	450	39.538	477
39.564	415	39.590	437
39.614	383	39.640	401
39.665	349	39.691	374
39.715	321	39.741	352
39.767	301	39.792	351
39.817	282	39.842	340
39.868	285	39.894	349
39.918	282	39.944	364
39.969	286	39.995	397
40.020	299	40.045	435
40.071	317	40.096	472
40.122	348	40.147	504
40.172	370	40.198	539
40.223	402	40.248	581
40.274	445	40.299	620
40.325	471	40.349	655
40.375	510	40.401	678
40.426	542	40.451	698
40.476	549	40.502	709
40.528	563	40.552	710
40.578	566	40.603	691
40.629	574	40.653	676
40.679	563	40.705	653
40.730	550	40.755	628
40.780	535	40.806	584
40.832	511	40.856	547
40.882	482	40.907	500
40.933	439	40.958	466
40.983	409	41.009	434
41.034	384	41.059	399
41.085	349	41.110	379
41.136	329	41.160	361
41.186	301	41.212	349
41.237	286	41.262	361
41.287	280	41.313	369
41.339	275	41.363	383
41.389	285	41.414	406
41.440	296	41.464	438
41.490	320	41.516	469
41.541	349	41.566	509
41.591	378	41.617	561
41.643	405	41.667	588
41.693	436	41.718	621
41.744	480	41.769	654
41.794	504	41.820	675
41.845	537	41.870	687
41.896	550	41.921	692
41.947	566	41.971	699
41.997	570	42.023	683
42.048	575	42.073	668
42.098	567	42.124	644
42.150	555	42.174	613
42.200	532	42.225	575
42.251	502	42.275	540
42.301	480	42.327	502
42.352	437	42.377	462
42.402	415	42.428	432
42.454	373	42.478	401
42.504	345	42.529	380
42.555	321	42.580	369
42.605	294	42.631	359
42.656	283	42.681	360
42.707	275	42.732	376
42.758	276	42.782	393
42.808	284	42.834	414
42.859	296	42.884	448
42.909	318	42.935	480
42.961	350	42.985	521
43.011	384	43.036	554
43.062	405	43.086	597
43.112	450	43.138	619
43.163	481	43.189	646
43.213	508	43.239	673
43.265	539	43.290	682
43.315	549	43.340	693
43.366	571	43.392	691
43.416	566	43.442	675
43.467	578	43.493	662
43.518	563	43.543	639
43.569	551	43.594	606
43.619	532	43.645	569
43.670	504	43.696	540
43.720	467	43.746	499
43.772	441	43.797	466
43.822	409	43.847	430
43.873	373	43.899	405
43.923	341	43.949	386
43.974	316	44.000	374
44.024	299	44.050	374
44.076	280	44.101	368
44.126	273	44.151	385
44.177	279	44.203	405
44.227	286	44.253	428
44.278	302	44.304	454
44.329	322	44.354	486
44.380	348	44.405	518
44.430	381	44.456	558
44.481	411	44.507	592
44.531	449	44.557	626
44.583	487	44.608	648
44.633	519	44.658	665
44.684	539	44.710	673
44.734	559	44.760	683
44.785	571	44.811	674
44.835	578	44.861	668
44.887	579	44.912	645
44.937	564	44.962	628
44.988	552	45.014	598
45.038	529	45.064	567
45.089	499	45.115	533
45.140	470	45.165	497
45.191	434	45.216	457
45.241	407	45.267	441
45.292	370	45.318	411
45.342	330	45.368	389
45.394	309	45.419	383
45.444	295	45.469	377
45.495	282	45.521	384
45.545	271	45.571	389
45.596	267	45.622	409
45.646	282	45.672	427
45.698	300	45.723	463
45.748	323	45.773	494
45.799	352	45.825	513
45.849	388	45.875	551
45.900	426	45.926	589
45.951	453	45.976	615
46.002	486	46.027	642
46.052	519	46.078	657
46.103	543	46.129	669
46.153	560	46.179	673
46.205	575	46.230	668
46.255	580	46.280	654
46.306	577	46.332	640
46.356	570	46.382	616
46.407	551	46.433	595
46.458	523	46.483	561
46.509	497	46.534	521
46.559	465	46.584	499
46.610	423	46.636	466
46.660	393	46.686	431
46.711	359	46.737	415
46.762	331	46.787	403
46.813	303	46.838	391
46.863	280	46.889	383
46.914	280	46.940	393
46.964	276	46.990	400
47.016	268	47.041	412
47.066	278	47.091	444
47.117	302	47.143	464
47.167	322	47.193	496
47.218	358	47.244	521
47.269	392	47.294	563
47.320	426	47.345	588
47.370	462	47.395	617
47.421	495	47.447	635
47.471	518	47.497	649
47.522	542	47.548	663
47.573	568	47.598	663
47.624	567	47.649	661
47.675	580	47.700	655
47.725	576	47.751	630
47.776	562	47.801	609
47.827	544	47.852	582
47.878	520	47.902	557
47.928	488	47.954	520
47.979	456	48.004	487
48.029	423	48.055	469
48.081	387	48.105	443
48.131	354	48.156	427
48.182	330	48.206	406
48.232	294	48.258	395
48.283	282	48.308	391
48.333	266	48.359	398
48.385	262	48.409	410
48.435	274	48.460	418
48.486	281	48.511	446
48.536	305	48.562	465
48.587	329	48.612	497
48.638	368	48.663	531
48.689	399	48.713	561
48.739	434	48.765	582
48.790	474	48.815	616
48.840	496	48.866	635
48.892	529	48.916	644
48.942	552	48.967	656
48.993	569	49.018	659
49.043	580	49.069	653
49.094	578	49.119	648
49.144	573	49.170	623
49.196	561	49.220	612
49.246	536	49.271	582
49.297	519	49.322	556
49.347	486	49.373	526
49.398	452	49.423	495
49.449	417	49.474	469
49.500	386	49.524	447
49.550	352	49.576	418
49.601	313	49.626	416
49.651	298	49.677	406
49.703	274	49.727	398
49.753	269	49.778	403
49.804	281	49.829	414
49.854	275	49.880	431
49.905	290	49.930	453
49.955	315	49.981	477
50.007	342	50.031	504
50.057	367	50.082	528
50.108	403	50.133	552
50.158	441	50.184	577
50.209	478	50.234	605
50.260	510	50.285	624
50.311	535	50.335	642
50.361	552	50.387	652
50.412	565	50.437	653
50.462	579	50.488	649
50.514	583	50.538	640
50.564	567	50.589	622
50.615	557	50.640	609
50.665	543	50.691	575
50.716	515	50.742	552
50.766	479	50.792	525
50.818	447	50.843	498
50.868	409	50.893	472
50.919	377	50.945	455
50.969	347	50.995	438
51.020	307	51.046	410
51.071	296	51.096	411
51.122	277	51.147	407
51.172	270	51.198	408
51.223	271	51.249	419
51.273	282	51.299	431
51.325	291	51.350	453
51.375	322	51.400	469
51.426	346	51.452	498
51.476	377	51.502	531
51.527	412	51.553	555
51.578	446	51.603	571
51.629	482	51.654	596
51.679	515	51.704	619
51.730	532	51.756	637
51.780	562	51.806	636
51.831	569	51.857	645
51.882	572	51.907	643
51.933	581	51.958	631
51.983	576	52.009	621
52.034	555	52.060	600
52.084	530	52.110	573
52.136	508	52.161	559
52.186	473	52.211	533
52.237	440	52.263	503
52.287	402	52.313	478
52.338	367	52.364	458
52.389	333	52.414	437
52.440	304	52.465	423
52.490	294	52.515	409
52.541	282	52.567	411
52.591	276	52.617	415
52.642	272	52.668	421
52.693	278	52.718	435
52.744	293	52.769	457
52.794	324	52.820	476
52.845	357	52.871	499
52.895	381	52.921	520
52.947	417	52.972	553
52.997	456	53.022	573
53.048	489	53.074	601
53.098	520	53.124	609
53.149	544	53.175	629
53.200	559	53.225	628
53.251	579	53.276	644
53.301	582	53.326	640
53.352	573	53.378	628
53.402	557	53.428	618
53.453	543	53.479	596
53.504	530	53.529	574
53.555	488	53.580	556
53.605	466	53.631	526
53.656	431	53.682	501
53.706	395	53.732	481
53.758	360	53.783	452
53.808	330	53.833	442
53.859	303	53.885	425
53.909	289	53.935	428
53.960	276	53.986	419
54.011	272	54.036	420
54.062	279	54.087	426
54.112	288	54.138	437
54.163	314	54.189	456
54.213	330	54.239	472
54.264	360	54.290	495
54.315	386	54.340	520
54.366	422	54.391	547
54.417	460	54.442	569
54.467	490	54.493	598
54.518	522	54.543	604
54.569	542	54.594	621
54.620	556	54.644	633
54.670	571	54.696	638
54.721	574	54.746	630
54.771	575	54.797	630
54.823	559	54.847	616
54.873	539	54.898	599
54.924	515	54.949	573
54.974	486	55.000	550
55.025	454	55.050	532
55.075	421	55.101	512
55.127	389	55.151	487
55.177	356	55.202	462
55.228	327	55.253	453
55.278	306	55.304	427
55.329	285	55.354	423
55.380	280	55.405	420
55.431	274	55.455	415
55.481	279	55.507	428
55.532	293	55.557	443
55.582	314	55.608	454
55.634	344	55.658	476
55.684	375	55.709	503
55.735	401	55.760	526
55.785	440	55.811	543
55.836	473	55.861	573
55.886	499	55.912	591
55.938	528	55.962	601
55.988	544	56.013	621
56.039	562	56.064	624
56.089	571	56.115	634
56.140	566	56.165	636
56.191	570	56.216	623
56.242	552	56.266	611
56.292	533	56.318	599
56.343	498	56.368	580
56.393	481	56.419	562
56.445	439	56.469	538
56.495	406	56.520	516
56.546	377	56.571	489
56.596	353	56.622	458
56.647	325	56.672	449
56.698	302	56.723	438
56.749	288	56.773	424
56.799	281	56.824	420
56.850	281	56.875	415
56.900	284	56.926	424
56.951	295	56.976	437
57.002	326	57.027	456
57.053	345	57.077	477
57.103	372	57.129	497
57.154	406	57.179	514
57.204	442	57.230	546
57.256	472	57.280	566
57.306	503	57.331	588
57.357	527	57.382	605
57.407	549	57.433	613
57.458	559	57.484	638
57.509	568	57.534	632
57.560	565	57.585	631
57.610	562	57.635	621
57.661	542	57.687	611
57.711	530	57.737	595
57.762	498	57.788	580
57.813	476	57.838	557
57.864	439	57.889	534
57.914	406	57.940	506
57.965	375	57.991	490
58.015	345	58.041	470
58.067	319	58.092	455
58.117	298	58.142	436
58.168	290	58.194	428
58.218	281	58.244	416
58.269	289	58.295	423
58.320	289	58.345	423
58.371	303	58.396	436
58.421	331	58.446	454
58.472	358	58.498	474
58.522	383	58.548	493
58.573	416	58.599	521
58.624	443	58.649	541
58.675	479	58.700	558
58.725	499	58.751	590
58.776	529	58.802	606
58.826	543	58.852	616
58.878	558	58.903	620
58.928	563	58.953	631
58.979	561	59.005	630
59.029	550	59.055	618
59.080	531	59.106	613
59.131	514	59.156	603
59.182	488	59.207	582
59.232	461	59.258	560
59.283	423	59.309	537
59.333	395	59.359	510
59.384	374	59.410	484
59.435	340	59.460	473
59.486	325	59.511	449
59.536	298	59.562	439
59.587	289	59.613	426
59.637	288	59.663	423
59.689	289	59.714	423
59.739	304	59.764	427
59.790	309	59.816	443
59.840	341	59.866	452
59.891	369	59.917	469
59.942	400	59.967	488
59.993	423	60.018	519
60.043	460	60.069	541
60.094	481	60.120	566
60.144	509	60.170	584
60.195	526	60.221	596
60.246	544	60.271	621
60.297	553	60.322	629
60.347	561	60.373	632
60.398	555	60.424	639
60.448	547	60.474	621
60.500	534	60.525	615
60.550	508	60.575	609
60.601	477	60.627	576
60.651	450	60.677	562
60.702	422	60.728	535
60.753	399	60.778	515
60.804	371	60.829	492
60.854	342	60.880	469
60.905	319	60.931	448
60.955	299	60.981	437
61.006	289	61.032	430
61.057	289	61.082	421
61.108	297	61.133	422
61.158	305	61.184	413
61.209	324	61.235	438
61.259	347	61.285	451
61.311	365	61.336	472
61.361	395	61.386	495
61.412	433	61.438	520
61.462	459	61.488	541
61.513	489	61.539	562
61.564	515	61.589	585
61.615	530	61.640	604
61.665	543	61.691	615
61.716	554	61.742	633
61.766	557	61.792	637
61.818	549	61.843	633
61.868	535	61.893	621
61.919	525	61.944	622
61.969	494	61.995	602
62.020	480	62.046	575
62.070	443	62.096	558
62.122	413	62.147	538
62.172	383	62.197	513
62.223	363	62.249	489
62.273	345	62.299	467
62.324	315	62.350	448
62.375	306	62.400	429
62.426	289	62.451	420
62.476	301	62.502	418
62.527	299	62.553	421
62.577	313	62.603	426
62.629	331	62.654	432
62.679	351	62.704	446
62.730	373	62.755	471
62.780	413	62.806	484
62.831	429	62.857	514
62.881	463	62.907	536
62.933	487	62.958	561
62.983	507	63.008	584
63.034	530	63.060	602
63.084	536	63.110	617
63.135	547	63.161	622
63.186	554	63.211	633
63.237	538	63.262	634
63.287	533	63.313	627
63.338	513	63.364	621
63.388	492	63.414	602
63.440	464	63.465	585
63.490	443	63.515	554
63.541	408	63.566	540
63.591	391	63.617	509
63.642	361	63.668	492
63.692	339	63.718	468
63.744	314	63.769	445
63.794	313	63.819	433
63.845	304	63.871	422
63.895	301	63.921	415
63.946	305	63.972	424
63.997	322	64.022	420
64.048	341	64.073	436
64.098	363	64.124	452
64.149	388	64.175	476
64.199	409	64.225	492
64.251	445	64.276	510
64.301	467	64.326	543
64.352	483	64.378	562
64.402	503	64.428	589
64.453	525	64.479	606
64.503	530	64.529	620
64.555	540	64.580	627
64.605	542	64.630	641
64.656	527	64.682	640
64.706	526	64.732	631
64.757	503	64.783	612
64.808	488	64.833	603
64.859	462	64.884	592
64.909	435	64.935	555
64.960	413	64.986	535
65.010	388	65.036	514
65.062	365	65.087	484
65.112	336	65.137	463
65.163	327	65.189	442
65.213	309	65.239	431
65.264	317	65.290	421
65.314	316	65.340	417
65.366	317	65.391	411
65.416	323	65.441	427
65.467	350	65.493	437
65.517	365	65.543	451
65.568	394	65.594	479
65.619	419	65.644	488
65.670	441	65.695	520
65.720	474	65.746	544
65.771	484	65.797	564
65.821	509	65.847	593
65.873	528	65.898	606
65.923	531	65.948	624
65.974	531	66.000	635
66.024	532	66.050	635
66.075	527	66.101	630
66.125	516	66.151	634
66.177	505	66.202	620
66.227	475	66.252	606
66.278	458	66.304	580
66.328	429	66.354	559
66.379	405	66.405	524
66.430	380	66.455	507
66.481	359	66.506	476
66.531	345	66.557	456
66.582	331	66.608	444
66.632	315	66.658	432
66.684	316	66.709	419
66.734	326	66.759	417
66.785	319	66.811	420
66.835	338	66.861	421
66.886	357	66.912	441
66.936	371	66.962	455
66.988	399	67.013	470
67.039	424	67.063	497
67.089	447	67.115	521
67.140	468	67.165	548
67.190	493	67.216	567
67.242	505	67.266	589
67.292	517	67.317	608
67.343	529	67.368	625
67.393	529	67.419	634
67.444	523	67.469	639
67.495	525	67.520	632
67.546	503	67.570	632
67.596	490	67.622	623
67.647	476	67.672	595
