#Creator: pendulumviewEventBuffer
#Creation time: Mon Feb 20 15:58:46 2017
#Time A	Pos A	Time B	Pos B
#[s]	[au]	[s]	[au]
0.024	173	0.050	815
0.076	121	0.100	859
0.126	97	0.151	893
0.177	67	0.202	900
0.227	71	0.253	905
0.278	82	0.303	891
0.329	105	0.354	864
0.380	149	0.405	815
0.430	208	0.455	760
0.481	256	0.507	702
0.531	331	0.557	645
0.582	390	0.608	570
0.633	456	0.658	512
0.684	514	0.709	452
0.734	563	0.760	400
0.785	596	0.811	362
0.835	619	0.861	340
0.887	637	0.912	325
0.937	631	0.962	343
0.988	610	1.014	357
1.038	580	1.064	392
1.089	533	1.115	438
1.140	488	1.165	491
1.191	423	1.216	553
1.241	359	1.267	629
1.292	302	1.318	689
1.342	238	1.368	753
1.393	191	1.419	801
1.444	145	1.469	842
1.495	109	1.520	880
1.545	82	1.571	894
1.596	87	1.622	893
1.646	92	1.672	880
1.698	116	1.723	853
1.748	147	1.773	812
1.799	204	1.825	768
1.849	259	1.875	697
1.900	328	1.926	643
1.951	383	1.976	570
2.002	454	2.027	511
2.052	503	2.078	462
2.103	551	2.129	418
2.153	596	2.179	370
2.204	619	2.230	345
2.255	639	2.280	334
2.306	632	2.331	339
2.356	616	2.382	360
2.407	589	2.433	392
2.457	546	2.483	442
2.509	494	2.534	494
2.559	440	2.584	552
2.610	385	2.636	620
2.660	318	2.686	671
2.711	251	2.737	732
2.762	197	2.787	787
2.813	156	2.838	827
2.863	121	2.889	854
2.914	95	2.940	878
2.964	83	2.990	887
3.015	94	3.041	873
3.066	118	3.091	838
3.117	154	3.142	810
3.167	203	3.193	764
3.218	255	3.244	707
3.268	305	3.294	647
3.320	377	3.345	579
3.370	445	3.395	522
3.421	490	3.447	465
3.471	542	3.497	417
3.522	592	3.548	380
3.573	615	3.598	356
3.624	633	3.649	345
3.674	637	3.700	347
3.725	616	3.751	361
3.775	592	3.801	397
3.827	562	3.852	440
3.877	508	3.902	491
3.928	453	3.953	545
3.978	391	4.004	608
4.029	327	4.055	665
4.079	276	4.105	728
4.131	212	4.156	770
4.181	165	4.206	819
4.232	126	4.258	855
4.282	102	4.308	865
4.333	89	4.359	874
4.384	106	4.409	861
4.435	115	4.460	842
4.485	155	4.511	801
4.536	188	4.562	764
4.586	247	4.612	704
4.638	310	4.663	646
4.688	374	4.713	587
4.739	430	4.764	533
4.789	480	4.815	471
4.840	541	4.866	430
4.890	584	4.916	392
4.942	610	4.967	358
4.992	633	5.017	346
5.043	633	5.069	343
5.093	619	5.119	365
5.144	604	5.170	400
5.195	561	5.220	438
5.246	511	5.271	479
5.296	463	5.322	537
5.347	403	5.373	601
5.397	340	5.423	653
5.449	286	5.474	715
5.499	221	5.524	760
5.550	184	5.575	809
5.600	136	5.626	837
5.651	107	5.677	861
5.701	100	5.727	867
5.753	100	5.778	856
5.803	122	5.828	836
5.854	152	5.880	797
5.904	184	5.930	759
5.955	240	5.981	715
6.006	293	6.031	647
6.057	357	6.082	596
6.107	410	6.133	531
6.158	473	6.184	477
6.208	529	6.234	436
6.260	573	6.285	398
6.310	610	6.335	362
6.361	633	6.387	350
6.411	636	6.437	348
6.462	626	6.488	364
6.512	604	6.538	395
6.564	564	6.589	432
6.614	518	6.639	481
6.665	467	6.691	534
6.715	407	6.741	599
6.766	352	6.792	645
6.817	289	6.842	709
6.868	235	6.893	760
6.918	188	6.944	804
6.969	146	6.995	837
7.019	119	7.045	849
7.071	110	7.096	861
7.121	105	7.146	851
7.172	122	7.198	833
7.222	151	7.248	799
7.273	180	7.299	762
7.323	240	7.349	705
7.375	286	7.400	654
7.425	351	7.450	599
7.476	410	7.502	545
7.526	466	7.552	485
7.577	523	7.603	439
7.628	560	7.653	403
7.679	598	7.704	367
7.729	623	7.755	358
7.780	634	7.806	354
7.830	624	7.856	369
7.882	602	7.907	400
7.932	574	7.957	427
7.983	535	8.009	477
8.033	478	8.059	534
8.084	421	8.110	581
8.134	359	8.160	641
8.186	305	8.211	696
8.236	257	8.261	755
8.287	190	8.313	796
8.337	159	8.363	831
8.388	128	8.414	844
8.439	111	8.464	857
8.490	113	8.515	850
8.540	127	8.566	830
8.591	143	8.617	796
8.641	181	8.667	763
8.693	232	8.718	713
8.743	277	8.768	667
8.794	338	8.820	608
8.844	404	8.870	545
8.895	458	8.921	488
8.945	507	8.971	440
8.997	555	9.022	409
9.048	591	9.072	377
9.098	625	9.124	366
9.149	621	9.174	356
9.199	621	9.225	378
9.251	612	9.275	394
9.301	581	9.326	428
9.352	540	9.377	479
9.402	485	9.428	526
9.453	439	9.478	575
9.504	380	9.529	638
9.555	314	9.579	689
9.605	264	9.631	742
9.656	213	9.681	783
9.706	174	9.732	816
9.758	138	9.782	840
9.808	118	9.833	847
9.859	114	9.883	840
9.909	126	9.935	828
9.960	144	9.985	800
10.010	182	10.036	763
10.062	226	10.086	713
10.112	273	10.137	663
10.163	332	10.188	601
10.213	385	10.239	557
10.264	446	10.289	500
10.315	494	10.340	449
10.366	545	10.390	412
10.416	589	10.442	376
10.467	605	10.492	359
10.517	624	10.543	366
10.569	622	10.593	374
10.619	603	10.644	393
10.670	584	10.694	431
10.720	546	10.746	464
10.771	496	10.796	523
10.821	441	10.847	575
10.873	382	10.897	628
10.923	321	10.948	685
10.974	269	10.999	732
11.024	216	11.050	774
11.075	179	11.100	810
11.126	150	11.151	839
11.177	123	11.201	844
11.227	121	11.253	834
11.278	134	11.303	822
11.328	144	11.354	796
11.380	181	11.404	761
11.430	217	11.455	721
11.481	268	11.505	672
11.531	323	11.557	610
11.582	386	11.607	554
11.632	437	11.658	506
11.684	491	11.708	456
11.734	533	11.759	411
11.785	575	11.810	387
11.835	609	11.861	365
11.886	620	11.911	361
11.937	618	11.962	370
11.988	616	12.013	391
12.038	585	12.064	434
12.089	551	12.115	471
12.139	502	12.165	520
12.191	455	12.216	569
12.241	400	12.266	635
12.292	343	12.318	684
12.342	281	12.368	737
12.393	232	12.419	770
12.443	188	12.469	812
12.495	156	12.520	834
12.545	129	12.570	843
12.596	128	12.622	833
12.646	133	12.672	826
12.697	141	12.723	793
12.748	171	12.773	761
12.799	211	12.824	725
12.849	258	12.875	670
12.900	313	12.926	619
12.950	368	12.976	556
13.002	424	13.027	506
13.052	479	13.077	457
13.103	523	13.129	417
13.153	564	13.179	386
13.204	597	13.230	369
13.254	612	13.280	365
13.306	610	13.331	379
13.356	606	13.381	398
13.407	579	13.433	433
13.457	555	13.483	465
13.508	506	13.534	510
13.559	453	13.584	566
13.610	406	13.635	624
13.660	345	13.686	671
13.711	293	13.737	725
13.761	239	13.787	774
13.813	199	13.838	806
13.863	170	13.888	828
13.914	142	13.940	832
13.964	131	13.990	833
14.015	136	14.041	818
14.065	154	14.091	802
14.117	181	14.142	769
14.167	207	14.192	717
14.218	254	14.244	669
14.268	313	14.294	619
14.319	368	14.345	560
14.370	414	14.395	510
14.421	474	14.446	465
14.471	519	14.497	427
14.522	562	14.548	398
14.572	591	14.598	378
14.624	608	14.649	370
14.674	607	14.699	373
14.725	611	14.751	399
14.775	579	14.801	422
14.826	553	14.852	458
14.876	517	14.902	515
14.928	470	14.953	561
14.978	414	15.003	617
15.029	358	15.055	667
15.079	301	15.105	711
15.130	256	15.156	763
15.181	207	15.206	804
15.232	169	15.257	815
15.283	146	15.308	838
15.333	134	15.359	828
15.384	140	15.409	823
15.435	157	15.460	801
15.486	175	15.510	770
15.536	210	15.562	718
15.587	246	15.612	674
15.637	304	15.663	625
15.689	354	15.713	570
15.739	410	15.764	513
15.790	464	15.814	465
15.840	508	15.866	435
15.891	552	15.916	400
15.941	582	15.967	379
15.993	596	16.017	376
16.043	611	16.068	380
16.094	601	16.119	398
16.144	583	16.170	421
16.195	555	16.220	462
16.246	516	16.271	504
16.297	473	16.321	559
16.347	417	16.373	611
16.398	369	16.423	664
16.448	311	16.474	719
16.500	263	16.524	756
16.550	223	16.575	793
16.601	188	16.625	818
16.651	156	16.677	826
16.702	147	16.727	827
16.752	152	16.778	822
16.804	158	16.828	795
16.854	184	16.879	768
16.905	206	16.930	732
16.955	251	16.981	686
17.006	304	17.031	625
17.057	351	17.082	571
17.108	397	17.132	519
17.158	455	17.184	477
17.209	496	17.234	437
17.259	544	17.285	395
17.311	574	17.335	382
17.361	596	17.386	375
17.412	598	17.436	384
17.462	593	17.488	397
17.513	583	17.538	425
17.563	549	17.589	457
17.615	524	17.639	508
17.665	475	17.690	550
17.716	422	17.741	602
17.766	380	17.792	662
17.817	324	17.842	713
17.868	269	17.893	750
17.919	228	17.943	777
17.969	199	17.995	820
18.020	169	18.045	828
18.070	159	18.096	835
18.122	158	18.146	821
18.172	157	18.197	802
18.223	180	18.247	768
18.273	211	18.299	728
18.324	248	18.350	687
18.374	294	18.400	627
18.426	344	18.451	574
18.476	393	18.501	524
18.527	443	18.553	475
18.577	495	18.603	439
18.628	531	18.654	399
18.679	559	18.704	382
18.730	591	18.755	375
18.780	593	18.806	371
18.831	591	18.857	389
18.881	581	18.907	422
18.933	555	18.958	451
18.983	514	19.008	501
19.034	481	19.060	552
19.084	428	19.110	599
19.135	390	19.161	653
19.185	326	19.211	704
19.237	281	19.262	747
19.287	235	19.312	782
19.338	202	19.364	811
19.388	172	19.414	826
19.439	159	19.465	828
19.490	153	19.515	818
19.541	164	19.566	802
19.591	185	19.617	769
19.642	205	19.668	738
19.692	248	19.718	691
19.744	299	19.769	640
19.794	346	19.819	585
19.845	389	19.871	528
19.895	442	19.921	487
19.946	489	19.972	441
19.996	524	20.022	410
20.048	553	20.073	394
20.098	574	20.123	366
20.149	588	20.175	379
20.199	585	20.225	391
20.250	580	20.276	411
20.301	560	20.326	455
20.352	516	20.377	498
20.402	483	20.428	544
20.453	434	20.479	593
20.503	394	20.529	649
20.555	339	20.580	697
20.605	285	20.630	734
20.656	254	20.682	773
20.706	217	20.732	805
20.757	185	20.783	823
20.807	172	20.833	825
20.859	164	20.884	824
20.909	165	20.934	798
20.960	191	20.986	768
21.010	207	21.036	734
21.061	250	21.087	696
21.112	289	21.137	649
21.163	337	21.188	590
21.213	389	21.239	539
21.264	431	21.290	498
21.314	467	21.340	449
21.366	517	21.391	415
21.416	553	21.441	397
21.467	577	21.493	378
21.517	581	21.543	387
21.568	583	21.594	396
21.619	571	21.644	413
21.670	552	21.695	445
21.720	521	21.745	481
21.771	483	21.797	541
21.821	442	21.847	587
21.872	395	21.898	643
21.923	347	21.948	692
21.974	300	21.999	728
22.024	257	22.050	774
22.075	218	22.101	796
22.125	192	22.151	819
22.177	180	22.202	824
22.227	175	22.252	825
22.278	173	22.304	799
22.328	187	22.354	778
22.379	212	22.405	749
22.430	246	22.455	701
22.481	290	22.506	652
22.531	333	22.556	593
22.582	372	22.608	542
22.632	425	22.658	504
22.683	473	22.709	455
22.734	503	22.759	422
22.785	536	22.810	391
22.836	559	22.861	378
22.886	582	22.912	380
22.937	575	22.962	388
22.988	573	23.013	412
23.039	557	23.063	443
23.089	519	23.115	477
23.140	483	23.165	530
23.190	448	23.216	585
23.242	401	23.266	629
23.292	350	23.317	678
23.343	298	23.367	730
23.393	267	23.419	770
23.444	230	23.469	800
23.494	197	23.520	810
23.546	187	23.570	818
23.596	183	23.621	818
23.647	176	23.672	806
23.697	197	23.723	780
23.748	220	23.773	746
23.799	241	23.824	702
23.850	291	23.874	653
23.900	324	23.926	608
23.951	382	23.976	560
24.001	421	24.027	508
24.053	473	24.077	464
24.103	502	24.128	426
24.154	535	24.179	392
24.204	555	24.230	382
24.255	577	24.280	376
24.305	568	24.331	390
24.357	563	24.381	406
24.407	553	24.432	440
24.458	526	24.483	481
24.508	488	24.534	532
24.559	451	24.584	568
24.610	398	24.635	627
24.661	364	24.685	668
24.711	314	24.737	723
24.762	276	24.787	762
24.812	239	24.838	786
24.864	208	24.888	816
24.914	182	24.939	817
24.965	181	24.990	819
25.015	180	25.041	803
25.066	193	25.091	783
25.116	218	25.142	743
25.168	253	25.192	709
25.218	286	25.243	661
25.269	327	25.294	608
25.319	366	25.345	554
25.370	423	25.395	512
25.421	459	25.446	471
25.472	498	25.496	437
25.522	533	25.548	405
25.573	553	25.598	381
25.623	558	25.649	376
25.675	573	25.699	390
25.725	558	25.750	405
25.776	544	25.801	436
25.826	525	25.852	473
25.877	492	25.903	511
25.927	446	25.953	565
25.979	400	26.004	608
26.029	357	26.054	670
26.080	317	26.106	709
26.130	279	26.156	747
26.181	247	26.207	781
26.232	219	26.257	808
26.283	197	26.308	821
26.333	182	26.359	816
26.384	193	26.410	799
26.434	203	26.460	777
26.486	217	26.511	751
26.536	253	26.561	705
26.587	288	26.613	666
26.637	323	26.663	619
26.688	368	26.714	564
26.739	418	26.764	517
26.790	451	26.815	472
26.840	491	26.865	441
26.891	528	26.917	408
26.941	553	26.967	385
26.992	561	27.018	383
27.043	571	27.068	384
27.094	555	27.119	402
27.144	549	27.170	431
27.195	515	27.221	466
27.245	485	27.271	516
27.297	447	27.322	560
27.347	408	27.372	609
27.398	370	27.424	649
27.448	328	27.474	710
27.499	281	27.525	747
27.550	251	27.575	778
27.601	218	27.626	803
27.651	202	27.676	814
27.702	186	27.728	817
27.752	199	27.778	800
27.803	204	27.829	790
27.854	222	27.879	750
27.905	253	27.930	719
27.955	286	27.981	680
28.006	326	28.032	624
28.056	364	28.082	575
28.108	404	28.133	524
28.158	453	28.183	487
28.209	491	28.235	442
28.259	514	28.285	412
28.310	543	28.336	394
28.361	547	28.386	390
28.412	560	28.437	390
28.462	558	28.487	399
28.513	544	28.539	435
28.563	515	28.589	462
28.614	486	28.640	504
28.665	455	28.690	552
28.716	412	28.741	599
28.766	368	28.792	650
28.817	327	28.843	695
28.867	296	28.893	736
28.919	259	28.944	766
28.969	228	28.994	800
29.020	210	29.046	805
29.070	197	29.096	807
29.121	203	29.147	802
29.172	208	29.197	792
29.223	218	29.248	762
29.273	255	29.299	718
29.324	279	29.350	680
29.374	321	29.400	631
29.425	359	29.451	585
29.476	406	29.501	533
29.527	445	29.552	497
29.578	490	29.603	447
29.628	510	29.654	419
29.679	531	29.704	403
29.730	554	29.755	387
29.781	551	29.805	395
29.831	553	29.857	409
29.882	540	29.907	421
29.932	519	29.958	462
29.984	489	30.008	496
30.034	453	30.059	546
30.085	418	30.110	593
30.135	372	30.161	629
30.186	327	30.211	687
30.236	289	30.262	729
30.288	264	30.312	760
30.338	229	30.363	793
30.389	217	30.414	810
30.439	203	30.465	805
30.490	199	30.515	804
30.541	210	30.566	789
30.592	228	30.616	757
30.642	258	30.668	721
30.693	287	30.718	689
30.743	316	30.769	635
30.795	360	30.819	589
30.845	398	30.870	547
30.896	447	30.921	501
30.946	483	30.972	455
30.997	504	31.022	433
31.047	538	31.073	411
31.099	552	31.123	398
31.149	554	31.174	388
31.200	550	31.225	399
31.250	533	31.276	424
31.301	516	31.326	460
31.352	498	31.377	499
31.403	453	31.427	536
31.453	410	31.479	578
31.504	372	31.529	636
31.554	340	31.580	685
31.606	302	31.630	721
31.656	269	31.681	756
31.707	232	31.732	777
31.757	224	31.783	794
31.808	213	31.833	800
31.859	206	31.884	799
31.910	217	31.934	782
31.960	223	31.985	762
32.011	255	32.036	733
32.061	284	32.087	687
32.112	325	32.137	642
32.163	358	32.188	600
32.214	405	32.238	550
32.264	443	32.290	498
32.315	470	32.340	470
32.365	505	32.391	434
32.417	530	32.441	420
32.467	549	32.492	392
32.518	555	32.543	391
32.568	551	32.594	403
32.619	540	32.645	419
32.670	524	32.695	453
32.721	481	32.746	495
32.771	456	32.796	529
32.822	425	32.848	582
32.872	375	32.898	627
32.923	333	32.949	671
32.974	298	32.999	717
33.025	269	33.050	754
33.075	238	33.101	774
33.126	217	33.152	803
33.176	209	33.202	801
33.228	204	33.253	793
33.278	218	33.303	790
33.329	233	33.355	759
33.379	264	33.405	737
33.430	287	33.456	700
33.481	320	33.506	648
33.532	361	33.557	606
33.582	396	33.607	555
33.633	435	33.659	515
33.683	474	33.709	481
33.734	499	33.760	446
33.785	526	33.810	416
33.836	540	33.861	402
33.886	542	33.912	401
33.937	543	33.963	401
33.987	537	34.013	426
34.039	516	34.064	453
34.089	492	34.114	491
34.140	456	34.166	526
34.190	420	34.216	576
34.241	385	34.267	618
34.292	337	34.317	667
34.343	310	34.368	711
34.393	277	34.419	741
34.444	241	34.470	772
34.494	229	34.520	785
34.545	213	34.571	797
34.596	217	34.621	792
34.647	222	34.672	787
34.697	238	34.723	768
34.748	256	34.774	739
34.798	279	34.824	701
34.850	319	34.875	657
34.900	356	34.925	612
34.951	395	34.977	563
35.001	439	35.027	523
35.052	463	35.078	478
35.103	504	35.128	449
35.154	524	35.179	430
35.204	544	35.230	402
35.255	541	35.281	403
35.305	540	35.331	412
35.356	536	35.382	426
35.407	515	35.432	445
35.458	487	35.483	482
35.508	458	35.534	526
35.559	425	35.585	566
35.609	391	35.635	606
35.661	345	35.686	654
35.711	305	35.736	701
35.762	275	35.788	736
35.812	251	35.838	757
35.863	225	35.889	783
35.914	222	35.939	784
35.965	217	35.990	794
36.015	222	36.041	783
36.066	238	36.092	768
36.116	254	36.142	736
36.167	281	36.193	696
36.218	318	36.243	656
36.269	352	36.294	619
36.319	387	36.345	573
36.370	431	36.396	526
36.420	466	36.446	484
36.472	492	36.497	461
36.522	526	36.547	431
36.573	543	36.599	415
36.623	548	36.649	416
36.674	541	36.700	407
36.725	534	36.750	425
36.776	514	36.801	438
36.826	497	36.852	483
36.877	455	36.903	518
36.927	420	36.953	560
36.979	388	37.004	600
37.029	353	37.054	653
37.080	306	37.105	693
37.130	279	37.156	718
37.181	255	37.207	758
37.231	236	37.257	777
37.283	220	37.308	787
37.333	218	37.358	794
37.384	221	37.410	779
37.434	231	37.460	766
37.485	261	37.511	730
37.536	278	37.561	703
37.587	318	37.612	660
37.637	347	37.663	626
37.688	392	37.714	583
37.738	431	37.764	533
37.790	466	37.815	499
37.840	494	37.865	465
37.891	526	37.916	436
37.941	539	37.967	425
37.992	547	38.018	419
38.042	549	38.068	418
38.094	538	38.119	424
38.144	519	38.169	448
38.195	493	38.221	478
38.245	467	38.271	517
38.296	431	38.322	550
38.347	387	38.372	603
38.398	351	38.423	637
38.448	315	38.474	683
38.499	280	38.525	720
38.549	256	38.575	747
38.601	235	38.626	772
38.651	227	38.676	779
38.702	221	38.727	787
38.752	218	38.778	777
38.803	231	38.829	763
38.853	256	38.879	735
38.905	284	38.930	706
38.955	313	38.980	674
39.006	352	39.032	628
39.056	384	39.082	589
39.107	420	39.133	550
39.158	462	39.183	503
39.209	483	39.234	470
39.259	510	39.285	447
39.310	532	39.336	423
39.360	550	39.386	422
39.412	540	39.437	421
39.462	536	39.487	432
39.513	516	39.539	447
39.563	493	39.589	476
39.614	466	39.640	510
39.664	427	39.690	551
39.716	398	39.741	593
39.766	360	39.791	629
39.817	316	39.843	671
39.867	286	39.893	708
39.918	254	39.944	735
39.969	244	39.994	768
40.020	229	40.045	779
40.070	224	40.096	776
40.121	226	40.147	768
40.171	238	40.197	758
40.223	260	40.248	737
40.273	278	40.298	701
40.324	314	40.350	676
40.374	343	40.400	633
40.425	382	40.451	584
40.475	417	40.501	545
40.527	461	40.552	514
40.577	491	40.602	483
40.628	511	40.654	455
40.678	544	40.704	434
40.729	540	40.755	427
40.780	541	40.805	429
40.831	534	40.856	426
40.881	522	40.907	454
40.932	491	40.958	475
40.982	469	41.008	506
41.034	437	41.059	539
41.084	401	41.109	587
41.135	362	41.161	626
41.185	328	41.211	665
41.236	291	41.262	697
41.286	269	41.312	732
41.338	240	41.363	751
41.388	231	41.413	772
41.439	219	41.465	772
41.489	225	41.515	773
41.540	227	41.566	754
41.592	261	41.616	736
41.642	274	41.667	708
41.693	316	41.718	677
41.743	348	41.769	636
41.794	389	41.819	595
41.845	417	41.870	555
41.896	454	41.920	523
41.946	485	41.972	490
41.997	505	42.022	458
42.047	527	42.073	441
42.099	536	42.123	431
42.149	541	42.174	424
42.200	537	42.224	438
42.250	519	42.276	456
42.301	494	42.326	474
42.351	475	42.377	500
42.403	436	42.427	543
42.453	394	42.478	579
42.504	362	42.529	622
42.554	328	42.580	660
42.605	287	42.630	689
42.656	272	42.681	729
42.707	245	42.731	746
42.757	229	42.783	764
42.808	227	42.833	767
42.858	234	42.884	763
42.910	231	42.934	755
42.960	253	42.985	730
43.011	279	43.035	711
43.061	305	43.087	674
43.112	348	43.137	639
43.162	376	43.188	597
43.214	413	43.238	563
43.264	452	43.289	525
43.315	479	43.340	491
43.365	513	43.391	458
43.416	523	43.441	439
43.467	529	43.492	429
43.518	538	43.542	428
43.568	535	43.594	443
43.619	525	43.644	458
43.669	499	43.695	478
43.721	477	43.745	502
43.771	431	43.796	544
43.822	401	43.846	582
43.872	370	43.898	617
43.923	330	43.948	658
43.973	298	43.999	696
44.025	270	44.049	719
44.075	248	44.100	738
44.126	236	44.151	752
44.176	222	44.202	762
44.227	226	44.252	767
44.278	236	44.303	752
44.329	249	44.353	730
44.379	276	44.405	707
44.430	317	44.455	672
44.480	344	44.506	641
44.532	376	44.556	599
44.582	407	44.607	567
44.633	451	44.657	530
44.683	477	44.709	494
44.734	500	44.760	470
44.784	519	44.810	450
44.836	530	44.861	439
44.886	536	44.911	438
44.937	535	44.963	444
44.987	522	45.013	459
45.038	502	45.064	481
45.089	475	45.114	510
45.140	442	45.165	545
45.190	402	45.216	580
45.241	368	45.267	616
45.291	341	45.317	649
45.343	298	45.368	683
45.393	274	45.418	719
45.444	245	45.470	735
45.494	235	45.520	748
45.545	226	45.571	762
45.595	227	45.621	756
45.647	234	45.672	753
45.697	252	45.722	734
45.748	276	45.774	713
45.798	308	45.824	682
45.849	338	45.875	638
45.900	371	45.925	612
45.951	409	45.976	575
46.001	440	46.027	538
46.052	477	46.078	504
46.102	504	46.128	480
46.154	526	46.179	463
46.204	531	46.229	446
46.255	544	46.281	433
46.305	529	46.331	451
46.356	527	46.382	460
46.406	502	46.432	478
46.458	476	46.483	500
46.508	439	46.533	542
46.559	412	46.585	577
46.609	382	46.635	604
46.660	346	46.686	649
46.711	303	46.736	683
46.762	273	46.787	708
46.812	250	46.838	728
46.863	240	46.889	751
46.913	232	46.939	753
46.965	223	46.990	750
47.015	233	47.040	741
47.066	248	47.092	728
47.116	275	47.142	711
47.167	300	47.193	681
47.217	325	47.243	645
47.269	367	47.294	616
47.319	405	47.344	569
47.370	434	47.396	539
47.420	475	47.446	512
47.471	501	47.497	482
47.522	514	47.547	470
47.573	531	47.598	461
47.623	535	47.649	445
47.674	530	47.700	448
47.724	526	47.750	465
47.776	499	47.801	484
47.826	474	47.851	502
47.877	449	47.903	532
47.927	410	47.953	568
47.978	372	48.004	607
48.028	344	48.054	635
48.080	304	48.105	679
48.130	282	48.155	697
48.181	254	48.207	726
48.231	239	48.257	739
48.282	234	48.308	751
48.333	226	48.358	745
48.384	234	48.409	743
48.435	255	48.460	719
48.485	269	48.511	709
48.536	295	48.561	679
48.587	331	48.612	650
48.638	359	48.662	613
48.688	403	48.714	573
48.739	438	48.764	546
48.789	470	48.815	514
48.841	488	48.865	490
48.891	519	48.916	472
48.942	525	48.966	455
48.992	530	49.018	451
49.043	528	49.068	449
49.093	528	49.119	462
49.145	503	49.169	474
49.195	477	49.220	501
49.246	455	49.271	532
49.296	422	49.322	572
49.347	382	49.372	599
49.398	352	49.423	638
49.449	314	49.473	670
49.499	287	49.525	701
49.550	266	49.575	721
49.600	245	49.626	733
49.652	239	49.676	743
49.702	235	49.727	740
49.753	236	49.777	746
49.803	255	49.829	725
49.854	267	49.879	704
49.904	302	49.930	684
49.956	332	49.980	651
50.006	356	50.031	618
50.057	395	50.082	575
50.107	435	50.133	541
50.158	460	50.183	511
50.209	490	50.234	493
50.260	520	50.284	475
50.310	528	50.336	463
50.361	532	50.386	450
50.411	527	50.437	452
50.463	526	50.487	467
50.513	511	50.538	477
50.564	479	50.588	506
50.614	457	50.640	527
50.665	423	50.690	572
50.715	393	50.741	600
50.767	355	50.791	630
50.817	323	50.842	667
50.868	295	50.893	693
50.918	266	50.944	721
50.969	258	50.994	731
51.020	232	51.045	737
51.071	234	51.095	745
51.121	242	51.147	735
51.172	250	51.197	724
51.222	266	51.248	706
51.274	297	51.298	677
51.324	320	51.349	644
51.375	361	51.399	610
51.425	389	51.451	588
51.476	427	51.502	547
51.526	462	51.552	521
51.578	487	51.603	494
51.628	507	51.653	474
51.679	522	51.705	466
51.729	535	51.755	455
51.780	532	51.806	459
51.831	521	51.856	467
51.882	512	51.907	488
51.932	488	51.958	508
51.983	457	52.009	535
52.033	432	52.059	571
52.085	390	52.110	599
52.135	359	52.160	626
52.186	331	52.212	656
52.236	296	52.262	689
52.287	272	52.313	713
52.337	247	52.363	731
52.389	241	52.414	741
52.439	243	52.464	737
52.490	242	52.516	736
52.540	246	52.566	720
52.591	270	52.617	695
52.642	287	52.667	681
52.693	317	52.718	640
52.743	357	52.769	620
52.794	383	52.820	575
52.844	426	52.870	548
52.896	454	52.921	516
52.946	480	52.971	497
52.997	504	53.023	481
53.047	525	53.073	470
53.098	526	53.124	463
53.148	535	53.174	460
53.200	525	53.225	473
53.250	510	53.275	481
53.301	492	53.327	509
53.351	459	53.377	529
53.402	435	53.428	571
53.453	393	53.478	596
53.504	366	53.529	638
53.554	329	53.580	657
53.605	305	53.631	682
53.655	276	53.681	704
53.707	262	53.732	723
53.757	241	53.782	736
53.808	239	53.834	741
53.858	240	53.884	726
53.909	253	53.935	718
53.959	267	53.985	699
54.011	291	54.036	676
54.061	321	54.086	656
54.112	352	54.138	621
54.162	388	54.188	586
54.213	417	54.239	548
54.264	444	54.289	522
54.315	471	54.340	495
54.365	503	54.391	485
54.416	516	54.442	465
54.466	523	54.492	457
54.518	522	54.543	458
54.568	522	54.593	468
54.619	516	54.645	482
54.669	488	54.695	511
54.720	458	54.746	533
54.771	441	54.796	563
54.822	406	54.847	596
54.872	368	54.897	631
54.923	341	54.949	653
54.973	310	54.999	675
55.024	281	55.050	699
55.075	260	55.100	724
55.126	249	55.151	729
55.176	243	55.202	734
55.227	241	55.253	731
55.277	252	55.303	720
55.329	263	55.354	694
55.379	289	55.404	680
55.430	310	55.456	643
55.480	342	55.506	620
55.531	377	55.557	589
55.582	412	55.607	551
55.633	447	55.658	527
55.683	472	55.708	499
55.734	495	55.760	489
55.784	508	55.810	472
55.835	521	55.861	463
55.886	531	55.911	461
55.937	514	55.962	471
55.988	509	56.013	492
56.038	490	56.064	514
56.089	471	56.114	531
56.140	439	56.165	565
56.191	405	56.215	593
56.241	370	56.267	619
56.292	339	56.317	656
56.342	310	56.368	681
56.394	283	56.418	699
56.444	270	56.469	724
56.495	249	56.519	728
56.545	239	56.571	733
56.596	246	56.621	721
56.646	252	56.672	712
56.698	270	56.722	702
56.748	288	56.773	672
56.799	304	56.824	653
56.849	341	56.875	622
56.900	372	56.925	589
56.951	402	56.976	564
57.002	438	57.026	530
57.052	463	57.078	497
57.103	492	57.128	486
57.153	510	57.179	465
57.205	513	57.229	463
57.255	522	57.280	463
57.306	519	57.331	479
57.356	505	57.382	492
57.407	491	57.432	510
57.457	468	57.483	535
57.509	447	57.533	563
57.559	415	57.584	591
57.610	374	57.635	623
57.660	353	57.686	652
57.711	321	57.736	682
57.762	296	57.787	697
57.813	273	57.837	715
57.863	251	57.889	725
57.914	253	57.939	731
57.964	247	57.990	730
58.016	257	58.040	716
58.066	269	58.091	697
58.117	285	58.142	680
58.167	312	58.193	648
58.218	340	58.243	627
58.268	369	58.294	591
58.320	406	58.344	556
58.370	439	58.395	533
58.421	460	58.446	507
58.471	481	58.497	490
58.522	501	58.547	476
58.573	517	58.598	468
58.624	519	58.648	467
58.674	519	58.700	475
58.725	507	58.750	495
58.775	489	58.801	512
58.827	468	58.851	533
58.877	448	58.902	555
58.928	413	58.953	586
58.978	385	59.004	619
59.029	355	59.055	649
59.079	327	59.105	675
59.131	300	59.156	693
59.181	273	59.206	716
59.232	262	59.258	715
59.282	249	59.308	718
59.333	252	59.359	720
59.384	254	59.409	708
59.435	268	59.460	693
59.485	288	59.511	680
59.536	314	59.562	647
59.586	337	59.612	620
59.638	368	59.663	590
59.688	391	59.713	562
59.739	430	59.765	532
59.789	454	59.815	514
59.840	476	59.866	493
59.891	495	59.916	472
59.942	513	59.967	468
59.992	511	60.017	469
60.043	518	60.069	485
60.093	511	60.119	485
60.144	487	60.170	505
60.195	468	60.220	537
60.246	443	60.271	564
60.296	406	60.322	593
60.347	386	60.373	613
60.397	357	60.423	652
60.449	325	60.474	669
60.499	306	60.524	692
60.550	283	60.576	710
60.600	265	60.626	720
60.651	262	60.677	723
60.702	251	60.727	722
60.753	265	60.778	712
60.803	273	60.828	697
60.854	291	60.880	675
60.904	313	60.930	646
60.955	337	60.981	617
61.006	358	61.031	588
61.057	391	61.082	559
61.107	424	61.133	533
61.158	441	61.184	509
61.208	482	61.234	496
61.260	488	61.285	478
61.310	501	61.335	473
61.361	508	61.387	476
61.411	508	61.437	482
61.462	508	61.488	485
61.513	485	61.538	514
61.564	467	61.589	534
61.614	444	61.639	552
61.665	420	61.691	590
61.715	392	61.741	618
61.766	358	61.792	649
61.817	327	61.842	668
61.868	316	61.893	688
61.918	286	61.944	708
61.969	267	61.995	722
62.019	260	62.045	724
62.071	263	62.096	715
62.121	262	62.146	706
62.172	269	62.198	696
62.222	291	62.248	678
62.273	313	62.299	647
62.324	339	62.349	627
62.375	367	62.400	590
62.425	390	62.451	570
62.476	413	62.502	542
62.526	451	62.552	518
62.577	469	62.603	500
62.628	490	62.653	478
62.679	506	62.704	474
62.730	502	62.755	472
62.780	511	62.806	476
62.831	499	62.856	494
62.882	485	62.907	508
62.933	466	62.957	531
62.983	449	63.009	560
63.034	418	63.059	590
63.084	398	63.110	610
63.136	365	63.160	637
63.186	339	63.211	671
63.237	311	63.262	692
63.287	292	63.313	700
63.338	268	63.363	711
63.388	273	63.414	719
63.440	267	63.464	718
63.490	266	63.515	707
63.541	273	63.566	696
63.591	292	63.617	670
63.642	315	63.667	653
63.693	331	63.718	632
63.744	359	63.768	599
63.794	390	63.820	572
63.845	417	63.870	545
63.895	442	63.921	519
63.947	471	63.971	500
63.997	491	64.022	484
64.048	506	64.073	474
64.098	504	64.124	474
64.149	502	64.174	475
64.199	500	64.225	490
64.251	483	64.275	509
64.301	473	64.326	527
64.352	446	64.377	554
64.402	421	64.428	583
64.453	399	64.478	605
64.504	368	64.529	635
64.555	344	64.579	666
64.605	315	64.631	691
64.656	291	64.681	707
64.706	277	64.732	710
64.758	271	64.782	716
64.808	263	64.833	713
64.859	265	64.884	714
64.909	273	64.935	696
64.960	289	64.985	674
65.011	306	65.036	653
65.062	335	65.086	628
65.112	362	65.137	598
65.163	391	65.188	576
65.213	417	65.239	542
65.264	441	65.289	522
65.315	459	65.340	502
65.366	479	65.390	487
65.416	490	65.442	474
65.467	500	65.492	475
65.517	494	65.543	477
65.569	491	65.593	489
65.619	481	65.644	507
65.670	471	65.695	523
65.720	446	65.746	553
65.771	420	65.797	577
65.822	401	65.847	615
65.873	376	65.898	628
65.923	341	65.948	668
65.974	318	66.000	687
66.024	302	66.050	704
66.075	291	66.101	709
66.126	273	66.151	716
66.177	273	66.202	721
66.227	269	66.253	710
66.278	281	66.304	700
66.328	295	66.354	682
66.380	313	66.405	654
66.430	337	66.455	637
66.481	355	66.507	596
66.531	389	66.557	573
66.582	405	66.608	546
66.633	433	66.658	515
66.684	454	66.709	507
66.734	473	66.759	491
66.785	494	66.811	482
66.835	490	66.861	473
66.886	498	66.912	484
66.937	494	66.962	485
66.988	481	67.013	509
67.038	466	67.064	526
67.089	444	67.115	551
67.139	426	67.165	579
67.191	404	67.216	608
67.241	377	67.266	635
67.292	350	67.318	664
67.342	332	67.368	681
67.393	307	67.419	696
67.444	294	67.469	709
67.495	279	67.520	713
67.545	283	67.571	718
67.596	277	67.622	712
67.646	283	67.672	695
67.697	286	67.723	680
67.748	318	67.773	653
67.799	329	67.824	629
67.849	354	67.875	600
67.900	383	67.926	577
67.950	404	67.976	544
68.002	428	68.027	527
68.052	455	68.077	500
68.103	474	68.129	487
68.153	486	68.179	476
68.204	493	68.230	480
68.255	495	68.280	476
68.306	489	68.331	491
68.356	478	68.382	499
68.407	470	68.433	529
68.457	444	68.483	551
68.508	432	68.534	580
68.559	405	68.584	603
68.610	381	68.635	641
68.660	348	68.686	662
68.711	331	68.737	678
68.761	305	68.787	698
68.813	289	68.838	713
68.863	287	68.888	720
68.914	274	68.940	715
68.964	276	68.990	713
69.015	276	69.041	691
69.066	294	69.091	683
69.117	313	69.142	662
69.167	330	69.193	632
69.218	357	69.244	610
69.268	382	69.294	578
69.319	407	69.345	557
69.370	426	69.395	524
69.421	446	69.446	508
69.471	464	69.497	491
69.522	480	69.548	480
69.572	494	69.598	481
69.624	491	69.649	482
69.674	488	69.699	492
69.725	487	69.751	501
69.775	468	69.801	522
69.826	449	69.852	547
69.877	422	69.902	578
69.928	405	69.953	600
69.978	383	70.004	622
70.029	361	70.055	651
70.079	334	70.105	674
70.131	313	70.156	698
70.181	300	70.206	706
70.232	287	70.257	719
70.282	287	70.308	708
70.333	283	70.359	712
70.383	288	70.409	698
70.435	295	70.460	684
70.485	317	70.510	664
70.536	338	70.562	640
70.586	365	70.612	607
70.637	383	70.663	586
70.688	405	70.713	551
70.739	422	70.764	532
70.789	447	70.815	516
70.840	463	70.866	495
70.890	478	70.916	484
70.942	480	70.967	480
70.992	491	71.017	479
71.043	484	71.068	494
71.093	483	71.119	497
71.144	467	71.170	520
71.194	455	71.220	539
71.246	433	71.271	566
71.296	404	71.321	603
71.347	385	71.373	620
71.397	355	71.423	647
71.448	335	71.474	672
71.499	317	71.524	699
71.550	302	71.575	697
71.600	295	71.626	711
71.651	279	71.677	712
71.701	290	71.727	713
71.753	286	71.778	701
71.803	298	71.828	677
71.854	315	71.879	657
71.904	334	71.930	635
71.955	358	71.981	607
72.005	380	72.031	584
72.057	408	72.082	556
72.107	432	72.132	531
72.158	446	72.184	513
72.208	468	72.234	497
72.259	477	72.285	488
72.310	478	72.335	477
72.361	481	72.386	482
72.411	490	72.437	497
72.462	480	72.488	507
72.512	460	72.538	514
72.564	447	72.589	541
72.614	427	72.639	562
72.665	404	72.691	590
72.715	381	72.741	617
72.766	367	72.792	652
72.816	344	72.842	663
72.868	314	72.893	682
72.918	307	72.943	700
72.969	299	72.995	706
73.019	291	73.045	706
73.070	287	73.096	706
73.121	299	73.146	695
73.172	299	73.197	679
73.222	313	73.248	661
73.273	340	73.299	634
73.323	356	73.349	613
73.375	371	73.400	588
73.425	396	73.450	567
73.476	422	73.502	532
73.526	438	73.552	516
73.577	453	73.603	497
73.627	472	73.653	487
73.679	477	73.704	473
73.729	487	73.754	475
73.780	486	73.806	490
73.830	470	73.856	503
73.881	463	73.907	516
73.932	451	73.957	543
73.983	432	74.008	565
74.033	406	74.059	593
74.084	392	74.110	613
74.134	357	74.160	642
74.186	341	74.211	670
74.236	319	74.261	680
74.287	301	74.313	700
74.337	296	74.363	710
74.388	298	74.414	710
74.438	287	74.464	708
74.490	294	74.515	697
74.540	310	74.565	685
74.591	319	74.617	666
74.641	337	74.667	636
74.692	359	74.718	612
74.744	378	74.768	594
74.794	391	74.819	561
74.845	422	74.870	539
74.895	438	74.921	515
74.946	449	74.971	497
74.997	469	75.022	494
75.048	484	75.072	480
75.098	475	75.124	486
75.149	484	75.174	494
75.199	475	75.225	510
75.251	463	75.275	517
75.301	438	75.326	531
75.352	431	75.376	567
75.402	402	75.428	588
75.453	384	75.478	614
75.503	370	75.529	637
75.555	345	75.579	661
75.605	326	75.630	674
75.656	311	75.681	700
75.706	296	75.732	699
75.757	295	75.782	703
75.808	299	75.833	705
75.859	296	75.883	703
75.909	304	75.935	684
75.960	321	75.985	666
76.010	344	76.036	638
76.062	352	76.086	617
76.112	375	76.137	595
76.163	402	76.187	571
76.213	420	76.239	541
76.264	431	76.289	520
76.314	447	76.340	506
76.366	467	76.390	488
76.416	465	76.441	484
76.467	474	76.492	487
76.517	480	76.543	492
76.568	468	76.593	504
76.619	456	76.644	522
76.670	441	76.694	538
76.720	432	76.746	569
76.771	401	76.796	577
76.821	382	76.847	608
76.873	366	76.897	627
76.923	344	76.948	655
76.974	332	76.998	679
77.024	311	77.050	687
77.075	303	77.100	698
77.125	300	77.151	706
77.177	291	77.201	706
77.227	300	77.252	692
77.278	315	77.303	686
77.328	326	77.354	673
77.379	343	77.404	643
77.430	358	77.455	622
77.481	383	77.505	597
77.531	397	77.557	568
77.582	423	77.607	547
77.632	437	77.658	530
77.684	455	77.708	511
77.734	468	77.759	501
77.785	473	77.809	487
77.835	473	77.861	482
77.886	476	77.912	497
77.936	463	77.962	497
77.988	454	78.013	517
78.038	440	78.063	540
78.089	425	78.115	551
78.139	411	78.165	582
78.190	391	78.216	607
78.241	370	78.266	633
78.292	344	78.317	658
78.342	328	78.368	667
78.393	319	78.419	689
78.443	306	78.469	692
78.495	306	78.520	699
78.545	302	78.570	695
78.596	296	78.622	690
78.646	309	78.672	685
78.697	327	78.723	667
78.747	344	78.773	643
78.799	355	78.824	627
78.849	376	78.874	601
78.900	396	78.926	567
78.950	414	78.976	554
79.001	440	79.027	531
79.052	454	79.077	508
79.103	462	79.128	503
79.153	477	79.179	488
79.204	476	79.230	487
79.254	473	79.280	489
79.306	462	79.331	508
79.356	459	79.381	512
79.407	448	79.433	537
79.457	427	79.483	553
79.508	407	79.534	569
79.558	389	79.584	603
79.610	361	79.635	627
79.660	342	79.685	650
79.711	336	79.737	661
79.761	313	79.787	678
79.812	307	79.838	695
79.863	302	79.888	702
79.914	296	79.939	693
79.964	305	79.990	696
80.015	312	80.041	677
80.065	330	80.091	668
80.117	343	80.142	652
80.167	355	80.192	627
80.218	380	80.244	607
80.268	397	80.294	582
80.319	412	80.345	556
80.369	435	80.395	527
80.421	447	80.446	525
80.471	466	80.496	500
80.522	471	80.548	501
80.572	480	80.598	491
80.623	472	80.649	502
80.674	470	80.699	502
80.725	459	80.750	511
80.775	434	80.801	532
80.826	425	80.852	555
80.876	403	80.902	577
80.928	382	80.953	604
80.978	371	81.003	630
81.029	344	81.055	644
81.079	334	81.105	662
81.130	317	81.156	681
81.180	307	81.206	688
81.232	300	81.257	700
81.282	303	81.307	692
81.333	318	81.359	686
81.383	310	81.409	684
81.434	326	81.460	673
81.485	337	81.510	647
