0.330	669	0.355	482
0.380	647	0.406	481
0.431	615	0.457	482
0.481	575	0.507	480
0.533	531	0.558	479
0.583	481	0.608	480
0.634	434	0.659	478
0.684	385	0.710	477
0.735	342	0.761	475
0.785	304	0.811	475
0.837	277	0.862	475
0.887	256	0.912	474
0.938	249	0.964	472
0.988	249	1.014	473
1.039	260	1.065	473
1.090	284	1.115	473
1.141	315	1.166	473
1.191	354	1.217	474
1.242	398	1.268	474
1.292	446	1.318	476
1.344	494	1.369	476
1.394	542	1.419	478
1.445	584	1.470	478
1.495	622	1.521	480
1.546	651	1.572	481
1.596	671	1.622	481
1.648	678	1.673	483
1.698	678	1.723	482
1.749	664	1.775	481
1.799	642	1.825	481
1.850	610	1.876	481
1.901	571	1.926	480
1.952	527	1.977	479
2.002	478	2.028	477
2.053	431	2.079	477
2.103	383	2.129	475
2.155	342	2.180	474
2.205	305	2.230	473
2.256	276	2.281	473
2.306	258	2.332	472
2.357	251	2.383	471
