2.002	478	2.028	477
2.053	431	2.079	477
2.103	383	2.129	475
2.155	342	2.180	474
2.205	305	2.230	473
2.256	276	2.281	473
2.306	258	2.332	472
2.357	251	2.383	471
2.407	253	2.433	472
2.459	265	2.484	471
2.509	288	2.534	472
2.560	319	2.586	473
2.610	359	2.636	475
2.661	402	2.687	475
2.712	450	2.737	478
2.763	496	2.788	477
2.813	543	2.839	480
2.864	586	2.890	479
2.914	622	2.940	480
2.966	649	2.991	482
3.016	669	3.041	481
3.067	675	3.093	482
3.117	675	3.143	484
3.168	661	3.194	482
3.218	637	3.244	480
3.270	605	3.295	480
3.320	566	3.345	479
3.371	523	3.397	479
3.421	474	3.447	476
3.472	428	3.498	477
3.523	381	3.548	475
3.574	341	3.599	474
3.624	305	3.650	474
3.675	279	3.701	473
3.725	261	3.751	472
3.777	254	3.802	472
3.827	256	3.852	473
3.878	270	3.904	472
3.928	294	3.954	474
3.979	324	4.005	473
4.029	363	4.055	476
4.081	406	4.106	476
4.131	453	4.156	477
4.182	499	4.208	478
4.232	545	4.258	480
4.283	586	4.309	480
4.334	621	4.359	481
4.385	648	4.410	481
4.435	666	4.461	482
4.486	672	4.512	482
4.536	670	4.562	483
4.588	656	4.613	482
4.638	633	4.663	480
4.689	601	4.715	479
4.739	561	4.765	479
4.790	518	4.816	478
4.840	472	4.866	477
4.892	424	4.917	476
4.942	381	4.967	473
4.993	340	5.019	474
5.043	304	5.069	473
5.094	281	5.120	472
5.145	263	5.170	473
5.196	258	5.221	472
5.246	260	5.272	474
5.297	274	5.323	472
5.347	297	5.373	474
5.399	328	5.424	474
5.449	367	5.474	476
5.500	409	5.526	476
5.550	458	5.576	478
5.601	503	5.627	479
5.651	548	5.677	481
5.703	587	5.728	480
5.753	622	5.778	481
5.804	647	5.830	481
5.854	664	5.880	483
5.905	670	5.931	481
5.956	666	5.981	480
6.007	651	6.032	480
6.057	628	6.083	480
6.108	595	6.134	479
6.158	556	6.184	478
6.210	514	6.235	477
6.260	468	6.285	475
6.311	421	6.337	475
6.361	377	6.387	474
6.412	338	6.438	475
6.462	304	6.488	474
6.514	279	6.539	472
6.564	265	6.589	472
6.615	261	6.641	472
6.665	263	6.691	473
6.716	279	6.742	473
6.768	302	6.792	475
6.818	334	6.843	475
6.869	372	6.894	476
6.919	415	6.945	477
6.970	461	6.995	480
7.021	507	7.046	479
7.072	550	7.096	480
7.122	590	7.148	481
7.173	621	7.198	482
7.223	646	7.249	482
7.275	661	7.299	481
7.325	667	7.350	480
7.376	663	7.400	481
7.426	646	7.452	480
7.477	624	7.502	479
7.527	590	7.553	478
7.579	551	7.603	477
7.629	509	7.654	476
7.680	463	7.705	476
7.730	420	7.756	475
7.781	376	7.806	473
7.832	339	7.857	474
7.883	307	7.907	472
7.933	282	7.959	473
7.984	267	8.009	473
8.034	264	8.060	473
8.086	267	8.110	473
8.136	283	8.161	474
8.187	306	8.211	474
8.237	338	8.263	477
8.288	376	8.313	477
8.338	418	8.364	477
8.390	463	8.414	479
8.440	509	8.465	478
8.491	550	8.516	481
8.541	589	8.567	481
8.592	624	8.617	481
8.643	646	8.668	481
8.694	659	8.718	481
8.744	664	8.770	480
8.795	660	8.820	479
8.845	642	8.871	480
8.897	619	8.921	478
8.947	586	8.972	478
8.998	548	9.022	477
9.048	505	9.074	476
9.099	460	9.124	476
9.149	416	9.175	475
9.201	375	9.225	473
9.251	338	9.276	474
9.302	305	9.327	473
9.352	283	9.378	473
9.403	271	9.428	473
9.454	266	9.479	473
9.505	270	9.529	475
9.555	287	9.581	475
9.606	311	9.631	476
9.656	344	9.682	477
9.708	381	9.732	478
9.758	425	9.783	479
9.809	468	9.833	480
9.859	511	9.885	479
9.910	554	9.936	481
9.960	589	9.986	480
10.012	622	10.037	481
10.062	645	10.087	481
10.113	656	10.139	480
10.163	660	10.189	480
