#Creator: pendulumviewEventBuffer
#Creation time: Mon Feb 20 15:58:46 2017
#Time A	Pos A	Time B	Pos B
#[s]	[au]	[s]	[au]
0.026	277	0.050	363
0.076	215	0.102	316
0.127	174	0.152	288
0.177	136	0.203	262
0.229	110	0.253	265
0.279	120	0.304	278
0.330	0	0.354	294
0.380	157	0.406	329
0.431	202	0.457	369
0.481	255	0.507	420
0.533	322	0.558	476
0.583	379	0.608	528
0.634	456	0.660	584
0.684	518	0.710	647
0.735	585	0.761	684
0.786	642	0.811	728
0.837	681	0.862	759
0.887	713	0.913	771
0.938	729	0.964	773
0.988	726	1.014	767
1.040	714	1.065	741
1.090	685	1.115	719
1.141	642	1.167	671
1.191	596	1.217	630
1.242	521	1.268	577
1.292	472	1.318	516
1.344	396	1.369	466
1.394	335	1.419	412
1.445	263	1.471	364
1.495	213	1.521	323
1.546	168	1.572	293
1.597	140	1.622	276
1.648	116	1.673	274
1.698	167	1.724	281
1.749	38	1.775	298
1.799	165	1.825	333
1.851	208	1.876	373
1.901	264	1.926	426
1.952	332	1.978	477
2.002	396	2.028	528
2.053	462	2.079	585
2.103	538	2.129	637
2.155	585	2.180	685
2.205	637	2.230	726
2.256	680	2.282	750
2.306	711	2.332	760
2.357	731	2.383	766
2.408	730	2.433	758
2.459	706	2.484	742
2.509	674	2.535	717
2.560	636	2.586	672
2.610	583	2.636	629
2.662	522	2.687	577
2.712	457	2.737	527
2.763	396	2.789	470
2.813	314	2.839	415
2.864	262	2.890	367
2.914	213	2.940	335
2.966	166	2.991	300
3.016	142	3.041	281
3.067	117	3.093	282
3.117	144	3.143	286
3.168	13	3.194	314
3.219	181	3.244	339
3.270	227	3.295	371
3.321	276	3.346	418
3.371	341	3.397	477
3.422	413	3.447	530
3.473	475	3.498	587
3.524	535	3.548	626
3.574	594	3.600	677
3.625	643	3.650	716
3.675	683	3.701	744
3.727	708	3.751	767
3.777	724	3.802	769
3.828	712	3.852	757
3.878	705	3.904	740
3.929	664	3.954	718
3.979	627	4.005	674
4.031	575	4.055	631
4.081	510	4.106	582
4.132	446	4.157	528
4.182	382	4.208	470
4.233	315	4.258	425
4.284	249	4.309	380
4.335	203	4.359	335
4.385	174	4.411	304
4.436	142	4.461	284
4.486	129	4.512	281
4.538	139	4.562	293
4.588	17	4.613	302
4.639	185	4.663	325
4.689	227	4.715	368
4.740	282	4.765	417
4.790	349	4.816	469
4.842	413	4.866	526
4.892	484	4.917	573
4.943	538	4.968	632
4.993	595	5.019	679
5.044	642	5.069	710
5.095	688	5.120	736
5.146	703	5.170	759
5.196	717	5.222	762
5.247	711	5.272	756
5.297	694	5.323	739
5.349	660	5.373	709
5.399	611	5.424	671
5.450	558	5.474	627
5.500	501	5.526	578
5.551	433	5.576	530
5.601	375	5.627	472
5.653	315	5.677	418
5.703	253	5.728	373
5.754	209	5.779	342
5.804	172	5.830	303
5.855	145	5.880	289
5.906	134	5.931	288
5.957	145	5.981	298
6.007	163	6.033	306
6.058	200	6.083	333
6.108	249	6.134	376
6.160	296	6.184	422
6.210	354	6.235	467
6.261	422	6.285	525
6.311	487	6.337	575
6.362	544	6.388	627
6.412	601	6.438	678
6.464	637	6.489	705
6.514	687	6.539	743
6.565	706	6.591	756
6.615	706	6.641	760
6.666	699	6.692	756
6.717	684	6.742	735
6.768	642	6.793	714
6.818	600	6.844	669
6.869	544	6.895	639
6.919	488	6.945	582
6.971	426	6.996	532
7.021	363	7.046	475
7.072	304	7.098	420
7.122	251	7.148	372
7.173	216	7.199	343
7.223	169	7.249	310
7.275	148	7.300	297
7.325	142	7.350	283
7.376	154	7.402	289
7.426	174	7.452	310
7.477	211	7.503	334
7.528	250	7.553	366
7.579	306	7.604	413
7.629	368	7.655	472
7.680	436	7.706	518
7.730	496	7.756	573
7.782	562	7.807	621
7.832	607	7.857	665
7.883	645	7.909	716
7.933	677	7.959	733
7.984	700	8.010	752
8.034	700	8.060	761
8.086	689	8.111	761
8.136	668	8.161	737
8.187	637	8.213	714
8.237	588	8.263	677
8.288	533	8.314	637
8.339	474	8.364	587
8.390	414	8.415	527
8.440	357	8.466	476
8.491	297	8.517	430
8.541	246	8.567	384
8.593	208	8.618	344
8.643	177	8.668	307
8.694	158	8.720	295
8.744	153	8.770	286
8.795	167	8.821	289
8.845	187	8.871	310
8.897	225	8.922	334
8.947	263	8.972	371
8.998	319	9.024	418
9.048	382	9.074	468
9.099	436	9.125	516
9.150	500	9.175	572
9.201	562	9.226	623
9.251	604	9.277	668
9.302	649	9.328	715
9.352	680	9.378	739
9.404	692	9.429	760
9.454	688	9.479	765
9.505	684	9.531	756
9.555	656	9.581	741
9.606	624	9.632	711
9.657	574	9.682	678
9.708	521	9.733	630
9.758	469	9.783	580
9.809	404	9.835	527
9.859	355	9.885	477
9.910	298	9.936	428
9.961	243	9.986	381
10.012	207	10.037	334
10.062	181	10.088	303
10.113	170	10.139	294
10.163	161	10.189	288
10.215	179	10.240	288
10.265	196	10.290	305
10.316	232	10.342	336
10.366	283	10.392	371
10.417	333	10.443	416
10.468	380	10.493	465
10.519	441	10.544	524
10.569	496	10.594	578
10.620	555	10.646	624
10.670	602	10.696	671
10.721	636	10.747	709
10.772	669	10.797	734
10.823	675	10.848	755
10.874	686	10.899	759
10.924	667	10.950	757
10.975	651	11.000	743
11.026	614	11.051	713
11.077	569	11.101	681
11.127	514	11.153	632
11.178	458	11.203	590
11.228	401	11.254	535
11.280	344	11.304	475
11.330	295	11.355	421
11.381	245	11.405	373
11.431	219	11.457	333
11.482	181	11.507	301
11.532	166	11.558	294
11.584	179	11.608	283
11.634	189	11.659	283
11.685	207	11.710	303
11.735	248	11.761	339
11.786	291	11.811	368
11.837	343	11.862	417
11.888	399	11.912	476
11.938	450	11.964	523
11.989	512	12.014	577
12.039	561	12.065	630
12.091	598	12.115	676
12.141	646	12.166	709
12.192	667	12.217	740
12.242	673	12.268	757
12.293	669	12.318	761
12.343	658	12.369	754
12.395	638	12.419	743
12.445	600	12.470	721
12.496	556	12.521	686
12.546	511	12.572	633
12.597	453	12.622	581
12.648	402	12.673	524
12.699	349	12.723	475
12.749	298	12.775	424
12.800	253	12.825	374
12.850	222	12.876	338
12.902	194	12.926	300
12.952	183	12.977	284
13.003	193	13.028	285
13.053	198	13.079	291
13.104	224	13.129	298
13.154	256	13.180	331
13.206	298	13.230	373
13.256	351	13.281	416
13.307	399	13.332	465
13.357	456	13.383	521
13.408	504	13.433	576
13.459	560	13.484	627
13.510	599	13.534	675
13.560	634	13.586	712
13.611	651	13.636	746
13.661	662	13.687	758
13.713	655	13.737	764
13.763	646	13.788	764
13.814	628	13.839	736
13.864	585	13.890	713
13.915	547	13.941	675
13.965	500	13.991	633
14.017	449	14.042	578
14.067	393	14.092	523
14.118	338	14.144	467
14.168	296	14.194	421
14.219	255	14.245	373
14.270	221	14.295	329
14.321	201	14.346	301
14.371	194	14.397	288
14.422	197	14.448	281
14.472	206	14.498	283
14.524	238	14.549	309
14.574	271	14.599	336
14.625	307	14.651	371
14.675	358	14.701	430
14.726	408	14.752	475
14.777	465	14.802	530
14.828	511	14.853	578
14.878	550	14.903	631
14.929	594	14.955	686
14.979	626	15.005	719
15.030	649	15.056	752
15.081	650	15.106	764
15.132	652	15.157	762
15.182	643	15.208	760
15.233	620	15.259	745
15.283	577	15.309	715
15.335	538	15.360	676
15.385	492	15.410	622
15.436	439	15.462	579
15.486	387	15.512	518
15.537	337	15.563	472
15.588	303	15.613	409
15.639	261	15.664	362
15.689	229	15.714	331
15.740	202	15.766	299
15.790	208	15.816	284
15.841	199	15.867	281
15.892	210	15.917	279
15.943	244	15.968	309
15.993	279	16.019	340
16.044	314	16.070	378
16.094	362	16.120	422
16.146	409	16.171	475
16.196	460	16.221	535
16.247	516	16.273	596
16.297	557	16.323	643
16.348	595	16.374	686
16.399	620	16.424	726
16.450	637	16.475	749
16.500	653	16.525	761
16.551	643	16.577	769
16.601	629	16.627	755
16.652	602	16.678	736
16.703	571	16.728	715
16.754	530	16.779	670
16.804	488	16.830	623
16.855	439	16.881	573
16.905	392	16.931	514
16.957	337	16.982	465
17.007	294	17.032	402
17.058	261	17.084	359
17.108	242	17.134	318
17.159	219	17.185	291
17.210	213	17.235	282
17.261	219	17.286	282
17.311	228	17.337	280
17.362	260	17.388	302
17.412	280	17.438	336
17.463	327	17.489	382
17.514	370	17.539	426
17.565	414	17.590	486
17.616	467	17.641	542
17.666	509	17.692	588
17.717	551	17.742	650
17.768	589	17.793	692
17.819	606	17.843	723
17.869	629	17.895	755
17.920	634	17.945	765
17.970	632	17.996	767
18.022	620	18.046	754
18.072	597	18.097	732
18.123	566	18.148	701
18.173	529	18.199	669
18.224	479	18.249	619
18.274	438	18.300	570
18.326	390	18.350	509
18.376	341	18.401	453
18.427	306	18.452	403
18.477	274	18.503	357
18.528	245	18.553	318
18.579	226	18.604	291
18.630	218	18.654	277
18.680	219	18.706	280
18.731	237	18.756	289
18.781	261	18.807	314
18.833	287	18.857	349
18.883	332	18.908	381
18.934	370	18.959	438
18.984	419	19.010	485
19.035	463	19.060	553
19.085	510	19.111	602
19.137	552	19.161	645
19.187	582	19.212	703
19.238	604	19.263	731
19.288	624	19.314	753
19.339	632	19.364	769
19.390	625	19.415	765
19.441	608	19.465	758
19.491	590	19.517	730
19.542	559	19.567	705
19.592	525	19.618	663
19.644	482	19.668	609
19.694	433	19.719	554
19.745	390	19.770	503
19.795	353	19.821	440
19.846	309	19.871	394
19.897	279	19.922	352
19.948	250	19.972	312
19.998	237	20.023	288
20.049	229	20.074	276
20.099	238	20.125	274
20.150	243	20.175	285
20.201	267	20.226	313
20.252	290	20.276	349
20.302	335	20.328	390
20.353	372	20.378	445
20.403	421	20.429	496
20.455	462	20.479	558
20.505	498	20.530	610
20.556	549	20.581	659
20.606	569	20.632	706
20.657	604	20.683	730
20.708	612	20.733	763
20.759	619	20.784	766
20.809	609	20.834	765
20.860	596	20.886	747
20.910	581	20.936	724
20.961	549	20.987	688
21.012	519	21.037	651
21.063	476	21.088	607
21.113	433	21.139	547
21.164	389	21.190	491
21.214	352	21.240	431
21.266	310	21.291	389
21.316	277	21.341	342
21.367	259	21.393	311
21.417	240	21.443	284
21.468	239	21.494	277
21.519	233	21.544	281
21.570	253	21.595	291
21.620	281	21.645	325
21.671	311	21.697	364
21.721	333	21.747	405
21.772	373	21.798	455
21.823	416	21.848	509
21.874	458	21.899	564
21.924	501	21.950	623
21.975	535	22.001	665
22.025	574	22.051	700
22.077	598	22.102	742
22.127	611	22.152	763
22.178	617	22.204	769
22.228	610	22.254	764
22.279	603	22.305	750
22.330	577	22.355	729
22.381	547	22.406	694
22.431	508	22.457	647
22.482	478	22.508	599
22.532	431	22.558	538
22.583	391	22.609	479
22.634	355	22.659	420
22.685	315	22.710	383
22.735	282	22.761	340
22.786	266	22.812	306
22.836	251	22.862	287
22.888	241	22.913	275
22.938	247	22.963	281
22.989	259	23.015	297
23.039	275	23.065	323
23.090	307	23.116	360
23.141	338	23.166	417
23.192	381	23.217	458
23.242	421	23.268	510
23.293	455	23.319	570
23.343	498	23.369	628
23.394	535	23.420	674
23.445	565	23.470	710
23.496	581	23.521	732
23.546	597	23.572	765
23.597	600	23.623	768
23.647	600	23.673	762
23.699	594	23.724	744
23.749	573	23.774	719
23.800	543	23.826	680
23.850	512	23.876	640
23.901	482	23.927	589
23.952	434	23.977	531
24.003	393	24.028	476
24.053	359	24.079	422
24.104	323	24.130	383
24.154	292	24.180	343
24.205	263	24.231	316
24.256	251	24.281	282
24.307	254	24.332	281
24.357	257	24.383	283
24.408	264	24.434	304
24.458	279	24.484	336
24.510	305	24.535	370
24.560	342	24.585	414
24.611	380	24.637	474
24.661	412	24.687	528
24.712	453	24.738	573
24.763	495	24.788	632
24.814	526	24.839	671
24.864	560	24.890	708
24.915	575	24.941	742
24.965	590	24.991	756
25.017	605	25.042	759
25.067	593	25.092	751
25.118	588	25.143	735
25.168	565	25.194	709
25.219	536	25.245	667
25.269	510	25.295	632
25.321	474	25.346	574
25.371	442	25.396	523
25.422	400	25.448	463
25.472	362	25.498	417
25.523	322	25.549	373
25.574	294	25.599	327
25.625	271	25.650	306
25.675	254	25.701	295
25.726	249	25.752	280
25.776	260	25.802	296
25.828	268	25.853	310
25.878	286	25.903	342
25.929	311	25.954	381
25.979	344	26.005	426
26.030	377	26.056	475
26.080	419	26.106	536
26.132	452	26.157	586
26.182	496	26.207	636
26.233	522	26.259	677
26.283	555	26.309	724
26.334	574	26.360	746
26.385	586	26.410	752
26.436	599	26.461	762
26.486	589	26.512	754
26.537	585	26.563	725
26.587	564	26.613	703
26.639	531	26.664	664
26.689	514	26.714	621
26.740	477	26.765	571
26.790	428	26.816	519
26.841	398	26.867	463
26.891	362	26.917	416
26.943	329	26.968	369
26.993	304	27.018	336
27.044	280	27.070	302
27.094	269	27.120	292
27.145	264	27.171	298
27.196	265	27.221	304
27.247	266	27.272	317
27.297	291	27.323	349
27.348	313	27.374	392
27.398	342	27.424	443
27.450	378	27.475	496
27.500	414	27.525	543
27.551	453	27.577	597
27.601	483	27.627	647
27.652	522	27.678	685
27.702	546	27.728	725
27.754	573	27.779	755
27.804	589	27.829	753
27.855	592	27.881	752
27.905	585	27.931	745
27.956	580	27.982	718
28.007	561	28.032	690
28.058	539	28.083	654
28.108	503	28.134	606
28.159	478	28.185	551
28.209	438	28.235	509
28.261	408	28.286	448
28.311	363	28.336	409
28.362	327	28.388	358
28.412	307	28.438	332
28.463	283	28.489	303
28.513	266	28.539	299
28.565	266	28.590	296
28.615	261	28.640	302
28.666	272	28.692	334
28.716	285	28.742	359
28.767	308	28.793	406
28.818	341	28.843	446
28.869	378	28.894	503
28.919	410	28.945	548
28.970	450	28.996	606
29.020	476	29.046	648
29.072	515	29.097	690
29.122	549	29.147	717
29.173	566	29.199	744
29.223	584	29.249	754
29.274	589	29.300	740
29.324	588	29.350	733
29.376	579	29.401	715
29.426	557	29.451	680
29.477	544	29.503	638
29.527	510	29.553	594
29.578	472	29.604	547
29.629	441	29.654	494
29.680	403	29.705	449
29.730	378	29.756	407
29.781	331	29.807	359
29.831	311	29.857	325
29.883	284	29.908	310
29.933	271	29.958	292
29.984	259	30.010	301
30.034	262	30.060	315
30.085	280	30.111	339
30.135	285	30.161	374
30.187	317	30.212	410
30.238	345	30.262	462
30.288	370	30.314	508
30.339	414	30.364	559
30.389	447	30.415	609
30.441	484	30.465	644
30.491	512	30.516	686
30.542	545	30.567	712
30.592	564	30.618	736
30.643	583	30.668	747
30.694	589	30.719	744
30.745	585	30.769	728
30.795	576	30.821	711
30.846	561	30.871	668
30.896	534	30.922	632
30.948	517	30.972	587
30.998	477	31.023	537
31.049	434	31.073	488
31.099	410	31.125	439
31.150	368	31.175	392
31.200	340	31.226	366
31.252	309	31.276	329
31.302	283	31.327	315
31.353	269	31.378	305
31.403	265	31.429	310
31.454	265	31.479	320
31.505	276	31.530	350
31.556	285	31.580	380
31.606	316	31.632	422
31.657	347	31.682	471
31.707	375	31.733	521
31.759	406	31.783	565
31.809	451	31.834	616
31.860	487	31.884	657
31.910	519	31.936	694
31.961	548	31.986	710
32.011	569	32.037	737
32.063	579	32.087	737
32.113	586	32.138	729
32.164	586	32.189	718
32.214	580	32.240	694
32.265	563	32.290	658
32.316	538	32.341	620
32.367	508	32.391	582
32.417	482	32.443	528
32.468	441	32.493	481
32.518	404	32.544	434
32.570	370	32.594	400
32.620	336	32.645	365
32.671	304	32.695	339
32.721	281	32.747	322
32.772	269	32.797	315
32.822	266	32.848	321
32.874	267	32.898	326
32.924	278	32.949	361
32.975	285	33.000	393
33.025	316	33.051	441
33.076	339	33.101	482
33.127	372	33.152	530
33.178	410	33.203	573
33.228	440	33.254	618
33.279	480	33.305	661
33.329	515	33.355	695
33.381	541	33.406	709
33.431	567	33.456	722
33.482	581	33.508	736
33.532	590	33.558	725
33.583	589	33.609	705
33.633	579	33.659	681
33.685	567	33.710	652
33.735	545	33.760	620
33.786	516	33.812	568
33.836	473	33.862	523
33.887	442	33.913	473
33.938	403	33.963	431
33.989	369	34.014	391
34.039	330	34.065	366
34.090	307	34.116	332
34.140	277	34.166	330
34.192	271	34.217	316
34.242	268	34.267	325
34.293	262	34.319	349
34.343	271	34.369	369
34.394	286	34.420	400
34.444	307	34.470	443
34.496	345	34.521	491
34.546	377	34.571	534
34.597	415	34.623	578
34.647	449	34.673	617
34.698	485	34.724	655
34.749	517	34.774	682
34.800	547	34.825	703
34.850	572	34.876	716
34.901	586	34.927	718
34.951	587	34.977	710
35.003	590	35.028	700
35.053	577	35.078	667
35.104	564	35.130	644
35.154	544	35.180	603
35.205	504	35.231	568
35.255	479	35.281	510
35.307	443	35.332	469
35.357	400	35.382	433
35.408	369	35.434	395
35.458	327	35.484	360
35.509	314	35.535	337
35.560	284	35.585	326
35.611	267	35.636	331
35.661	265	35.687	332
35.712	260	35.738	355
35.762	270	35.788	378
35.814	291	35.839	409
35.864	315	35.889	451
35.915	337	35.941	494
35.965	371	35.991	544
36.016	416	36.042	586
36.066	446	36.092	619
36.118	485	36.143	658
36.168	516	36.193	683
36.219	538	36.245	703
36.269	568	36.295	710
36.320	583	36.346	710
36.371	593	36.396	713
36.422	584	36.447	687
36.473	583	36.498	666
36.523	562	36.549	629
36.574	542	36.599	595
36.625	503	36.650	553
36.676	480	36.700	506
36.726	432	36.752	469
36.777	401	36.802	431
36.827	365	36.853	395
36.879	335	36.903	367
36.929	304	36.954	347
36.980	279	37.004	331
37.030	269	37.056	341
37.081	270	37.106	339
37.131	259	37.157	362
37.183	269	37.207	390
37.233	289	37.258	420
37.284	313	37.309	458
37.334	350	37.360	501
37.385	372	37.410	550
37.436	422	37.461	577
37.487	448	37.511	619
37.537	488	37.563	656
37.588	521	37.613	680
37.638	543	37.664	699
37.690	577	37.714	705
37.740	583	37.765	701
37.791	581	37.815	704
37.841	587	37.867	677
37.892	574	37.917	658
37.942	561	37.968	625
37.994	540	38.018	578
38.044	507	38.069	554
38.095	472	38.120	505
38.145	432	38.171	458
38.196	393	38.221	427
38.247	360	38.272	401
38.298	327	38.322	373
38.348	297	38.374	355
38.399	278	38.424	339
38.449	269	38.475	340
38.501	260	38.525	351
38.551	260	38.576	376
38.602	273	38.626	398
38.652	288	38.678	430
38.703	314	38.728	466
38.753	347	38.779	502
38.805	380	38.829	548
38.855	425	38.880	586
38.906	456	38.931	621
38.956	492	38.982	654
39.007	526	39.032	680
39.058	551	39.083	689
39.109	570	39.133	704
39.159	581	39.185	699
39.210	591	39.235	684
39.260	583	39.286	677
39.312	574	39.336	650
39.362	561	39.387	618
39.413	538	39.437	577
39.463	505	39.489	539
39.514	467	39.540	499
39.564	435	39.590	462
39.616	401	39.641	422
39.666	353	39.691	404
39.717	326	39.743	377
39.767	298	39.793	361
39.818	270	39.844	352
39.869	258	39.894	358
39.920	258	39.945	360
39.970	256	39.996	383
40.021	278	40.047	411
40.071	289	40.097	432
40.123	314	40.148	474
40.173	353	40.198	506
40.224	385	40.250	550
40.274	425	40.300	587
40.325	463	40.351	619
40.375	490	40.401	650
40.427	523	40.452	676
40.477	553	40.502	685
40.528	577	40.554	694
40.578	594	40.604	694
40.629	586	40.655	687
40.680	589	40.705	663
40.731	574	40.756	645
40.781	560	40.807	611
40.832	528	40.858	573
40.882	502	40.908	532
40.934	464	40.959	494
40.984	430	41.009	462
41.035	394	41.061	430
41.085	352	41.111	398
41.136	317	41.162	377
41.186	292	41.212	361
41.238	275	41.263	360
41.288	263	41.313	360
41.339	253	41.365	373
41.389	262	41.415	394
41.440	270	41.466	409
41.491	300	41.516	443
41.542	326	41.567	475
41.592	350	41.618	514
41.643	391	41.669	551
41.693	424	41.719	591
41.745	469	41.770	620
41.795	496	41.820	656
41.846	534	41.872	673
41.896	556	41.922	677
41.947	574	41.973	684
41.997	590	42.023	683
42.049	589	42.074	672
42.099	593	42.124	651
42.150	575	42.176	628
42.200	559	42.226	598
42.251	523	42.277	572
42.302	498	42.327	536
42.353	458	42.378	507
42.403	420	42.429	462
42.454	388	42.480	438
42.504	344	42.530	400
42.556	314	42.581	384
42.606	291	42.631	373
42.657	275	42.683	368
42.707	262	42.733	368
42.758	258	42.784	376
42.809	270	42.834	402
42.860	274	42.885	426
42.910	308	42.935	446
42.961	325	42.987	486
43.011	358	43.037	511
43.062	391	43.088	555
43.113	432	43.138	578
43.164	470	43.189	612
43.214	501	43.240	642
43.265	541	43.291	667
43.315	566	43.341	674
43.367	583	43.392	683
43.417	589	43.442	671
43.468	589	43.494	669
43.518	590	43.544	644
43.569	572	43.595	632
43.620	550	43.645	596
43.671	522	43.696	566
43.721	486	43.746	533
43.772	459	43.798	498
43.822	417	43.848	461
43.873	378	43.899	441
43.924	340	43.949	410
43.975	319	44.000	387
44.026	289	44.051	383
44.076	274	44.102	370
44.127	268	44.152	380
44.178	258	44.203	384
44.229	268	44.253	404
44.279	287	44.305	430
44.330	302	44.355	460
44.380	330	44.406	487
44.432	369	44.456	522
44.482	401	44.507	556
44.533	436	44.557	589
44.583	471	44.609	617
44.634	513	44.659	631
44.684	534	44.710	656
44.736	565	44.760	671
44.786	587	44.811	673
44.837	586	44.862	665
44.887	592	44.913	660
44.938	579	44.963	644
44.989	575	45.014	627
45.040	545	45.064	592
45.090	521	45.116	560
45.141	487	45.166	535
45.191	451	45.217	503
45.243	412	45.267	467
45.293	371	45.318	432
45.344	337	45.369	416
45.394	303	45.420	396
45.445	285	45.470	394
45.495	269	45.521	375
45.547	263	45.571	382
45.597	256	45.622	390
45.648	268	45.673	409
45.698	276	45.724	429
45.749	312	45.774	462
45.800	336	45.825	493
45.851	371	45.875	515
45.901	404	45.927	557
45.952	440	45.977	583
46.002	479	46.028	605
46.054	516	46.078	636
46.104	547	46.129	651
46.155	561	46.180	662
46.205	579	46.231	664
46.256	592	46.281	664
46.306	591	46.332	655
46.358	582	46.382	638
46.408	559	46.433	617
46.459	547	46.484	585
46.509	512	46.535	556
46.560	473	46.585	531
46.611	444	46.636	492
46.662	407	46.686	473
46.712	373	46.738	442
46.763	331	46.788	420
46.813	301	46.839	406
46.865	278	46.889	390
46.915	269	46.940	387
46.966	261	46.991	395
47.016	258	47.042	400
47.067	271	47.093	412
47.117	282	47.143	432
47.169	312	47.194	459
47.219	336	47.244	495
47.270	373	47.296	515
47.320	419	47.346	552
47.371	455	47.397	577
47.422	488	47.447	607
47.473	517	47.498	636
47.523	545	47.549	650
47.574	572	47.600	652
47.624	585	47.650	655
47.676	589	47.701	662
47.726	591	47.751	648
47.777	580	47.803	637
47.827	560	47.853	617
47.878	528	47.904	585
47.929	507	47.954	565
47.980	470	48.005	533
48.030	434	48.055	495
48.081	392	48.107	474
48.131	365	48.157	439
48.182	328	48.208	422
48.233	302	48.258	414
48.284	282	48.309	402
48.334	264	48.360	389
48.385	268	48.411	395
48.435	269	48.461	397
48.487	278	48.512	413
48.537	293	48.562	436
48.588	325	48.614	463
48.638	341	48.664	492
48.689	384	48.715	521
48.740	420	48.765	555
48.791	453	48.816	578
48.841	494	48.866	606
48.892	519	48.918	625
48.942	551	48.968	646
48.993	571	49.019	648
49.044	583	49.069	657
49.095	593	49.120	659
49.145	590	49.171	644
49.196	569	49.222	632
49.246	552	49.272	615
49.298	529	49.323	588
49.348	505	49.373	558
49.399	466	49.425	526
49.449	428	49.475	495
49.500	400	49.526	476
49.551	351	49.576	442
49.602	328	49.627	425
49.652	299	49.677	408
49.703	281	49.729	394
49.753	270	49.779	393
49.804	259	49.830	401
49.855	274	49.880	397
49.906	278	49.931	424
49.956	300	49.982	440
50.007	326	50.033	465
50.057	362	50.083	486
50.109	396	50.134	525
50.159	427	50.184	552
50.210	459	50.236	581
50.260	500	50.286	605
50.311	532	50.337	626
50.362	552	50.387	640
50.413	568	50.438	657
50.463	583	50.489	649
50.514	590	50.540	651
50.564	574	50.590	640
50.615	564	50.641	633
50.666	551	50.691	610
50.717	520	50.742	587
50.768	493	50.793	558
50.818	446	50.844	534
50.869	420	50.894	509
50.920	385	50.945	480
50.971	349	50.995	448
51.021	325	51.047	430
51.072	292	51.097	412
51.122	278	51.148	405
51.174	268	51.198	389
51.224	271	51.249	400
51.275	277	51.300	410
51.325	288	51.351	418
51.376	300	51.401	437
51.426	338	51.452	463
51.478	364	51.502	489
51.528	397	51.553	521
51.579	429	51.604	550
51.629	469	51.655	574
51.680	503	51.705	594
51.731	536	51.756	624
51.782	549	51.806	638
51.832	569	51.858	643
51.883	578	51.908	651
51.933	583	51.959	644
51.985	569	52.009	634
52.035	567	52.060	634
52.086	545	52.111	614
52.136	510	52.162	590
52.187	483	52.212	562
52.237	453	52.263	533
52.289	416	52.313	507
52.339	379	52.364	481
52.390	344	52.415	455
52.440	316	52.466	426
52.491	293	52.516	423
52.542	276	52.567	405
52.593	270	52.617	403
52.643	266	52.669	408
52.694	282	52.719	410
52.744	286	52.770	419
52.796	318	52.820	445
52.846	344	52.871	463
52.897	375	52.922	493
52.947	408	52.973	516
52.998	440	53.023	545
53.049	475	53.074	575
53.100	505	53.124	598
53.150	529	53.175	619
53.201	556	53.226	635
53.251	572	53.277	643
53.302	574	53.327	656
53.353	575	53.378	652
53.404	565	53.428	639
53.454	560	53.480	625
53.505	534	53.530	612
53.555	503	53.581	587
53.607	481	53.631	560
53.657	442	53.682	527
53.708	413	53.733	506
53.758	375	53.784	482
53.809	342	53.835	455
53.860	309	53.885	431
53.911	294	53.936	422
53.961	284	53.986	403
54.012	275	54.038	403
54.062	275	54.088	404
54.113	284	54.139	416
54.164	302	54.189	424
54.215	327	54.240	443
54.265	348	54.291	464
54.316	383	54.342	492
54.366	414	54.392	516
54.418	444	54.443	541
54.468	473	54.493	570
54.519	506	54.545	594
54.569	529	54.595	621
54.620	560	54.646	635
54.671	561	54.696	639
54.722	575	54.747	646
54.772	574	54.797	648
54.823	561	54.849	640
54.873	543	54.899	616
54.924	520	54.950	599
54.975	502	55.000	585
55.026	462	55.051	562
55.076	429	55.102	531
55.127	402	55.153	506
55.177	365	55.203	475
55.229	337	55.254	460
55.279	315	55.304	437
55.330	288	55.356	415
55.380	286	55.406	403
55.431	276	55.457	408
55.482	283	55.507	405
55.533	290	55.558	422
55.583	307	55.609	429
55.634	330	55.660	442
55.684	351	55.710	458
55.735	386	55.761	494
55.786	422	55.811	519
55.837	450	55.862	545
55.887	486	55.913	571
55.938	499	55.964	595
55.988	533	56.014	620
56.040	552	56.065	631
56.090	568	56.115	636
56.141	564	56.167	642
56.191	561	56.217	644
56.242	558	56.268	636
56.293	538	56.318	629
56.344	520	56.369	608
56.394	491	56.420	585
56.445	455	56.471	561
56.495	428	56.521	535
56.546	403	56.572	502
56.597	366	56.622	481
56.648	345	56.673	453
56.698	310	56.724	439
56.749	298	56.775	420
56.799	289	56.825	404
56.851	286	56.876	400
56.901	284	56.926	398
56.952	295	56.978	410
57.002	310	57.028	428
57.053	337	57.079	438
57.104	368	57.129	465
57.155	399	57.180	480
57.205	430	57.231	516
57.256	455	57.282	538
57.306	489	57.332	568
57.357	516	57.383	590
57.408	538	57.433	616
57.459	545	57.484	636
57.509	557	57.535	636
57.560	567	57.586	644
57.610	557	57.636	644
57.662	550	57.687	637
57.712	535	57.737	618
57.763	510	57.789	605
57.813	487	57.839	587
57.864	449	57.890	557
57.915	428	57.940	528
57.966	389	57.991	501
58.016	359	58.042	481
58.067	336	58.093	458
58.117	313	58.143	433
58.169	304	58.194	415
58.219	289	58.244	401
58.270	292	58.295	408
58.320	292	58.346	401
58.371	309	58.397	416
58.421	319	58.447	424
58.473	345	58.498	442
58.523	366	58.548	466
58.574	404	58.600	490
58.624	430	58.650	526
58.675	454	58.701	549
58.726	483	58.751	570
58.777	508	58.802	591
58.827	531	58.853	615
58.878	559	58.904	634
58.928	558	58.954	641
58.980	558	59.005	640
59.030	552	59.055	647
59.081	537	59.106	640
59.131	522	59.157	625
59.182	499	59.208	612
59.232	474	59.258	575
59.284	443	59.309	557
59.334	423	59.359	531
59.385	383	59.411	510
59.435	357	59.461	482
59.486	336	59.512	451
59.537	317	59.562	433
59.588	304	59.613	421
59.638	294	59.664	407
59.689	294	59.715	404
59.739	301	59.765	402
59.791	312	59.816	414
59.841	324	59.866	418
59.892	355	59.917	442
59.942	378	59.968	473
59.993	403	60.019	488
60.043	431	60.069	519
60.095	458	60.120	553
60.145	491	60.170	566
60.196	509	60.222	594
60.246	524	60.272	622
60.297	546	60.323	629
60.348	555	60.373	640
60.399	547	60.424	642
60.449	547	60.475	639
60.500	544	60.526	633
60.550	516	60.576	628
60.602	491	60.627	607
60.652	473	60.677	584
60.703	440	60.729	562
60.753	411	60.779	521
60.804	388	60.830	504
60.854	366	60.880	471
60.906	333	60.931	451
60.956	316	60.981	431
61.007	308	61.033	414
61.057	308	61.083	406
61.108	303	61.134	396
61.159	312	61.184	401
61.210	327	61.235	408
61.260	331	61.286	426
61.311	361	61.337	449
61.361	384	61.387	468
61.413	409	61.438	495
61.463	438	61.488	522
61.514	461	61.540	548
61.564	484	61.590	585
61.615	507	61.641	594
61.665	529	61.691	617
61.717	536	61.742	628
61.767	547	61.792	641
61.818	549	61.844	643
61.868	538	61.894	650
61.919	528	61.945	638
61.970	506	61.995	629
62.021	487	62.046	600
62.071	469	62.097	578
62.122	438	62.148	552
62.172	408	62.198	523
62.224	383	62.249	504
62.274	359	62.299	473
62.325	333	62.351	444
62.375	327	62.401	428
62.426	308	62.452	419
62.476	306	62.502	401
62.528	298	62.553	401
62.578	308	62.603	402
62.629	325	62.655	406
62.679	345	62.705	425
62.730	360	62.756	445
