#Creator: pendulumviewEventBuffer
#Creation time: Tue Feb 21 16:28:29 2017
#Time A	Pos A	Time B	Pos B
#[s]	[au]	[s]	[au]
0.026	493	0.052	556
0.077	493	0.102	554
0.127	494	0.153	556
0.178	494	0.203	555
0.229	494	0.254	555
0.280	493	0.304	556
0.330	493	0.356	556
0.381	494	0.406	556
0.431	493	0.457	556
0.483	495	0.507	556
0.533	494	0.558	556
0.584	493	0.609	556
0.634	494	0.660	556
0.685	493	0.710	555
0.736	494	0.761	556
0.787	493	0.811	556
0.837	493	0.863	555
0.888	494	0.913	556
0.938	495	0.964	556
0.989	493	1.014	556
1.040	494	1.065	555
1.091	493	1.115	556
1.141	493	1.167	556
1.192	493	1.217	555
1.242	493	1.268	556
1.294	493	1.318	556
1.344	493	1.369	556
1.395	495	1.420	555
1.445	493	1.471	556
1.496	492	1.521	556
1.547	491	1.572	556
1.598	494	1.622	555
1.648	494	1.674	556
1.699	494	1.724	555
1.749	493	1.775	556
1.801	494	1.825	557
1.851	495	1.876	556
1.902	493	1.926	556
1.952	495	1.978	555
2.003	493	2.028	557
2.053	494	2.079	556
2.105	493	2.130	556
2.155	493	2.180	556
2.206	494	2.232	556
2.256	494	2.282	556
2.307	493	2.333	558
2.358	493	2.383	555
2.409	493	2.434	556
2.459	492	2.485	557
2.510	495	2.536	556
2.560	493	2.586	555
2.612	494	2.637	556
2.662	493	2.687	555
2.713	494	2.738	556
2.763	494	2.789	556
2.814	494	2.840	556
2.864	494	2.890	555
2.916	493	2.941	556
2.966	493	2.991	556
3.017	493	3.043	558
3.067	492	3.093	555
3.118	494	3.144	556
3.169	494	3.194	556
3.220	493	3.245	556
3.270	494	3.296	556
3.321	492	3.347	556
3.371	493	3.397	555
3.423	492	3.448	556
3.473	494	3.498	555
3.524	493	3.549	556
3.574	494	3.600	556
3.625	495	3.651	556
3.675	494	3.701	557
3.727	495	3.752	555
3.777	494	3.802	556
3.828	495	3.854	555
3.878	494	3.904	557
3.929	494	3.955	556
3.980	494	4.005	556
4.031	494	4.056	557
4.081	494	4.107	555
4.132	493	4.158	557
4.182	493	4.208	555
4.234	493	4.259	556
4.284	494	4.309	556
4.335	494	4.361	555
4.385	493	4.411	554
4.436	493	4.462	556
4.486	494	4.512	555
4.538	493	4.563	555
4.588	494	4.613	556
4.639	494	4.665	556
4.689	494	4.715	556
4.740	494	4.766	556
4.791	493	4.816	556
4.842	494	4.867	556
4.892	495	4.918	557
4.943	494	4.969	555
4.993	494	5.019	557
5.045	494	5.070	556
5.095	494	5.120	556
5.146	493	5.172	556
5.196	495	5.222	556
5.247	492	5.273	554
5.297	493	5.323	555
5.349	493	5.374	554
5.399	493	5.424	556
5.450	493	5.476	556
5.500	493	5.526	556
5.551	494	5.577	557
5.602	494	5.627	554
5.653	494	5.678	557
5.703	495	5.729	554
5.754	494	5.780	555
5.804	494	5.830	556
5.856	495	5.881	556
5.906	495	5.931	556
5.957	494	5.983	556
6.007	493	6.033	556
6.058	495	6.084	555
6.108	493	6.134	555
6.160	494	6.185	555
6.210	493	6.235	555
6.261	493	6.287	554
6.311	493	6.337	556
6.362	493	6.388	556
6.413	493	6.438	557
6.464	492	6.489	555
6.514	493	6.540	557
6.565	492	6.591	556
6.615	494	6.641	557
6.667	495	6.692	556
6.717	493	6.742	555
6.768	495	6.794	556
6.818	494	6.844	555
6.869	493	6.895	556
6.919	494	6.945	555
6.971	495	6.996	557
7.021	494	7.046	554
7.072	493	7.098	556
7.122	495	7.148	557
7.173	494	7.199	557
7.224	494	7.249	556
7.275	493	7.300	556
7.325	495	7.351	557
7.376	491	7.402	556
7.426	495	7.452	555
7.478	493	7.503	555
7.528	492	7.553	555
7.579	494	7.605	556
7.629	494	7.655	554
7.680	494	7.706	553
7.730	495	7.756	555
7.782	494	7.807	557
7.832	495	7.857	555
7.883	495	7.909	556
7.933	494	7.959	555
7.984	496	8.010	558
8.036	493	8.060	557
8.086	494	8.111	555
8.137	494	8.162	556
8.187	495	8.213	556
8.238	494	8.263	555
8.289	492	8.314	556
8.340	494	8.364	555
8.390	493	8.416	556
8.441	493	8.466	557
8.491	495	8.517	556
8.543	493	8.567	555
8.593	494	8.618	556
8.644	494	8.668	557
8.694	494	8.720	555
8.745	494	8.770	555
8.795	494	8.821	555
8.847	494	8.871	556
8.897	492	8.922	556
8.948	494	8.973	555
8.998	494	9.024	557
9.049	495	9.074	556
9.100	495	9.125	555
9.151	494	9.175	557
9.201	495	9.227	557
9.252	496	9.277	556
9.302	494	9.328	556
9.354	495	9.378	558
9.404	494	9.429	555
9.455	494	9.479	556
9.505	493	9.531	556
9.556	494	9.581	554
9.606	493	9.632	554
9.658	493	9.682	555
9.708	494	9.733	556
9.759	493	9.784	555
9.809	493	9.835	557
9.860	494	9.885	555
9.911	494	9.936	556
9.962	495	9.986	556
10.012	495	10.038	556
10.063	496	10.088	555
10.113	496	10.139	555
10.165	494	10.189	556
10.215	496	10.240	556
10.266	495	10.290	557
10.316	495	10.342	557
10.367	494	10.392	556
10.417	494	10.443	557
10.469	493	10.493	555
10.519	495	10.544	556
10.570	493	10.595	557
10.620	494	10.646	556
10.671	494	10.696	557
10.722	494	10.747	556
10.773	494	10.797	557
10.823	493	10.849	555
10.874	494	10.899	556
10.924	495	10.950	556
10.976	494	11.000	555
11.026	495	11.051	556
11.077	496	11.101	555
11.127	495	11.153	556
11.178	496	11.204	555
11.228	494	11.254	556
11.280	496	11.305	556
11.330	494	11.355	555
11.381	495	11.407	556
11.431	494	11.457	556
11.482	494	11.508	556
11.533	494	11.558	556
11.584	493	11.609	557
11.634	495	11.660	555
11.685	494	11.711	556
11.735	494	11.761	556
11.787	494	11.812	555
11.837	494	11.862	556
11.888	494	11.914	556
11.938	495	11.964	555
11.989	494	12.015	556
12.039	496	12.065	557
12.091	496	12.116	556
12.141	495	12.166	556
12.192	496	12.218	556
12.242	495	12.268	555
12.293	496	12.319	556
12.344	493	12.369	556
12.395	493	12.420	556
12.445	495	12.471	555
12.496	495	12.522	554
12.546	494	12.572	556
12.598	495	12.623	556
12.648	493	12.673	557
12.699	496	12.725	556
12.749	494	12.775	560
12.800	494	12.826	565
12.850	493	12.876	570
12.902	494	12.927	578
12.952	495	12.977	582
13.003	495	13.029	587
13.053	496	13.079	588
13.104	494	13.130	589
13.155	495	13.180	588
13.206	495	13.231	587
13.256	494	13.282	582
13.307	496	13.333	576
13.357	496	13.383	570
13.409	494	13.434	563
13.459	495	13.484	555
13.510	492	13.536	548
13.560	494	13.586	543
13.611	495	13.637	536
13.661	494	13.687	531
13.713	494	13.738	528
13.763	495	13.788	527
13.814	494	13.840	526
13.864	495	13.890	527
13.915	495	13.941	530
13.966	493	13.991	534
14.017	496	14.042	540
14.067	494	14.093	544
14.118	495	14.144	551
14.168	495	14.194	558
14.220	495	14.245	564
14.270	494	14.295	570
14.321	495	14.347	575
14.371	495	14.397	579
14.422	495	14.448	582
14.473	494	14.498	584
14.524	494	14.549	583
14.574	495	14.599	581
14.625	494	14.651	579
14.675	496	14.701	576
14.726	495	14.752	570
14.777	494	14.802	565
14.828	493	14.853	560
14.878	495	14.904	553
14.929	495	14.955	548
14.979	494	15.005	542
15.031	495	15.056	538
15.081	495	15.106	534
15.132	494	15.158	532
15.182	496	15.208	531
15.233	495	15.259	532
15.284	496	15.309	533
15.335	495	15.360	536
15.385	494	15.410	538
15.436	495	15.462	544
15.486	494	15.512	549
15.537	494	15.563	554
15.588	494	15.613	560
15.639	496	15.664	563
15.690	495	15.715	568
15.740	496	15.766	572
15.791	494	15.816	576
15.842	494	15.867	578
15.893	496	15.917	578
15.943	494	15.969	577
15.994	495	16.019	575
16.044	494	16.070	577
16.096	496	16.120	571
16.146	495	16.171	567
16.197	494	16.221	563
16.247	495	16.273	559
16.298	494	16.323	552
16.348	494	16.374	548
16.400	495	16.424	544
16.450	495	16.475	542
16.501	496	16.526	537
16.551	494	16.577	536
16.602	495	16.627	537
16.653	495	16.678	537
16.704	495	16.728	539
16.754	494	16.780	540
16.805	494	16.830	543
16.855	495	16.881	545
16.907	494	16.931	552
16.957	496	16.982	556
17.008	494	17.033	559
17.058	495	17.084	564
17.109	494	17.134	567
17.159	494	17.185	570
17.211	495	17.235	572
17.261	495	17.286	573
17.312	494	17.337	573
17.362	495	17.388	574
17.413	495	17.438	572
17.464	494	17.489	568
17.515	495	17.539	567
17.565	495	17.591	563
17.616	495	17.641	559
