#Creator: pendulumdriveEventBuffer
#Creation time: Tue Mar 21 16:00:21 2017
#Time	Pos
#[s]	[au]
0.050	396
0.100	389
0.150	382
0.201	385
0.251	389
0.301	394
0.351	408
0.401	424
0.451	440
0.502	460
0.552	473
0.602	498
0.653	514
0.703	521
0.754	537
0.804	540
0.854	543
0.904	540
0.954	525
1.004	521
1.055	505
1.105	482
1.155	468
1.205	460
1.255	426
1.305	410
1.356	392
1.406	382
1.456	375
1.506	370
1.557	374
1.608	403
1.658	388
1.708	404
1.758	418
1.808	442
1.858	462
1.909	479
1.959	503
2.009	511
2.059	534
2.109	545
2.159	542
2.210	552
2.260	548
2.310	536
2.360	527
2.410	505
2.462	491
2.512	473
2.562	448
2.612	432
2.662	414
2.712	396
2.763	385
2.813	375
2.863	372
2.913	374
2.963	378
3.014	389
3.064	401
3.114	415
3.164	435
3.214	450
3.264	475
3.315	492
3.366	501
3.416	523
3.466	533
3.516	533
3.566	541
3.617	531
3.667	533
3.717	522
3.767	504
3.817	493
3.868	476
3.918	456
3.968	442
4.018	422
4.068	413
4.118	401
4.169	393
4.219	392
4.270	391
4.320	394
4.370	404
4.420	412
4.471	427
4.521	442
4.571	453
4.621	472
4.671	487
4.722	496
4.772	508
4.822	509
4.872	520
4.922	521
4.972	512
5.023	512
5.073	502
5.123	487
5.174	477
5.224	459
5.274	451
5.325	438
5.375	424
5.425	418
5.475	413
5.525	406
5.576	409
5.626	409
5.676	418
5.726	427
5.776	434
5.826	451
5.877	462
5.927	473
5.977	486
6.027	490
6.078	504
6.129	509
6.179	504
6.229	510
6.279	504
6.329	497
6.379	489
6.430	473
6.480	466
6.530	453
6.580	438
6.630	429
6.680	419
6.731	410
6.781	408
6.831	403
6.881	408
6.931	413
6.983	417
7.033	431
7.083	442
7.133	453
7.183	470
7.233	479
7.284	497
7.334	506
7.384	510
7.434	521
7.484	521
7.534	521
7.585	518
7.635	502
7.685	498
7.735	484
7.785	467
7.837	456
7.887	440
7.937	424
7.987	412
8.037	400
8.087	395
8.138	391
8.188	388
8.238	394
8.288	403
8.338	410
8.388	424
8.439	435
8.489	456
8.539	473
8.589	484
8.639	504
8.690	519
8.741	526
8.791	534
8.841	528
8.891	535
8.941	529
8.992	516
9.042	509
9.092	489
9.142	478
9.192	461
9.242	440
9.293	428
9.343	414
9.393	399
9.443	393
9.493	394
9.544	384
9.594	387
9.645	392
9.695	403
9.745	415
9.795	427
9.846	446
9.896	461
9.946	478
9.996	494
10.046	502
10.097	520
10.147	527
10.197	526
10.247	532
10.297	521
10.347	523
10.398	513
10.448	495
10.498	485
10.549	470
10.599	452
10.649	440
10.700	422
10.750	416
10.800	406
10.850	398
10.900	399
10.951	399
11.001	400
11.051	410
11.101	416
11.151	432
11.201	445
11.252	454
11.302	472
11.352	483
11.402	491
11.453	504
11.503	502
11.554	514
11.604	514
11.654	505
11.704	506
11.754	497
11.805	485
11.855	478
11.905	460
11.955	455
12.005	443
12.055	429
12.106	426
12.156	421
12.206	415
12.256	417
12.306	416
12.358	424
12.408	430
12.458	435
12.508	448
12.558	457
12.608	465
12.659	477
12.709	480
12.759	492
12.809	497
12.859	494
12.909	499
12.960	495
13.010	489
13.060	485
13.110	471
13.160	467
13.210	458
13.262	445
13.312	441
13.362	434
13.412	424
13.462	424
13.513	419
13.563	424
13.613	427
13.663	429
13.713	440
13.763	448
13.814	457
13.864	469
13.914	472
13.964	487
14.014	494
14.065	494
14.115	503
14.166	502
14.216	501
14.266	499
14.316	485
14.367	483
14.417	474
14.467	459
14.517	452
14.567	440
14.617	428
14.668	422
14.718	412
14.768	411
14.818	410
14.868	408
14.919	415
14.969	425
15.019	429
15.070	441
15.120	447
15.170	464
15.221	478
15.271	485
15.321	500
15.371	502
15.421	514
15.471	518
15.522	510
15.572	516
15.622	510
15.672	497
15.722	492
15.773	476
15.823	466
15.873	453
15.923	435
15.974	427
16.024	417
16.075	407
16.125	403
16.175	399
16.225	400
16.275	405
16.326	410
16.376	420
16.426	431
16.476	440
16.526	456
16.576	465
16.627	483
16.677	496
16.727	499
16.777	513
16.827	518
16.878	515
16.929	518
16.979	507
17.029	509
17.079	500
17.129	483
17.180	477
17.230	463
17.280	448
17.330	439
17.380	424
17.430	419
17.481	413
17.531	405
17.581	407
17.631	409
17.681	410
17.731	420
17.783	425
17.833	439
17.883	450
17.933	457
17.983	472
18.034	482
18.084	487
18.134	499
18.184	496
18.234	507
18.284	506
18.335	497
18.385	499
18.435	492
18.485	483
18.535	476
18.585	462
18.636	456
18.687	448
18.737	436
18.787	433
18.837	428
18.888	424
18.938	426
18.988	423
19.038	430
19.088	435
19.138	437
19.189	449
19.239	456
19.289	461
19.339	472
19.389	472
19.439	483
19.490	487
19.540	485
19.591	490
19.641	487
19.691	482
19.742	480
19.792	467
19.842	466
19.892	460
19.942	449
19.992	447
20.043	441
20.093	435
20.143	435
20.193	430
20.243	436
20.294	439
20.344	438
20.394	447
20.444	454
20.495	460
20.545	468
20.596	469
20.646	482
20.696	486
20.746	486
20.796	492
20.846	490
20.897	487
20.947	485
20.997	474
21.047	473
21.097	465
21.148	451
21.198	448
21.248	441
21.298	432
21.349	429
21.399	422
21.450	423
21.500	423
21.550	422
21.600	430
21.650	435
21.700	442
21.751	453
21.801	457
21.851	472
21.901	481
21.951	485
22.002	497
22.052	496
22.102	506
22.152	507
22.202	499
22.253	501
22.304	495
22.354	482
22.404	478
22.454	465
22.504	454
22.554	445
22.605	431
22.655	426
22.705	419
22.755	411
22.805	411
22.856	414
22.906	410
22.956	416
23.006	420
23.056	432
23.106	443
23.158	451
23.208	465
23.258	473
23.308	487
23.358	496
23.409	497
23.459	510
23.509	512
23.559	508
23.609	510
23.659	499
23.710	498
23.760	491
23.810	474
23.860	468
23.910	456
23.960	442
24.011	435
24.062	423
24.112	418
24.162	415
24.212	410
24.263	413
24.313	416
24.363	417
24.413	426
24.463	432
24.513	444
24.564	454
24.614	459
24.664	473
24.714	482
24.764	487
24.814	496
24.865	493
24.915	502
24.966	502
25.016	493
25.066	495
25.117	488
25.167	479
25.217	474
25.267	459
25.317	457
25.367	448
25.418	437
25.468	436
25.518	432
25.568	428
25.618	430
25.668	426
25.719	432
25.769	436
25.819	437
25.870	448
25.920	454
25.971	458
26.021	467
26.071	468
26.121	478
26.171	481
26.221	479
26.272	485
26.322	483
26.372	478
26.422	478
26.472	468
26.522	469
26.573	464
26.623	454
26.673	455
26.723	449
26.774	444
26.825	444
26.875	439
26.925	444
26.975	445
27.025	444
27.075	451
27.126	455
27.176	459
27.226	465
27.276	463
27.326	473
27.377	476
27.427	473
27.477	478
27.527	477
27.577	473
27.627	473
27.679	464
27.729	465
27.779	460
27.829	451
27.879	450
27.929	445
27.980	440
28.030	439
28.080	433
28.130	437
28.180	438
28.231	436
28.281	445
28.331	459
28.381	454
28.431	461
28.481	463
28.532	475
28.583	481
28.633	481
28.683	490
28.733	487
28.783	492
28.834	491
28.884	482
28.934	484
28.984	478
29.034	467
29.085	463
29.135	454
29.185	446
29.235	439
29.285	429
29.335	427
29.386	423
29.436	419
29.487	421
29.537	426
29.587	425
29.638	433
29.688	437
29.738	449
29.788	458
29.838	464
29.888	476
29.939	479
29.989	492
30.039	499
30.089	496
30.139	505
30.189	505
30.240	498
30.290	497
30.340	485
30.391	483
30.441	473
30.492	459
30.542	454
30.592	444
30.642	432
30.692	427
30.742	418
30.793	416
30.843	415
30.893	412
30.943	418
30.993	422
31.043	426
31.094	437
31.144	442
31.194	456
31.244	466
31.295	471
31.346	486
31.396	493
31.446	496
31.496	504
31.546	498
31.596	505
31.647	502
31.697	493
31.747	492
31.797	483
31.847	473
31.897	466
31.948	451
31.998	447
32.048	439
32.098	429
32.148	427
32.200	423
32.250	418
32.300	420
32.350	420
32.400	427
32.450	432
32.501	436
32.551	447
32.601	455
32.651	460
32.701	471
32.751	473
32.802	484
32.852	490
32.902	486
32.952	493
33.002	491
33.053	487
33.104	486
33.154	476
33.204	477
33.254	470
33.304	459
33.355	456
33.405	450
33.455	443
33.505	441
33.555	434
33.606	438
33.656	438
33.706	436
33.756	441
33.806	444
33.856	446
33.907	453
33.958	453
34.008	463
34.058	466
34.108	465
34.158	472
34.209	474
34.259	474
34.309	475
34.359	468
34.409	471
34.460	468
34.510	460
34.560	462
34.610	458
34.660	454
34.710	453
34.761	445
34.811	450
34.862	449
34.912	445
34.962	452
35.012	453
35.063	455
35.113	460
35.163	459
35.213	467
35.263	469
35.314	468
35.364	475
35.414	474
35.464	475
35.514	475
35.564	468
35.615	470
35.665	466
35.715	458
35.766	459
35.816	461
35.866	448
35.917	445
35.967	437
36.017	438
36.067	436
36.117	434
36.168	438
36.218	442
36.268	443
36.318	449
36.368	450
36.418	461
36.469	467
36.519	470
36.569	480
36.619	479
36.670	486
36.721	492
36.771	485
36.821	491
36.871	488
36.921	481
36.971	481
37.022	471
37.072	468
37.122	461
37.172	448
37.222	445
37.272	438
37.323	429
37.373	429
37.423	423
37.473	423
37.523	425
37.575	423
37.625	431
37.675	437
37.725	440
37.775	451
37.825	454
37.876	466
37.926	474
37.976	475
38.026	487
38.076	492
38.126	493
38.177	499
38.227	491
38.277	497
38.327	492
38.377	482
38.428	481
38.479	473
38.529	462
38.579	458
38.629	445
38.679	442
38.730	435
38.780	427
38.830	428
38.880	426
38.930	423
38.980	427
39.031	426
39.081	434
39.131	440
39.181	443
39.231	453
39.282	460
39.332	464
39.383	474
39.433	473
39.483	484
39.533	487
39.584	484
39.634	491
39.684	488
39.734	483
39.784	483
39.834	471
39.885	473
39.935	467
39.985	457
40.035	456
40.085	450
40.136	443
40.186	442
40.236	436
40.287	439
40.337	439
40.387	437
40.438	442
40.488	446
40.538	446
40.588	452
40.638	452
40.689	462
40.739	464
40.789	464
40.839	472
40.889	473
40.939	472
40.990	473
41.040	465
41.090	470
41.140	469
41.191	462
41.241	463
41.292	460
41.342	456
41.392	456
41.442	451
41.492	454
41.543	454
41.593	451
41.643	456
41.693	455
41.743	456
41.793	461
41.844	458
41.894	466
41.944	467
41.994	463
42.045	469
42.095	469
42.146	466
42.196	467
42.246	462
42.296	464
42.346	460
42.397	453
42.447	454
42.497	451
42.547	446
42.597	445
42.647	439
42.698	444
42.748	444
42.798	442
42.848	447
42.898	449
42.950	450
43.000	457
43.050	456
43.100	467
43.150	472
43.200	471
43.251	479
43.301	489
43.351	482
43.401	485
43.451	477
43.501	482
43.552	479
43.602	472
43.652	471
43.702	463
43.752	458
43.802	453
43.854	443
43.904	442
43.954	436
44.004	430
44.054	431
44.105	431
44.155	428
44.205	432
44.255	432
44.305	440
44.355	446
44.406	448
44.456	458
44.506	462
44.556	470
44.606	477
44.657	478
44.707	487
44.758	491
44.808	488
44.858	492
44.908	483
44.959	488
45.009	484
45.059	473
45.109	472
45.159	466
45.209	456
45.260	452
45.310	440
45.360	440
45.410	435
45.460	428
45.511	430
45.561	429
45.611	428
45.662	432
45.712	433
45.762	441
45.813	447
45.863	449
45.913	459
45.963	465
46.013	467
46.063	476
46.114	474
46.164	483
46.214	485
46.264	481
46.314	486
46.365	483
46.415	480
46.465	478
46.515	470
46.566	468
46.616	464
46.667	454
46.717	455
46.767	451
46.817	444
46.867	445
46.918	438
46.968	442
47.018	441
47.068	440
47.118	444
47.168	447
47.219	447
47.269	453
47.319	452
47.369	458
47.419	462
47.470	460
47.521	467
47.571	469
47.621	467
47.671	471
47.721	464
47.772	469
47.822	467
47.872	461
47.922	465
47.972	463
48.022	460
48.073	461
48.123	454
48.173	459
48.223	459
48.273	453
48.323	459
48.375	459
48.425	457
48.475	461
48.525	457
48.575	463
48.626	464
48.676	459
48.726	463
48.776	462
48.826	460
48.876	460
48.927	454
48.977	457
49.027	455
49.077	449
49.127	451
49.177	450
49.228	446
49.279	449
49.329	445
49.379	449
49.429	450
49.480	448
49.530	454
49.580	463
49.630	460
49.680	464
49.730	462
49.781	472
49.831	474
49.881	472
49.931	478
49.981	475
50.031	478
50.082	479
50.132	470
50.183	473
50.233	470
50.283	462
50.334	462
50.384	456
50.434	451
50.484	447
50.534	440
50.584	441
50.635	438
50.685	433
50.735	436
50.785	436
50.835	436
50.886	441
50.936	440
50.986	448
51.036	454
51.087	456
51.137	465
51.188	468
51.238	475
51.288	481
51.338	477
51.388	487
51.438	487
51.489	484
51.539	486
51.589	479
51.639	480
51.689	476
51.740	466
51.790	466
51.840	459
51.890	450
51.941	448
51.991	437
52.042	437
52.092	435
52.142	429
52.192	432
52.242	432
52.292	431
52.343	436
52.393	436
52.443	445
52.493	450
52.543	452
52.594	462
52.644	467
52.694	470
52.744	478
52.794	476
52.845	484
52.896	487
52.946	481
52.996	487
53.046	484
53.096	478
53.146	477
53.197	467
53.247	468
53.297	462
53.347	451
53.397	451
53.448	447
53.498	440
53.548	440
53.598	435
53.648	437
53.698	437
53.750	434
53.800	440
53.850	443
53.900	444
53.950	450
54.001	450
54.051	459
54.101	463
54.151	463
54.201	470
54.251	473
54.302	474
54.352	476
54.402	472
54.452	476
54.502	476
54.552	468
54.603	472
54.654	469
54.704	464
54.754	463
54.804	456
54.855	459
54.905	456
54.955	450
55.005	453
55.055	451
55.105	449
55.156	450
55.206	445
55.256	451
55.306	452
55.356	448
55.406	453
55.457	454
55.507	454
55.558	457
55.608	454
55.658	459
55.709	460
55.759	457
55.809	461
55.859	461
55.909	460
55.959	462
56.010	458
56.060	464
56.110	464
56.160	459
56.210	465
56.260	464
56.311	464
56.361	466
56.411	461
56.462	466
56.512	467
56.563	464
56.613	466
56.663	463
56.713	463
56.763	464
56.813	457
56.864	461
56.914	459
56.964	452
57.014	454
57.064	451
57.114	448
57.165	449
57.215	444
57.265	447
57.315	447
57.366	444
57.417	448
57.467	449
57.517	450
57.567	454
57.617	452
57.667	460
57.718	463
57.768	463
57.818	469
57.868	470
57.918	475
57.969	477
58.019	473
58.069	478
58.119	479
58.169	474
58.219	474
58.271	468
58.321	468
58.371	465
58.421	456
58.471	458
58.521	453
58.572	445
58.622	445
58.672	437
58.722	440
58.772	439
58.823	434
58.873	439
58.923	440
58.973	439
59.023	446
59.073	445
59.124	454
59.175	458
59.225	458
59.275	468
59.325	472
59.375	474
59.426	479
59.476	476
59.526	482
59.576	483
59.626	477
59.677	481
59.727	478
59.777	473
59.827	471
59.877	462
59.927	463
59.978	458
60.028	449
60.079	449
60.129	445
60.179	439
60.230	440
60.280	434
60.330	438
60.380	439
60.430	437
60.480	443
60.531	445
60.581	448
60.631	453
60.681	452
60.731	463
60.781	466
60.832	464
60.882	474
60.932	475
60.983	476
61.033	479
61.084	475
61.134	480
61.184	478
61.234	472
61.284	473
61.334	470
61.385	464
61.435	464
61.485	454
61.535	457
61.585	453
61.635	448
61.686	449
61.736	447
61.786	444
61.836	444
61.887	440
61.938	446
61.988	447
62.038	445
62.088	450
62.138	452
62.188	453
62.239	458
62.289	456
62.339	463
62.389	465
62.439	463
62.489	469
62.540	469
62.590	468
62.640	471
62.690	466
62.740	471
62.792	471
62.842	466
62.892	470
62.942	467
62.992	465
63.042	464
63.093	457
63.143	461
63.193	459
63.243	454
63.293	457
63.343	462
63.394	450
63.444	451
63.494	447
63.544	450
63.594	450
63.645	446
63.696	450
63.746	459
63.796	450
63.846	452
63.896	449
63.947	455
63.997	458
64.047	454
64.097	461
64.147	462
64.198	464
64.248	468
64.298	465
64.348	471
64.398	473
64.448	470
64.499	474
64.550	470
64.600	471
64.650	470
64.700	463
64.750	468
64.801	465
64.851	459
64.901	459
64.951	455
65.001	453
65.052	454
65.102	445
65.152	448
65.202	445
65.252	442
65.302	445
65.353	443
65.403	444
65.454	446
65.504	443
65.554	451
65.604	454
65.655	454
65.705	461
65.755	459
65.805	466
65.855	470
65.906	467
65.956	475
66.006	476
66.056	474
66.106	477
66.156	471
66.207	476
66.257	473
66.307	468
66.358	470
66.408	466
66.458	459
66.509	459
66.559	450
66.609	453
66.659	449
66.709	443
66.760	444
66.810	442
66.860	439
66.910	442
66.960	438
67.010	445
67.061	446
67.111	445
67.161	452
67.211	455
67.262	456
67.313	463
67.363	461
67.413	469
67.463	472
67.513	469
67.563	476
67.614	477
67.664	475
67.714	478
67.764	471
67.814	475
67.864	473
67.915	465
67.965	466
68.015	463
68.065	458
68.115	458
68.167	449
68.217	450
68.267	448
68.317	442
68.367	444
68.417	443
68.468	441
68.518	444
68.568	441
68.618	447
68.668	449
68.718	448
68.769	455
68.819	457
68.869	458
68.919	464
68.969	462
69.020	470
69.071	473
69.121	469
69.171	475
69.221	475
69.271	473
69.322	476
69.372	469
69.422	473
69.472	470
69.522	465
69.572	466
69.623	462
69.673	458
69.723	456
69.773	449
69.823	452
69.874	451
69.924	446
69.975	447
70.025	446
70.075	444
70.125	447
70.176	443
70.226	449
70.276	450
70.326	448
70.376	454
70.426	461
70.477	456
70.527	461
70.577	458
70.627	466
70.677	468
70.728	465
70.778	471
70.828	468
70.879	471
70.929	472
70.979	466
71.030	471
71.080	471
71.130	465
71.180	468
71.230	464
71.281	463
71.331	462
71.381	454
71.431	458
71.481	455
71.531	450
71.582	453
71.632	447
71.682	448
71.732	449
71.783	444
71.833	448
71.884	448
71.934	446
71.984	451
72.034	447
72.084	451
72.135	456
72.185	453
72.235	461
72.285	462
72.335	461
72.385	467
72.436	463
72.486	470
72.536	472
72.586	468
72.637	474
72.687	474
72.738	470
72.788	472
72.838	468
72.888	469
72.938	467
72.989	459
73.039	461
73.089	458
73.139	451
73.189	453
73.239	445
73.290	448
73.340	446
73.390	441
73.440	444
73.490	444
73.542	440
73.592	446
73.642	442
73.692	449
73.742	453
73.792	452
73.843	460
73.893	463
73.943	464
73.993	469
74.043	466
74.093	474
74.144	476
74.194	473
74.244	478
74.294	477
74.344	474
74.394	474
74.446	466
74.496	471
74.546	468
74.596	459
74.646	460
74.697	456
74.747	450
74.797	450
74.847	442
74.897	445
74.947	444
74.998	438
75.048	443
75.098	443
75.148	441
75.198	446
75.249	444
75.299	450
75.350	454
75.400	453
75.450	461
75.500	464
75.551	466
75.601	470
75.651	469
75.701	476
75.751	478
75.801	474
75.852	478
75.902	476
75.952	473
76.002	474
76.052	464
76.103	467
76.153	464
76.203	457
76.254	457
76.304	454
76.354	449
76.405	449
76.455	441
76.505	445
76.555	444
76.605	440
76.655	443
76.706	445
76.756	444
76.806	448
76.856	446
76.906	454
76.957	456
77.007	455
77.057	463
77.107	464
77.158	466
77.208	471
77.259	468
77.309	474
77.359	475
77.409	472
77.459	475
77.510	474
77.560	472
77.610	471
77.660	464
77.710	466
77.760	464
77.811	458
77.861	459
77.911	455
77.961	452
78.011	452
78.062	444
78.113	448
78.163	447
78.213	443
78.263	447
78.313	447
78.364	446
78.414	450
78.464	447
78.514	453
78.564	455
78.614	453
78.665	460
78.715	460
78.765	464
78.815	468
78.865	464
78.915	471
78.967	472
79.017	469
79.067	474
79.117	470
79.167	472
79.218	472
79.268	466
79.318	469
79.368	467
79.418	461
79.468	463
79.519	455
79.569	456
79.619	455
79.669	448
79.719	450
79.769	448
79.820	443
79.871	446
79.921	440
79.971	445
80.021	447
80.072	444
80.122	450
80.172	451
80.222	451
80.272	457
80.322	455
80.373	462
80.423	466
80.473	464
80.523	471
80.573	473
80.623	471
80.674	475
80.724	470
80.775	476
80.825	476
80.875	469
80.926	472
80.976	470
81.026	464
81.076	464
81.126	456
81.176	458
81.227	455
81.277	448
81.327	450
81.377	447
81.427	442
81.478	445
81.528	441
81.578	444
81.628	445
81.679	442
81.729	449
81.780	450
81.830	450
81.880	456
81.930	455
81.980	463
82.030	466
82.081	463
82.131	471
82.181	472
82.231	471
82.281	475
82.332	470
82.382	476
82.432	475
82.482	468
82.533	472
82.583	470
82.634	464
82.684	465
82.734	457
82.784	458
82.834	456
82.884	449
82.935	451
82.985	449
83.035	445
83.085	446
83.135	441
83.186	446
83.236	447
83.286	443
83.336	448
83.386	450
83.437	450
83.488	455
83.538	452
83.588	461
83.638	463
83.688	461
83.738	468
83.789	469
83.839	469
83.889	472
83.939	468
83.989	474
84.040	473
84.090	468
84.140	472
84.190	469
84.240	467
84.290	466
84.342	459
84.392	462
84.442	459
84.492	452
84.542	455
84.593	452
84.643	449
84.693	449
84.743	444
84.793	448
84.843	447
84.894	445
84.944	449
84.994	448
85.044	449
85.094	452
85.144	451
85.195	457
85.246	459
85.296	458
85.346	464
85.396	463
85.447	466
85.497	469
85.547	466
85.597	473
85.647	472
85.697	469
85.748	473
85.798	469
85.848	471
85.898	470
85.948	463
85.998	465
86.049	463
86.099	457
86.150	459
86.200	455
86.250	453
86.301	452
86.351	445
86.401	449
86.451	447
86.501	444
86.551	446
86.602	443
86.652	446
86.702	449
86.752	446
86.802	453
86.852	455
86.903	454
86.953	461
87.003	458
87.054	465
87.104	469
87.155	465
87.205	472
87.255	473
87.305	471
87.355	474
87.405	469
87.456	474
87.506	472
87.556	467
87.606	469
87.656	466
87.706	460
87.757	460
87.807	453
87.857	455
87.907	453
87.958	446
88.009	448
88.059	447
88.109	442
88.159	446
88.209	441
88.259	446
88.310	447
88.360	445
88.410	451
88.460	453
88.510	453
88.561	459
88.611	456
88.661	465
88.711	467
88.761	465
88.811	472
88.863	472
88.913	472
88.963	475
89.013	470
89.063	475
89.113	474
89.164	468
89.214	470
89.264	467
89.314	464
89.364	463
89.415	455
89.465	458
89.515	454
89.565	448
89.615	450
89.665	448
89.716	446
89.767	447
89.817	442
89.867	446
89.917	447
89.967	445
90.018	451
90.068	452
90.118	452
90.168	456
90.218	453
90.269	462
90.319	464
90.369	462
90.419	468
90.469	469
90.519	470
90.570	473
90.620	468
90.671	474
90.721	473
90.771	468
90.822	471
90.872	468
90.922	466
90.972	466
91.022	457
91.072	461
91.123	458
91.173	452
91.223	454
91.273	451
91.323	448
91.373	448
91.424	443
91.474	446
91.524	447
91.575	444
91.625	448
91.676	455
91.726	450
91.776	453
91.826	451
91.876	458
91.926	460
91.977	459
92.027	465
92.077	465
92.127	468
92.177	471
92.227	467
92.278	473
92.328	473
92.378	470
92.428	473
92.479	469
92.530	470
92.580	469
92.630	462
92.680	465
92.730	462
92.780	456
92.831	457
92.881	454
92.931	452
92.981	450
93.031	444
93.081	447
93.132	445
93.182	443
93.232	447
93.282	444
93.332	448
93.384	450
93.434	448
93.484	455
93.534	457
93.584	457
93.634	462
93.685	459
93.735	468
93.785	470
93.835	467
93.885	474
93.935	474
93.986	471
94.036	476
94.086	468
94.136	474
94.186	471
94.237	465
94.288	467
94.338	464
94.388	459
94.438	459
94.488	451
94.539	453
94.589	451
94.639	445
94.689	446
94.739	445
94.790	442
94.840	445
94.890	441
94.940	447
94.990	448
95.040	446
95.091	453
95.142	456
95.192	456
95.242	461
95.292	460
95.342	467
95.393	469
95.443	467
95.493	474
95.543	475
95.593	472
95.644	476
95.694	470
95.744	474
95.794	472
95.844	466
95.894	468
95.945	464
95.995	459
96.046	459
96.096	452
96.146	453
96.196	451
96.247	444
96.297	447
96.347	447
96.397	444
96.447	445
96.498	441
96.548	446
96.598	448
96.648	446
96.698	452
96.748	453
96.799	454
96.849	459
96.899	458
96.950	465
97.000	468
97.050	466
97.101	472
97.151	472
97.201	472
97.251	474
97.301	469
97.352	474
97.402	472
97.452	466
97.502	468
97.552	465
97.602	462
97.653	461
97.703	454
97.753	456
97.803	454
97.854	448
97.905	450
97.955	448
98.005	445
98.055	446
98.105	443
98.155	447
98.206	448
98.256	446
98.306	451
98.356	461
98.406	453
98.456	456
98.507	455
98.557	461
98.607	464
98.657	462
98.707	470
98.759	478
98.809	471
98.859	473
98.909	468
98.959	474
99.009	474
99.060	468
99.110	471
99.160	466
99.210	466
99.260	464
99.310	458
99.361	460
99.411	457
99.461	450
99.511	453
99.561	447
99.612	448
99.663	448
99.713	442
99.763	445
99.813	445
99.863	443
99.914	448
99.964	447
100.014	451
100.064	454
100.114	452
100.164	460
100.215	463
100.265	463
100.315	468
100.365	465
100.415	472
100.466	474
100.516	469
100.567	475
100.617	475
100.667	471
100.717	473
100.768	466
100.818	470
100.868	468
100.918	459
100.968	462
101.018	458
101.069	452
101.119	452
101.169	444
101.219	446
101.269	445
101.320	441
101.370	444
101.420	446
101.471	442
101.521	446
101.571	442
101.622	450
101.672	453
101.722	452
101.772	459
101.822	462
101.873	461
101.923	469
101.973	466
102.023	474
102.073	475
102.123	473
102.174	477
102.224	476
102.274	473
102.324	475
102.375	467
102.425	470
102.476	468
102.526	459
102.576	460
102.626	457
102.676	450
102.727	451
102.777	444
102.827	446
102.877	444
102.927	439
102.977	444
103.028	443
103.078	442
103.128	447
103.178	444
103.229	451
103.279	454
103.330	453
103.380	459
103.430	462
103.480	463
103.530	468
103.581	464
103.631	472
103.681	474
103.731	470
103.781	475
103.831	474
103.882	471
103.932	473
103.982	466
104.032	469
104.082	466
104.134	459
104.184	462
104.234	458
104.284	454
104.334	454
104.384	447
104.435	451
104.485	449
104.535	444
104.585	447
104.635	449
104.685	446
104.736	448
104.786	446
104.836	452
104.886	454
104.936	452
104.986	457
105.038	459
105.088	458
105.138	463
105.188	460
105.238	467
105.289	469
105.339	466
105.389	471
105.439	470
105.489	471
105.539	471
105.590	466
105.640	470
105.690	469
105.740	464
105.790	466
105.841	469
105.891	460
105.942	460
105.992	452
106.042	455
106.092	452
106.143	448
106.193	450
106.243	447
106.293	446
106.343	448
106.393	444
106.444	448
106.494	448
106.544	448
106.594	453
106.644	453
106.695	453
106.745	459
106.795	457
106.846	465
106.896	466
106.946	465
106.997	471
107.047	470
107.097	473
107.147	475
107.197	471
107.247	476
107.298	474
107.348	469
107.398	470
107.448	463
107.498	464
107.549	463
107.599	454
107.649	456
107.699	453
107.750	447
107.800	447
107.851	441
107.901	443
107.951	443
108.001	439
108.051	445
108.102	446
108.152	444
108.202	448
108.252	448
108.302	456
108.352	460
108.403	458
108.453	466
108.503	469
108.553	470
108.603	475
108.654	471
108.705	478
108.755	478
108.805	473
108.855	478
108.905	475
108.956	470
109.006	471
109.056	462
109.106	464
109.156	459
109.206	451
109.257	452
109.307	449
109.357	444
109.407	444
109.457	437
109.507	441
109.559	442
109.609	439
109.659	444
109.709	446
109.759	446
109.810	452
109.860	451
109.910	459
109.960	462
110.010	461
110.060	469
110.111	471
110.161	472
110.211	477
110.261	472
110.311	477
110.361	477
110.412	471
110.463	476
110.513	472
110.563	468
110.613	468
110.664	460
110.714	462
110.764	458
110.814	450
110.864	452
110.914	449
110.965	445
111.015	446
111.065	441
111.115	444
111.165	445
111.215	442
111.266	447
111.316	448
111.367	450
111.417	454
111.467	453
111.518	460
111.568	461
111.618	459
111.668	467
111.718	468
111.768	468
111.819	472
111.869	468
111.919	473
111.969	473
112.019	468
112.070	472
112.120	470
112.170	467
112.220	466
112.271	460
112.321	463
112.372	460
112.422	454
112.472	456
112.522	453
112.572	450
112.622	451
112.673	445
112.723	449
112.773	447
112.823	445
112.873	448
112.924	448
112.974	448
113.024	451
113.074	448
113.125	456
113.175	457
113.226	457
113.276	462
113.326	463
113.376	466
113.426	470
113.476	466
113.527	472
113.577	473
113.627	470
113.677	473
113.727	470
113.778	470
113.828	471
113.878	464
113.928	467
113.978	465
114.029	458
114.080	460
114.130	455
114.180	452
114.230	451
114.280	444
114.330	447
114.381	447
114.431	442
114.481	446
114.531	445
114.581	446
114.632	448
114.682	446
114.732	452
114.782	454
114.832	454
114.882	462
114.934	459
114.984	467
115.034	470
115.084	467
115.134	475
115.185	476
115.235	473
115.285	478
115.335	470
115.385	476
115.435	474
115.486	468
115.536	469
115.586	465
115.636	459
115.686	459
115.736	450
115.787	452
115.838	449
115.888	443
115.938	445
115.988	443
116.039	439
116.089	442
116.139	440
116.189	444
116.239	447
116.289	445
116.340	453
116.390	455
116.440	456
116.490	463
116.540	462
116.590	469
116.641	473
116.691	470
116.742	477
116.792	477
116.842	475
116.893	477
116.943	470
116.993	476
117.043	472
117.093	466
117.143	468
117.194	463
117.244	458
117.294	457
117.344	449
117.394	451
117.444	448
117.495	443
117.545	445
117.595	444
117.646	442
117.696	445
117.747	441
117.797	446
117.847	449
117.897	448
117.947	455
117.997	456
118.048	457
118.098	463
118.148	463
118.198	468
118.248	470
118.298	468
118.349	474
118.399	473
118.449	473
118.499	475
118.550	468
118.601	472
118.651	471
118.701	465
118.751	467
118.801	463
118.851	458
118.902	458
118.952	451
119.002	454
119.052	451
119.102	445
119.153	448
119.203	447
119.253	445
119.303	447
119.353	443
119.403	448
119.455	450
119.505	447
119.555	453
119.605	465
119.655	457
119.705	461
119.756	458
119.806	465
119.856	468
119.906	466
119.956	472
120.007	470
120.057	473
120.107	475
120.157	470
120.207	474
120.257	473
120.308	467
120.359	469
120.409	464
120.459	461
120.509	461
120.559	453
120.610	456
120.660	452
120.710	446
120.760	448
120.810	446
120.861	444
120.911	445
120.961	441
121.011	445
121.061	447
121.111	445
121.162	450
121.212	447
121.263	454
121.313	460
121.363	458
121.414	466
121.464	468
121.514	467
121.564	474
121.614	469
121.664	477
121.715	477
121.765	472
121.815	477
121.865	475
121.915	469
121.965	469
122.016	462
122.066	464
122.116	460
122.167	452
122.217	453
122.268	450
122.318	444
122.368	445
122.418	439
122.468	442
122.518	442
122.569	439
122.619	444
122.669	445
122.719	445
122.769	450
122.819	450
122.870	458
122.920	462
122.970	460
123.020	469
123.071	472
123.122	472
123.172	477
123.222	472
123.272	479
123.322	479
123.372	474
123.423	477
123.473	473
123.523	469
123.573	468
123.623	459
123.673	461
123.724	458
123.774	450
123.824	450
123.874	447
123.924	444
123.976	444
124.026	438
124.076	443
124.126	443
124.176	439
124.226	445
124.277	448
124.327	449
124.377	453
124.427	452
124.477	460
124.527	465
124.578	464
124.628	470
124.678	472
124.728	473
124.778	477
124.829	470
124.880	477
124.930	477
124.980	471
125.030	473
125.080	471
125.131	466
125.181	465
125.231	457
125.281	458
125.331	456
125.382	448
125.432	450
125.482	447
125.532	444
125.582	445
125.632	441
125.683	444
125.734	445
125.784	444
125.834	448
125.884	450
125.934	451
125.985	456
126.035	453
126.085	461
126.135	465
126.185	463
126.236	469
126.286	471
126.336	472
126.386	474
126.436	469
126.486	475
126.537	474
126.587	468
126.638	472
126.688	468
126.738	466
126.788	466
126.839	458
126.889	460
126.939	457
126.989	452
127.039	452
127.090	450
127.140	447
127.190	447
127.240	441
127.290	446
127.340	446
127.391	443
127.441	448
127.491	447
127.542	451
127.592	455
127.642	453
127.693	462
127.743	462
127.793	462
127.843	469
127.893	468
127.944	471
127.994	474
128.044	470
128.094	475
128.144	475
128.194	472
128.245	473
128.295	465
128.345	468
128.395	466
128.446	459
128.497	460
128.547	458
128.597	452
128.647	452
128.697	445
128.747	447
128.798	447
128.848	440
128.898	445
128.948	444
128.998	442
129.048	447
129.099	444
129.149	451
129.199	454
129.249	452
129.299	459
129.351	463
129.401	463
129.451	469
129.501	467
129.551	474
129.601	476
129.652	472
129.702	476
129.752	476
129.802	473
129.852	475
129.902	467
129.953	469
130.003	467
130.053	459
130.103	460
130.153	456
130.204	450
130.255	450
130.305	442
130.355	445
130.405	443
130.455	439
130.506	443
130.556	442
130.606	441
130.656	447
130.706	445
130.756	452
130.807	455
130.857	455
130.907	462
130.957	465
131.007	467
131.058	473
131.108	469
131.159	477
131.209	478
131.259	474
131.309	479
131.360	478
131.410	474
131.460	474
131.510	464
131.560	466
131.610	463
131.661	457
131.711	457
131.761	453
131.811	448
131.861	448
131.912	440
131.962	443
132.012	442
132.063	438
132.113	443
132.163	443
132.214	444
132.264	448
132.314	447
132.364	455
132.414	458
132.465	458
132.515	466
132.565	468
132.615	470
132.665	474
132.715	472
132.766	478
132.816	477
132.866	473
132.916	477
132.967	474
133.017	471
133.068	470
133.118	463
133.168	464
133.218	461
133.268	453
133.319	454
133.369	451
133.419	446
133.469	446
133.519	441
133.569	444
133.620	444
133.670	441
133.720	445
133.770	446
133.821	446
133.871	451
133.922	449
133.972	457
134.022	460
134.072	459
134.122	466
134.173	472
134.223	470
134.273	473
134.323	468
134.373	476
134.423	475
134.474	472
134.524	474
134.574	470
134.624	469
134.674	468
134.726	460
134.776	465
134.826	461
134.876	455
134.926	456
134.976	453
135.027	450
135.077	450
135.127	444
135.177	448
135.227	446
135.277	443
135.328	448
135.378	447
135.428	450
135.478	451
135.528	448
135.578	456
135.630	459
135.680	457
135.730	463
135.780	463
135.830	467
135.881	469
135.931	466
135.981	472
136.031	473
136.081	470
136.131	473
136.182	466
136.232	472
136.282	471
136.332	464
136.382	466
136.433	463
136.483	457
136.534	458
136.584	451
136.634	454
136.684	452
136.735	446
136.785	448
136.835	447
136.885	444
136.935	446
136.985	443
137.036	448
137.086	448
137.136	446
137.186	453
137.236	455
137.287	455
137.337	460
137.387	457
137.438	466
137.488	469
137.538	466
137.589	473
137.639	474
137.689	473
137.739	476
137.789	470
137.839	475
137.890	472
137.940	467
137.990	469
138.040	466
138.090	460
138.141	460
138.191	452
138.241	453
138.291	450
138.342	443
138.392	446
138.443	444
138.493	440
138.543	443
138.593	439
138.643	445
138.694	446
138.744	444
138.794	451
138.844	455
138.894	456
138.944	461
138.995	460
139.045	468
139.095	472
139.145	469
139.195	476
139.246	476
139.297	475
139.347	477
139.397	472
139.447	476
139.497	473
139.548	466
139.598	469
139.648	465
139.698	460
139.748	458
139.798	450
139.849	451
139.899	449
139.949	443
139.999	445
140.049	444
140.099	442
140.151	444
140.201	441
140.251	446
140.301	448
140.351	447
140.402	455
140.452	456
140.502	458
140.552	462
140.602	462
140.652	469
140.703	472
140.753	469
140.803	474
140.853	472
140.903	473
140.953	476
141.004	469
141.055	473
141.105	471
141.155	465
141.205	466
141.256	461
141.306	459
141.356	458
141.406	452
141.456	453
141.506	450
141.557	445
141.607	448
141.657	446
141.707	445
141.757	446
141.807	443
141.858	448
141.908	449
141.959	448
142.009	454
142.059	455
142.110	458
142.160	461
142.210	459
142.260	467
142.310	469
142.360	468
142.411	473
142.461	467
142.511	473
142.561	474
142.611	469
142.662	473
142.712	472
142.762	467
142.812	467
142.863	461
142.913	462
142.964	460
143.014	453
143.064	454
143.114	453
143.164	448
143.214	448
143.265	442
143.315	446
143.365	446
143.415	443
143.465	447
143.516	447
143.566	447
143.616	452
143.666	449
143.717	457
143.767	459
143.818	457
143.868	465
143.918	467
143.968	467
144.018	472
144.068	468
144.119	476
144.169	475
144.219	471
144.269	475
144.319	473
144.370	469
144.420	470
144.470	462
144.520	465
144.570	462
144.621	454
144.672	455
144.722	452
144.772	446
144.822	447
144.872	441
144.922	445
144.973	444
145.023	441
145.073	445
145.123	446
145.173	445
145.224	450
145.274	447
145.324	456
145.374	459
145.424	459
145.474	466
145.526	469
145.576	468
145.626	474
145.676	470
145.726	477
145.777	478
145.827	472
145.877	477
145.927	474
145.977	470
146.027	471
146.078	462
146.128	463
146.178	461
146.228	453
146.278	453
146.328	450
146.379	446
146.430	446
146.480	439
146.530	443
146.580	443
146.631	439
146.681	444
146.731	446
146.781	447
146.831	451
146.881	449
146.932	458
146.982	461
147.032	461
147.082	468
147.132	469
147.182	472
147.233	475
147.283	472
147.334	477
147.384	477
147.434	473
147.485	476
147.535	472
147.585	469
147.635	469
147.685	459
147.735	462
147.786	458
147.836	451
147.886	452
147.936	449
147.986	446
148.036	446
148.087	440
148.137	445
148.187	443
148.238	442
148.288	445
148.339	447
148.389	449
148.439	452
148.489	452
148.539	458
148.589	463
148.640	460
148.690	468
148.740	468
148.790	472
148.840	474
148.890	472
148.941	476
148.991	476
149.041	472
149.091	474
149.142	469
149.193	469
149.243	468
149.293	460
149.343	461
149.393	459
149.443	452
149.494	453
149.544	447
149.594	448
149.644	447
149.694	442
149.745	446
149.795	445
149.845	443
149.895	447
149.945	444
149.995	450
150.047	453
150.097	450
150.147	458
150.197	461
150.247	460
150.297	467
150.348	463
150.398	471
150.448	473
150.498	468
150.548	476
150.599	474
150.649	471
150.699	474
150.749	466
150.799	471
150.849	467
150.900	460
150.951	464
151.001	460
151.051	455
151.101	455
151.151	447
151.202	450
151.252	449
151.302	444
151.352	446
151.402	445
151.453	443
151.503	446
151.553	444
151.603	449
151.653	451
151.703	450
151.754	457
151.804	459
151.855	460
151.905	465
151.955	463
152.006	472
152.056	473
152.106	470
152.156	476
152.206	475
152.256	474
152.307	476
152.357	469
152.407	472
152.457	470
152.507	462
152.557	464
152.608	460
152.658	456
152.708	455
152.759	447
152.809	450
152.860	446
152.910	442
152.960	444
153.010	443
153.060	442
153.110	445
153.161	441
153.211	448
153.261	451
153.311	450
153.361	457
153.411	459
153.462	461
153.512	466
153.562	465
153.612	473
153.663	474
153.714	472
153.764	478
153.814	475
153.864	476
153.914	476
153.964	469
154.015	473
154.065	469
154.115	462
154.165	464
154.215	468
154.265	455
154.316	453
154.366	446
154.416	448
154.466	445
154.516	440
154.568	444
154.618	449
154.668	442
154.718	445
154.768	443
154.818	449
154.869	452
154.919	451
154.969	458
155.019	459
155.069	464
155.119	468
155.170	465
155.220	473
155.270	475
155.320	472
155.370	477
155.421	473
155.472	474
155.522	475
155.572	468
155.622	471
155.672	467
155.723	462
155.773	462
155.823	457
155.873	456
155.923	452
155.974	446
156.024	449
156.074	447
156.124	443
156.174	446
156.224	443
156.275	446
156.326	447
156.376	444
156.426	451
156.476	453
156.526	452
156.577	458
156.627	455
156.677	463
156.727	466
156.777	464
156.828	469
156.878	471
156.928	468
156.978	472
157.028	467
157.078	473
157.129	472
157.179	467
157.230	469
157.280	468
157.330	462
157.380	464
157.431	456
157.481	460
157.531	457
157.581	451
157.631	453
157.682	452
157.732	448
157.782	450
157.832	445
157.882	448
157.932	448
157.983	445
158.033	449
158.083	451
158.134	449
158.184	454
158.234	451
158.285	458
158.335	460
158.385	458
158.435	465
158.485	466
158.536	466
158.586	470
158.636	466
158.686	472
158.736	473
158.786	466
158.837	473
158.887	471
158.937	468
158.987	468
159.038	460
159.089	465
159.139	462
159.189	456
159.239	457
159.289	455
159.339	451
159.390	451
159.440	445
159.490	448
159.540	447
159.590	443
159.640	447
159.691	448
159.741	446
159.791	450
159.841	446
159.891	453
159.943	456
159.993	454
160.043	461
160.093	462
160.143	464
160.193	468
160.244	464
160.294	474
160.344	474
160.394	471
160.444	475
160.494	474
160.545	471
160.595	473
160.645	464
160.695	468
160.745	465
160.796	459
160.847	460
160.897	457
160.947	453
160.997	452
161.047	444
161.098	448
161.148	446
161.198	441
161.248	445
161.298	445
161.348	445
161.399	448
161.449	445
161.499	451
161.549	454
161.599	453
161.650	460
161.700	461
161.751	464
161.801	468
161.851	466
161.901	472
161.952	474
162.002	470
162.052	475
162.102	471
162.152	473
162.202	473
162.253	466
162.303	470
162.353	466
162.403	461
162.453	461
162.504	457
162.554	455
162.604	454
162.655	446
162.705	450
162.755	448
162.806	443
162.856	446
162.906	445
162.956	446
163.006	448
163.057	446
163.107	451
163.157	452
163.207	452
163.257	458
163.307	455
163.358	462
163.408	465
163.458	462
163.508	470
163.559	470
163.609	469
163.660	473
163.710	467
163.760	472
163.810	473
163.860	467
163.911	472
163.961	469
164.011	464
164.061	464
164.111	457
164.161	459
164.212	458
164.262	451
164.312	453
164.362	451
164.413	447
164.463	448
164.514	442
164.564	447
164.614	446
164.664	444
164.714	449
164.765	451
164.815	449
164.865	454
164.915	451
164.965	459
165.015	461
165.066	460
165.116	466
165.166	468
165.216	468
165.266	472
165.318	467
165.368	474
165.418	475
165.468	469
165.518	473
165.568	472
165.619	467
165.669	468
165.719	461
165.769	464
165.819	460
165.869	453
165.920	455
165.970	453
166.020	446
166.070	448
166.120	441
166.170	446
166.222	446
166.272	442
166.322	445
166.372	447
166.422	446
166.473	451
166.523	449
166.573	456
166.623	459
166.673	458
166.723	465
166.774	468
166.824	468
166.874	473
166.924	469
166.974	475
167.025	477
167.075	471
167.126	476
167.176	473
167.226	470
167.276	470
167.327	461
167.377	464
167.427	462
167.477	454
167.527	455
167.577	452
167.628	448
167.678	447
167.728	442
167.778	446
167.828	445
167.879	442
167.929	445
167.979	446
168.030	446
168.080	452
168.130	448
168.181	457
168.231	459
168.281	459
168.331	465
168.381	467
168.431	469
168.482	472
168.532	469
168.582	474
168.632	476
168.682	470
168.733	475
168.783	471
168.833	471
168.883	469
168.934	462
168.984	464
169.035	462
169.085	454
169.135	456
169.185	453
169.235	450
169.286	449
169.336	443
169.386	446
169.436	445
169.486	441
169.536	446
169.587	447
169.637	448
169.687	450
169.737	449
169.787	454
169.838	458
169.889	456
169.939	463
169.989	463
170.039	468
170.089	470
170.140	467
170.190	473
170.240	475
170.290	470
170.340	475
170.390	469
170.441	473
170.491	470
170.541	464
170.591	466
170.641	464
170.691	459
170.743	459
170.793	453
170.843	453
170.893	452
170.943	446
170.994	449
171.044	447
171.094	444
171.144	447
171.194	442
171.244	448
171.295	449
171.345	447
171.395	453
171.445	455
171.495	452
171.545	459
171.596	457
171.647	464
171.697	466
171.747	465
171.797	470
171.848	471
171.898	470
171.948	471
171.998	467
172.048	471
172.098	473
172.149	465
172.199	469
172.249	467
172.299	463
172.349	463
172.399	455
172.450	459
172.500	456
172.551	449
172.601	452
172.651	450
172.702	446
172.752	448
172.802	443
172.852	447
172.902	447
172.952	444
173.003	449
173.053	451
173.103	450
173.153	455
173.203	453
173.254	460
173.304	463
173.354	460
173.404	467
173.455	468
173.505	469
173.556	472
173.606	467
173.656	474
173.706	474
173.756	469
173.806	472
173.857	471
173.907	466
173.957	467
174.007	460
174.057	463
174.108	460
174.158	452
174.208	454
174.258	451
174.309	448
174.359	448
174.410	443
174.460	446
174.510	446
174.560	443
174.610	447
174.660	447
174.711	447
174.761	452
174.811	450
174.861	457
174.911	460
174.962	459
175.012	465
175.062	468
175.112	469
175.162	472
175.213	469
175.264	476
175.314	476
175.364	471
175.414	476
175.464	472
175.514	471
175.565	470
175.615	463
175.665	464
175.715	461
175.765	454
175.816	456
175.866	465
175.916	448
175.966	448
176.016	442
176.066	444
176.118	444
176.168	440
176.218	446
176.268	447
176.318	446
176.369	450
176.419	450
176.469	456
176.519	460
176.569	458
176.619	465
176.670	467
176.720	468
176.770	474
176.820	469
176.870	476
176.920	476
176.971	472
177.022	476
177.072	472
177.122	472
177.172	471
177.223	462
177.273	465
177.323	461
177.373	454
177.423	455
177.473	447
177.524	450
177.574	448
177.624	442
177.674	445
177.724	445
177.774	443
177.825	446
177.875	441
177.926	449
177.976	451
178.026	449
178.077	455
178.127	460
178.177	457
178.227	465
178.277	461
178.327	468
178.378	471
178.428	467
178.478	473
178.528	473
178.578	470
178.628	474
178.679	467
178.729	471
178.779	469
178.830	463
178.880	466
178.931	463
178.981	457
179.031	458
179.081	451
179.131	454
179.181	452
179.232	446
179.282	449
179.332	448
179.382	445
179.432	447
179.482	443
179.533	449
179.583	450
179.633	448
179.683	454
179.734	455
179.785	455
179.835	459
179.885	457
179.935	464
179.985	466
180.035	463
180.086	471
180.136	471
180.186	470
180.236	473
180.286	468
180.337	473
180.387	472
180.437	466
180.487	469
180.537	467
180.587	463
180.639	462
180.689	455
180.739	458
180.789	454
180.839	448
180.889	450
180.940	447
180.990	445
181.040	446
181.090	441
181.140	445
181.191	446
181.241	444
181.291	450
181.341	451
181.391	452
181.441	456
181.492	456
181.543	462
181.593	465
181.643	465
181.693	470
181.743	472
181.794	473
181.844	476
181.894	470
181.944	476
181.994	475
182.045	469
182.095	472
182.145	468
182.195	466
182.245	464
182.295	456
182.346	458
182.396	454
182.447	448
182.497	449
182.547	446
182.598	444
182.648	443
182.698	439
182.748	444
182.798	444
182.848	443
182.899	447
182.949	450
182.999	452
183.049	458
183.099	455
183.149	464
183.200	466
183.250	466
183.300	473
183.351	471
183.401	475
183.452	477
183.502	472
183.552	477
183.602	476
183.652	470
183.702	472
183.753	463
183.803	465
183.853	463
183.903	455
183.953	457
184.003	453
184.054	448
184.104	448
184.154	443
184.204	444
184.255	445
184.306	440
184.356	445
184.406	445
184.456	445
184.506	449
184.556	447
184.607	454
184.657	457
184.707	456
184.757	464
184.807	466
184.857	465
184.908	472
184.958	467
185.008	474
185.058	474
185.108	469
185.160	475
185.210	474
185.260	469
185.310	470
185.360	462
185.410	465
185.461	463
185.511	456
185.561	459
185.611	456
185.661	450
185.711	452
185.762	446
185.812	449
185.862	449
185.912	443
185.962	448
186.013	449
186.064	448
186.114	450
186.164	448
186.214	453
186.264	456
186.315	454
186.365	459
186.415	462
186.465	461
186.515	465
186.566	462
186.616	468
186.666	470
186.716	466
186.766	471
186.816	472
186.867	468
186.918	471
186.968	464
187.018	469
187.068	467
187.118	460
187.169	463
187.219	461
187.269	457
187.319	457
187.369	451
187.420	453
187.470	452
187.520	446
187.570	449
187.620	448
187.670	446
187.721	448
187.771	444
187.822	449
187.872	451
187.922	449
187.972	455
188.023	456
188.073	457
188.123	461
188.173	459
188.223	466
188.274	468
188.324	467
188.374	473
188.424	473
188.474	472
188.524	475
188.575	469
188.625	474
188.675	472
188.726	466
188.776	468
188.826	464
188.877	460
188.927	460
188.977	451
189.027	453
189.077	449
189.128	444
189.178	445
189.228	443
189.278	442
189.328	443
189.378	438
189.429	445
189.479	446
189.529	446
189.579	452
189.630	463
189.681	458
189.731	462
189.781	461
189.831	469
189.881	472
189.931	471
189.982	477
190.032	475
190.082	477
190.132	478
190.182	471
190.232	476
190.283	474
190.333	467
190.383	468
190.433	462
190.483	458
190.535	456
190.585	448
190.635	449
190.685	446
190.735	440
190.785	442
190.836	441
190.886	441
190.936	442
190.986	440
191.036	445
191.086	448
191.137	449
191.187	456
191.237	453
191.287	461
191.337	466
191.388	465
191.439	472
191.489	475
191.539	472
191.589	477
191.639	473
191.690	478
191.740	477
191.790	471
191.840	473
191.890	471
191.940	464
191.991	464
192.041	456
192.091	457
192.141	453
192.191	446
192.242	448
192.292	446
192.343	442
192.393	444
192.443	439
192.493	444
192.544	445
192.594	442
192.644	448
192.694	451
192.744	451
192.794	457
192.845	455
192.895	464
192.945	466
192.995	464
193.045	472
193.096	473
193.146	471
193.196	476
193.247	469
193.297	475
193.347	475
193.398	468
193.448	471
193.498	468
193.548	464
193.598	463
193.649	456
193.699	458
193.749	456
193.799	448
193.849	451
193.899	449
193.950	445
194.000	448
194.050	443
194.100	446
194.151	447
194.201	445
194.252	450
194.302	451
194.352	450
194.402	456
194.452	453
194.503	460
194.553	463
194.603	461
194.653	466
194.703	469
194.753	468
194.804	471
194.854	467
194.904	473
194.954	472
195.005	468
195.055	472
195.106	469
195.156	466
195.206	467
195.256	460
195.306	462
195.357	460
195.407	454
195.457	456
195.507	453
195.557	449
195.607	450
195.658	443
195.708	447
195.758	447
195.808	443
195.858	446
195.910	447
195.960	448
196.010	452
196.060	449
196.110	457
196.160	458
196.211	458
196.261	465
196.311	465
196.361	466
196.411	471
196.461	468
196.512	473
196.562	475
196.612	470
196.662	476
196.712	473
196.762	472
196.814	470
196.864	463
196.914	465
196.964	462
197.014	456
197.065	456
197.115	460
197.165	449
197.215	448
197.265	443
197.315	445
197.366	444
197.416	441
197.466	444
197.516	446
197.566	446
197.617	450
197.667	448
197.718	455
197.768	458
197.818	457
197.868	464
197.919	465
197.969	468
198.019	473
198.069	470
198.119	475
198.169	477
198.220	473
198.270	476
198.320	471
198.370	474
198.420	471
198.471	464
198.521	466
198.571	462
198.622	456
198.672	456
198.722	451
198.773	449
198.823	447
198.873	441
198.923	445
198.973	444
199.023	441
199.074	444
199.124	441
199.174	447
199.224	449
199.274	448
199.325	455
199.375	459
199.425	458
199.475	464
199.526	461
199.576	470
199.627	472
199.677	468
199.727	476
199.777	476
199.827	472
199.878	476
199.928	468
199.978	473
200.028	470
200.078	464
200.128	464
200.179	462
200.229	456
200.279	455
200.329	448
200.379	451
200.430	449
200.481	444
200.531	446
200.581	446
200.631	442
200.681	446
200.732	442
200.782	449
200.832	451
200.882	448
200.932	455
200.982	458
201.033	459
201.083	463
201.133	460
201.183	468
201.233	470
201.283	468
201.335	475
201.385	474
201.435	473
201.485	474
201.535	468
201.586	473
201.636	470
201.686	464
201.736	466
201.786	463
201.836	459
201.887	458
201.937	451
201.987	453
202.037	450
202.087	445
202.137	447
202.188	446
202.239	443
202.289	445
202.339	442
202.389	447
202.440	448
202.490	447
202.540	453
202.590	455
202.640	457
202.690	462
202.741	460
202.791	466
202.841	470
202.891	469
202.941	473
202.991	473
203.042	474
203.092	476
203.143	469
203.193	475
203.243	472
203.294	466
203.344	468
203.394	464
203.444	460
203.494	460
203.544	451
203.595	453
203.645	450
203.695	445
203.745	447
203.795	446
203.846	442
203.896	445
203.946	441
203.996	446
204.047	449
204.097	446
204.148	452
204.198	454
204.248	457
204.298	461
204.348	459
204.398	467
204.449	469
204.499	467
204.549	474
204.599	471
204.649	474
204.700	475
204.750	469
204.800	474
204.850	472
204.901	467
204.951	467
205.002	463
205.052	460
205.102	461
205.152	453
205.202	455
205.252	451
205.303	447
205.353	447
205.403	446
205.453	444
205.503	446
205.554	441
205.604	446
205.654	448
205.704	446
205.754	452
205.805	451
205.856	456
205.906	459
205.956	458
206.006	465
206.056	468
206.106	466
206.157	472
206.207	466
206.257	475
206.307	475
206.357	470
206.408	475
206.458	473
206.508	469
206.558	469
206.608	462
206.658	464
206.710	462
206.760	454
206.810	455
206.860	453
206.910	448
206.961	449
207.011	442
207.061	446
207.111	445
207.161	441
207.211	446
207.262	447
207.312	446
207.362	450
207.412	448
207.462	455
207.512	458
207.563	456
207.614	464
207.664	466
207.714	467
207.764	471
207.815	468
207.865	474
207.915	476
207.965	471
208.015	475
208.065	474
208.116	470
208.166	471
208.216	463
208.266	466
208.316	463
208.366	456
208.417	457
208.467	454
208.518	448
208.568	449
208.618	442
208.669	446
208.719	444
208.769	441
208.819	445
208.869	445
208.919	445
208.970	450
209.020	447
209.070	455
209.120	458
209.170	456
209.220	464
209.271	466
209.321	467
209.371	471
209.422	468
209.472	476
209.523	476
209.573	472
209.623	476
209.673	475
209.723	471
209.773	471
209.824	463
209.874	467
209.924	462
209.974	456
210.024	456
210.074	453
210.125	449
210.175	448
210.225	442
210.275	445
210.326	444
210.377	440
210.427	445
210.477	445
210.527	445
210.577	449
210.627	447
210.678	454
210.728	457
210.778	458
210.828	464
210.878	465
210.929	468
210.979	472
211.029	468
211.079	476
211.129	476
211.179	472
211.231	476
211.281	471
211.331	472
211.381	471
211.431	463
211.481	466
211.532	463
211.582	456
211.632	457
211.682	453
211.732	450
211.783	449
211.833	445
211.883	446
211.933	445
211.983	442
212.033	446
212.084	443
212.135	446
212.185	449
212.235	447
212.285	454
212.335	456
212.386	456
212.436	462
212.486	460
212.536	467
212.586	470
212.637	466
212.687	474
212.737	474
212.787	472
212.837	474
212.887	469
212.938	473
212.988	472
213.039	464
213.089	467
213.139	464
213.190	458
213.240	458
213.290	451
213.340	454
213.390	451
213.440	444
213.491	447
213.541	446
213.591	442
213.641	446
213.691	443
213.741	447
213.792	448
213.842	446
213.892	453
213.943	455
213.993	455
214.044	461
214.094	458
214.144	466
214.194	469
214.244	467
214.294	472
214.345	474
214.395	472
214.445	475
214.495	470
214.545	475
214.595	472
214.646	466
214.696	469
214.746	466
214.796	460
214.847	459
214.898	452
214.948	453
214.998	452
215.048	446
215.098	447
215.148	446
215.199	442
215.249	445
215.299	441
215.349	446
215.399	447
215.449	446
215.500	451
215.550	453
215.600	454
215.650	460
215.700	457
215.752	465
215.802	468
215.852	467
215.902	473
215.952	473
216.002	473
216.053	475
216.103	470
216.153	475
216.203	473
216.253	467
216.303	470
216.354	465
216.404	463
216.454	461
216.504	454
216.554	456
216.605	452
216.656	446
216.706	448
216.756	444
216.806	443
216.856	445
216.907	440
216.957	445
217.007	446
217.057	444
217.107	451
217.158	453
217.208	454
217.258	460
217.308	458
217.358	466
217.408	469
217.459	467
217.510	473
217.560	473
217.610	475
217.660	477
217.710	471
217.761	475
217.811	474
217.861	467
217.911	469
217.961	465
218.012	462
218.062	461
218.112	454
218.162	455
218.212	452
218.262	445
218.313	446
218.363	446
218.414	443
218.464	444
218.514	440
218.564	445
218.615	446
218.665	445
218.715	451
218.765	453
218.815	456
218.866	460
218.916	458
218.966	465
219.016	468
219.066	467
219.116	473
219.167	471
219.217	475
219.267	476
219.318	471
219.368	475
219.418	474
219.469	469
219.519	469
219.569	461
219.619	464
219.669	460
219.720	453
219.770	454
219.820	451
219.870	448
219.920	448
219.970	441
220.021	444
220.071	445
220.121	440
220.171	445
220.222	446
220.273	446
220.323	451
220.373	448
220.423	456
220.473	459
220.523	458
220.574	465
220.624	467
220.674	468
220.724	473
220.774	469
220.824	476
220.875	476
220.925	471
220.975	475
221.025	474
221.075	468
221.127	470
221.177	460
221.227	465
221.277	461
221.327	454
221.377	455
221.428	452
221.478	447
221.528	447
221.578	442
221.628	444
221.678	443
221.729	440
221.779	445
221.829	446
221.879	445
221.929	451
221.980	449
222.031	456
222.081	459
222.131	458
222.181	465
222.231	468
222.282	469
222.332	473
222.382	469
222.432	476
222.482	476
222.532	471
222.583	476
222.633	473
222.683	470
222.733	470
222.783	462
222.834	464
222.884	460
222.935	453
222.985	454
223.035	452
223.085	447
223.136	448
223.186	442
223.236	445
223.286	444
223.336	440
223.386	445
223.437	445
223.487	446
223.537	450
223.587	448
223.637	457
223.688	460
223.738	459
223.788	465
223.839	467
223.889	469
223.939	474
223.990	469
224.040	476
224.090	477
224.140	472
224.190	476
224.241	473
224.291	471
224.341	470
224.391	462
224.441	464
224.491	461
224.542	453
224.592	455
224.642	451
224.692	448
224.743	447
224.793	440
224.844	445
224.894	444
224.944	441
224.994	445
225.044	451
225.095	447
225.145	450
225.195	449
225.245	456
225.295	459
225.345	458
225.396	466
225.446	466
225.496	470
225.546	472
225.597	468
225.647	476
225.698	475
225.748	472
225.798	476
225.848	471
225.898	471
225.949	470
225.999	463
226.049	464
226.099	461
226.149	455
226.199	455
226.250	451
226.300	449
226.350	448
226.400	443
226.450	446
226.502	446
226.552	443
226.602	447
226.652	447
226.702	448
226.752	451
226.803	449
226.853	456
226.903	458
226.953	458
227.003	464
227.053	461
227.104	468
227.154	471
227.204	468
227.254	474
227.304	474
227.354	470
227.406	474
227.456	467
227.506	471
227.556	469
227.606	462
227.657	465
227.707	462
227.757	456
227.807	458
227.857	450
227.907	452
227.958	450
228.008	444
228.058	448
228.108	446
228.158	444
228.209	446
228.259	443
228.310	448
228.360	451
228.410	447
228.460	453
228.511	456
228.561	456
228.611	462
228.661	459
228.711	467
228.761	469
228.812	467
228.862	473
228.912	474
228.962	472
229.012	475
229.063	468
229.113	473
229.163	472
229.214	465
229.264	468
229.314	465
229.365	460
229.415	460
229.465	452
229.515	454
229.565	452
229.615	445
229.666	447
229.716	445
229.766	443
229.816	444
229.866	442
229.917	446
229.967	448
230.017	446
230.067	451
230.118	455
230.168	455
230.219	460
230.269	459
230.319	467
230.369	469
230.419	466
230.470	474
230.520	474
230.570	473
230.620	476
230.670	469
230.720	474
230.771	472
230.821	467
230.871	468
230.921	465
230.971	462
231.022	460
231.073	452
231.123	455
231.173	451
231.223	447
231.273	448
231.324	446
231.374	444
231.424	444
231.474	442
231.524	446
231.574	448
231.625	446
231.675	452
231.725	452
231.775	456
231.825	459
231.875	457
231.927	465
231.977	467
232.027	466
232.077	471
232.127	469
232.178	472
232.228	474
232.278	469
232.328	473
232.378	472
232.428	468
232.479	470
232.529	465
232.579	464
232.629	462
232.679	455
232.729	457
232.780	455
232.831	449
232.881	450
232.931	447
232.981	446
233.032	447
233.082	442
233.132	447
233.182	447
233.232	445
233.282	450
233.333	447
233.383	453
233.433	456
233.483	454
233.533	462
233.583	464
233.634	464
233.684	469
233.735	467
233.785	472
233.835	474
233.886	469
233.936	475
233.986	474
234.036	469
234.086	472
234.136	464
234.187	467
234.237	465
234.287	457
234.337	459
234.387	456
234.438	450
234.488	451
234.538	444
234.588	447
234.639	446
234.689	441
234.740	444
234.790	446
234.840	443
234.890	448
234.940	444
234.990	452
235.041	454
235.091	452
235.141	461
235.191	463
235.241	464
235.292	470
235.342	466
235.392	475
235.442	475
235.493	471
235.543	477
235.594	475
235.644	472
235.694	473
235.744	466
235.794	469
235.844	465
235.895	458
235.945	459
235.995	456
236.045	451
236.095	450
236.146	444
236.196	445
236.246	445
236.296	440
236.346	443
236.397	444
236.448	442
236.498	447
236.548	444
236.598	452
236.648	456
236.698	453
236.749	461
236.799	464
236.849	465
236.899	470
236.949	466
237.000	475
237.050	476
237.100	472
237.150	476
237.200	476
237.250	472
237.302	473
237.352	464
237.402	468
237.452	464
237.502	457
237.553	459
237.603	455
237.653	450
237.703	449
237.753	442
237.803	445
237.854	444
237.904	440
237.954	444
238.004	444
238.054	444
238.104	448
238.155	446
238.206	452
238.256	456
238.306	455
238.356	463
238.407	464
238.457	467
238.507	472
238.557	468
238.607	476
238.657	476
238.708	474
238.758	477
238.808	473
238.858	473
238.908	472
238.958	465
239.009	467
239.059	463
239.110	457
239.160	457
239.210	451
239.261	449
239.311	448
239.361	441
239.411	445
239.461	444
239.511	440
239.562	444
239.612	444
239.662	445
239.712	448
239.762	446
239.812	454
239.863	457
239.913	457
239.963	465
240.014	465
240.064	470
240.115	473
240.165	469
240.215	477
240.265	477
240.315	474
240.365	476
240.416	471
240.466	473
240.516	471
240.566	464
240.616	465
240.666	463
240.717	455
240.767	456
240.817	448
240.867	449
240.918	447
240.969	441
241.019	444
241.069	443
241.119	440
241.169	444
241.219	441
241.270	447
241.320	450
241.370	448
241.420	456
241.470	459
241.521	459
241.571	465
241.621	463
241.671	471
241.721	474
241.771	470
241.823	475
241.873	475
241.923	474
241.973	475
242.023	469
242.073	472
242.124	471
242.174	462
242.224	465
242.274	461
242.324	456
242.375	455
242.425	448
242.475	450
242.525	448
242.575	443
242.625	446
242.676	445
242.727	443
242.777	446
242.827	442
242.877	449
242.927	451
242.978	449
243.028	456
243.078	458
243.128	458
243.178	464
243.229	461
243.279	469
243.329	471
243.379	468
243.429	473
243.479	473
243.530	472
243.580	474
243.631	466
243.681	472
243.731	470
243.782	463
243.832	465
243.882	462
243.932	458
243.982	458
244.032	450
244.083	453
244.133	451
244.183	445
244.233	448
244.283	446
244.333	444
244.384	446
244.434	442
244.484	448
244.535	449
244.585	448
244.636	454
244.686	455
244.736	456
244.786	461
244.836	458
244.886	466
244.937	469
244.987	465
245.037	473
245.087	473
245.137	473
245.187	474
245.238	468
245.288	474
245.338	472
245.388	466
245.439	469
245.490	476
245.540	462
245.590	460
245.640	453
245.690	455
245.740	452
245.791	446
245.841	447
245.891	446
245.941	443
245.991	445
246.041	440
246.092	445
246.142	447
246.192	445
246.242	451
246.292	453
246.344	454
246.394	461
246.444	458
246.494	466
246.544	469
246.594	469
246.645	474
246.695	471
246.745	476
246.795	477
246.845	472
246.895	476
246.946	474
246.996	468
247.046	469
247.096	461
247.146	463
247.197	460
247.248	453
247.298	453
247.348	450
247.398	445
247.448	445
247.499	439
247.549	442
247.599	443
247.649	439
247.699	445
247.750	446
247.800	445
247.850	451
247.900	450
247.950	458
248.000	461
248.051	459
248.102	467
248.152	470
248.202	470
248.252	475
248.302	470
248.353	476
248.403	477
248.453	471
248.503	475
248.553	473
248.604	467
248.654	468
248.704	460
248.754	462
248.804	459
248.854	452
248.905	453
248.955	450
249.006	446
249.056	447
249.106	441
249.156	445
249.207	444
249.257	442
249.307	447
249.357	448
249.407	448
249.458	453
249.508	450
249.558	458
249.608	461
249.658	460
249.708	466
249.759	468
249.809	468
249.859	472
249.910	467
249.960	474
250.010	475
250.061	470
250.111	473
250.161	471
250.211	466
250.261	467
250.312	460
250.362	463
250.412	460
250.462	453
250.512	455
250.562	452
250.613	448
250.663	449
250.713	443
250.763	446
250.814	446
250.865	442
250.915	447
250.965	447
251.015	448
251.065	451
251.115	448
251.166	455
251.216	459
251.266	457
251.316	464
251.366	465
251.416	466
251.467	471
251.517	467
251.567	473
251.617	475
251.667	470
251.719	474
251.769	473
251.819	470
251.869	471
251.919	463
251.969	466
252.020	463
252.070	457
252.120	457
252.170	453
252.220	450
252.270	450
252.321	443
252.371	447
252.421	445
252.471	441
252.521	445
252.572	446
252.623	446
252.673	449
252.723	447
252.773	454
252.823	456
252.874	456
252.924	463
252.974	463
253.024	467
253.074	471
253.124	467
253.175	474
253.225	475
253.275	472
253.325	476
253.375	471
253.426	473
253.476	472
253.527	464
253.577	467
253.627	464
253.677	457
253.728	458
253.778	453
253.828	451
253.878	449
253.928	443
253.978	445
254.029	444
254.079	441
254.129	444
254.179	443
254.229	446
254.280	449
254.330	447
254.380	454
254.431	456
254.481	456
254.531	463
254.582	463
254.632	469
254.682	471
254.732	469
254.782	475
254.833	476
254.883	473
254.933	477
254.983	470
255.033	473
255.083	471
255.134	465
255.184	467
255.234	463
255.284	457
255.335	457
255.385	450
255.436	451
255.486	449
255.536	442
255.586	446
255.636	444
255.687	441
255.737	444
255.787	441
255.837	447
255.887	449
255.937	447
255.988	454
256.038	457
256.088	457
256.138	463
256.189	460
256.239	468
256.290	471
256.340	468
256.390	474
256.440	474
256.490	472
256.541	475
256.591	468
256.641	472
256.691	471
256.741	465
256.791	466
256.842	464
256.892	458
256.942	459
256.992	451
257.042	454
257.094	451
257.144	446
257.194	448
257.244	447
257.294	444
257.344	447
257.395	444
257.445	448
257.495	450
257.545	448
257.595	453
257.645	455
257.696	455
257.746	460
257.796	457
257.846	465
257.896	466
257.946	464
257.998	470
258.048	470
258.098	469
258.148	472
258.198	468
258.249	472
258.299	471
258.349	466
258.399	469
258.449	465
258.499	463
258.550	462
258.600	456
258.650	458
258.700	455
258.750	450
258.801	451
258.851	449
258.902	446
258.952	448
259.002	444
259.052	447
259.103	448
259.153	445
259.203	449
259.253	451
259.303	452
259.353	456
259.404	452
259.454	461
259.504	464
259.554	462
259.604	468
259.655	473
259.705	470
259.755	474
259.806	469
259.856	475
259.906	474
259.957	469
260.007	473
260.057	467
260.107	468
260.157	465
260.207	458
260.258	460
260.308	457
260.358	450
260.408	452
260.458	447
260.509	444
260.559	445
260.609	440
260.659	444
260.710	444
260.760	441
260.811	446
260.861	447
260.911	450
260.961	453
261.011	452
261.062	461
261.112	463
261.162	464
261.212	470
261.262	467
261.312	474
261.363	476
261.413	472
261.463	478
261.513	477
261.563	472
261.614	474
261.665	465
261.715	468
261.765	466
261.815	459
261.865	460
261.916	456
261.966	449
262.016	450
262.066	443
262.116	445
262.166	444
262.217	439
262.267	443
262.317	444
262.367	443
262.417	447
262.467	445
262.519	452
262.569	455
262.619	454
262.669	461
262.719	464
262.770	464
262.820	470
262.870	466
262.920	474
262.970	475
263.020	471
263.071	476
263.121	475
263.171	471
263.221	472
263.271	464
263.321	468
263.372	465
263.423	458
263.473	460
263.523	457
263.573	452
263.624	452
263.674	446
263.724	449
263.774	448
263.824	443
263.874	447
263.925	447
263.975	445
264.025	449
264.075	445
264.125	452
264.175	454
264.226	453
264.276	459
264.327	461
264.377	460
264.427	466
264.478	462
264.528	469
264.578	470
264.628	467
264.678	472
264.728	472
264.779	469
264.829	472
264.879	465
264.929	470
264.979	468
265.030	461
265.080	464
265.130	462
265.180	457
265.231	457
265.281	450
265.332	453
265.382	451
265.432	445
265.482	449
265.532	447
265.582	445
265.633	448
265.683	443
265.733	448
265.783	450
265.833	449
265.884	453
265.934	455
265.984	456
266.034	461
266.085	459
266.135	467
266.186	469
266.236	467
266.286	473
266.336	473
266.386	472
266.436	475
266.487	469
266.537	474
266.587	472
266.637	466
266.687	468
266.738	469
266.788	461
266.838	460
266.888	453
266.938	453
266.989	450
267.040	445
267.090	447
267.140	456
267.190	443
267.240	443
267.290	440
267.341	445
267.391	448
267.441	446
267.491	452
267.541	453
267.592	457
267.642	461
267.692	459
267.742	468
267.792	470
267.842	469
267.894	475
267.944	473
267.994	476
268.044	477
268.094	471
268.145	476
268.195	474
268.245	468
268.295	469
268.345	462
268.395	460
268.446	459
268.496	451
268.546	452
268.596	449
268.646	444
268.696	445
268.747	439
268.798	442
268.848	443
268.898	440
268.948	446
268.999	447
269.049	445
269.099	453
269.149	451
269.199	459
269.249	463
269.300	460
269.350	469
269.400	472
269.450	471
269.500	475
269.550	471
269.601	477
269.651	477
269.702	471
269.752	474
269.802	471
269.853	466
269.903	467
269.953	458
270.003	460
270.053	457
270.103	450
270.154	451
270.204	448
270.254	445
270.304	446
270.354	441
270.404	445
270.455	445
270.505	442
270.555	448
270.606	449
270.656	449
270.707	455
270.757	452
270.807	460
270.857	462
270.907	460
270.957	468
271.008	469
271.058	469
271.108	472
271.158	468
271.208	474
271.258	474
271.309	468
271.359	472
271.409	470
271.459	466
271.510	467
271.561	459
271.611	462
271.661	459
271.711	452
271.761	455
271.811	452
271.862	448
271.912	450
271.962	443
272.012	448
272.062	447
272.113	444
272.163	449
272.213	449
272.263	449
272.313	452
272.363	449
272.415	456
272.465	459
272.515	457
272.565	464
272.615	465
272.665	466
272.716	469
272.766	466
272.816	472
272.866	473
272.916	468
272.967	473
273.017	471
273.067	470
273.117	470
273.167	463
273.217	465
273.268	463
273.319	457
273.369	458
273.419	462
273.469	452
273.519	452
273.570	444
273.620	448
273.670	446
273.720	443
273.770	446
273.821	446
273.871	446
273.921	448
273.971	446
274.021	453
274.071	455
274.122	455
274.172	461
274.223	461
274.273	466
274.323	470
274.374	466
274.424	473
274.474	475
274.524	471
274.574	476
274.624	471
274.675	474
274.725	473
274.775	465
274.825	468
274.875	465
274.925	459
274.976	459
275.026	451
275.076	452
275.127	451
275.177	445
275.228	447
275.278	446
275.328	442
275.378	445
275.428	441
275.478	445
275.529	448
275.579	445
275.629	452
275.679	454
275.729	453
275.779	460
275.830	457
275.880	465
275.930	468
275.980	465
276.031	472
276.082	473
276.132	471
276.182	474
276.232	469
276.282	473
276.332	472
276.383	466
276.433	469
276.483	466
276.533	461
276.583	462
276.633	454
276.684	456
276.734	453
276.784	448
276.834	450
276.884	448
276.936	445
276.986	446
277.036	442
277.086	447
277.136	447
277.186	445
277.237	450
277.287	452
277.337	451
277.387	457
277.437	455
277.487	462
277.538	465
277.588	462
277.638	469
277.688	471
277.738	470
277.789	474
277.840	469
277.890	474
277.940	473
277.990	468
278.040	471
278.091	468
278.141	464
278.191	464
278.241	456
278.291	459
278.342	457
278.392	449
278.442	451
278.492	449
278.542	446
278.592	446
278.643	441
278.694	445
278.744	446
278.794	443
278.844	448
278.894	449
278.945	449
278.995	455
279.045	452
279.095	461
279.145	463
279.196	462
279.246	469
279.296	471
279.346	472
279.396	475
279.446	471
279.497	476
279.547	475
279.598	470
279.648	473
279.698	471
279.748	467
279.799	466
279.849	457
279.899	460
279.949	456
279.999	449
280.050	450
280.100	447
280.150	443
280.200	444
280.250	439
280.300	443
280.351	444
280.401	442
280.451	447
280.502	448
280.552	449
280.602	455
280.653	453
280.703	461
280.753	464
280.803	464
280.853	472
280.904	471
280.954	475
281.004	477
281.054	472
281.104	477
281.154	476
281.205	471
281.255	473
281.305	468
281.355	465
281.406	465
281.457	456
281.507	458
281.557	454
281.607	448
281.657	449
281.707	446
281.758	444
281.808	443
281.858	439
281.908	443
281.958	444
282.008	443
282.059	448
282.109	445
282.159	453
282.209	457
282.259	455
282.311	463
282.361	465
282.411	465
282.461	471
282.511	469
282.561	475
282.612	476
282.662	471
282.712	476
282.762	475
282.812	470
282.862	472
282.913	464
282.963	466
283.013	464
283.063	456
283.113	458
283.164	455
283.215	449
283.265	449
283.315	443
283.365	446
283.415	445
283.466	442
283.516	445
283.566	446
283.616	444
283.666	449
283.716	446
283.767	453
283.817	456
283.867	454
283.917	462
283.967	464
284.018	464
284.068	470
284.119	466
284.169	474
284.219	475
284.269	470
284.320	475
284.370	474
284.420	471
284.470	473
284.520	464
284.570	468
284.621	465
284.671	458
284.721	459
284.771	456
284.821	451
284.872	451
284.922	445
284.972	447
285.023	446
285.073	442
285.123	445
285.174	446
285.224	444
285.274	448
285.324	445
285.374	452
285.425	454
285.475	454
285.525	461
285.575	463
285.625	464
285.675	469
285.726	466
285.776	473
285.826	474
285.876	472
285.927	476
285.977	475
286.028	472
286.078	473
286.128	466
286.178	469
286.228	467
286.279	459
286.329	460
286.379	456
286.429	452
286.479	451
286.529	444
286.580	447
286.630	445
286.680	441
286.730	444
286.781	444
286.831	443
286.882	447
286.932	444
286.982	451
287.032	454
287.082	453
287.133	461
287.183	463
287.233	465
287.283	470
287.333	466
287.383	474
287.434	476
287.484	473
287.534	477
287.584	476
287.634	474
287.686	474
287.736	466
287.786	469
287.836	466
287.886	458
287.936	460
287.987	457
288.037	452
288.087	451
288.137	443
288.187	447
288.237	444
288.288	440
288.338	444
288.388	444
288.438	444
288.488	447
288.538	444
288.590	452
288.640	455
288.690	454
288.740	461
288.790	462
288.841	466
288.891	470
288.941	466
288.991	474
289.041	475
289.091	473
289.142	477
289.192	473
289.242	473
289.292	473
289.342	466
289.393	469
289.443	466
289.494	459
289.544	459
289.594	455
289.644	453
289.695	451
289.745	445
289.795	447
289.845	446
289.895	442
289.945	445
289.996	440
290.046	446
290.096	448
290.146	445
290.196	452
290.247	455
290.297	454
290.347	461
290.398	457
290.448	465
290.498	468
290.549	465
290.599	473
290.649	473
290.699	472
290.749	475
290.799	469
290.850	473
290.900	472
290.950	466
291.000	469
291.050	466
291.101	461
291.151	461
291.201	454
291.251	456
291.302	453
291.352	446
291.403	449
291.453	447
291.503	444
291.553	446
291.603	441
291.654	447
291.704	447
291.754	445
291.804	451
291.854	453
291.904	453
291.955	459
292.005	458
292.055	464
292.105	467
292.155	465
292.206	472
292.257	473
292.307	472
292.357	475
292.407	471
292.457	476
292.508	474
292.558	468
292.608	470
292.658	466
292.708	463
292.758	462
292.809	454
292.859	456
292.909	453
292.959	447
293.009	448
293.059	446
293.111	443
293.161	443
293.211	439
293.261	445
293.311	446
293.362	444
293.412	450
293.462	451
293.512	453
293.562	459
293.612	457
293.663	465
293.713	469
293.763	468
293.813	474
293.863	475
293.913	475
293.964	477
294.015	472
294.065	476
294.115	475
294.165	468
294.216	471
294.266	467
294.316	463
294.366	461
294.416	453
294.466	454
294.517	450
294.567	444
294.617	446
294.667	445
294.717	441
294.767	443
294.818	439
294.868	444
294.919	445
294.969	444
295.019	451
295.070	453
295.120	457
295.170	461
295.220	460
295.270	468
295.320	470
295.371	469
295.421	475
295.471	473
295.521	475
295.571	477
295.622	472
295.672	475
295.722	474
295.772	468
295.823	469
295.873	463
295.924	460
295.974	459
296.024	452
296.074	453
296.124	450
296.174	444
296.225	446
296.275	446
296.325	444
296.375	445
296.425	441
296.476	447
296.526	448
296.576	447
296.626	453
296.677	451
296.727	458
296.778	461
296.828	459
296.878	467
296.928	469
296.978	467
297.028	473
297.079	468
297.129	474
297.179	475
297.229	469
297.279	473
297.330	472
297.380	466
297.430	468
297.480	460
297.530	463
297.581	461
297.632	453
297.682	456
297.732	453
297.782	448
297.832	450
297.882	443
297.933	447
297.983	447
298.033	443
298.083	448
298.133	448
298.184	448
298.234	452
298.284	449
298.334	456
298.384	458
298.434	456
298.486	463
298.536	465
298.586	464
298.636	469
298.686	464
298.737	472
298.787	473
298.837	469
298.887	473
298.937	472
298.987	469
299.038	471
299.088	464
299.138	466
299.188	464
299.238	457
299.288	459
299.339	457
299.390	451
299.440	451
299.490	445
299.540	449
299.591	447
299.641	442
299.691	446
299.741	446
299.791	445
299.841	449
299.892	447
299.942	452
299.992	454
300.042	453
300.092	460
300.142	463
300.193	464
300.243	469
300.294	465
300.344	473
300.394	475
300.445	471
300.495	476
300.545	475
300.595	473
300.645	473
300.695	466
300.746	469
300.796	466
300.846	459
300.896	460
300.946	455
300.996	452
301.047	450
301.097	443
301.147	446
301.198	444
301.248	440
301.299	443
301.349	443
301.399	443
301.449	447
301.499	444
301.549	452
301.600	455
301.650	454
301.700	462
301.750	463
301.800	467
301.850	471
301.901	469
301.951	475
302.001	477
302.051	475
302.102	478
302.153	474
302.203	475
302.253	474
302.303	466
302.353	468
302.403	464
302.454	456
302.504	458
302.554	453
302.604	450
302.654	448
302.705	441
302.755	443
302.805	442
302.855	439
302.905	443
302.955	439
303.007	444
303.057	447
303.107	446
303.157	454
303.207	457
303.257	458
303.308	464
303.358	463
303.408	471
303.458	473
303.508	471
303.559	477
303.609	477
303.659	474
303.709	477
303.759	471
303.809	473
303.860	472
303.911	463
303.961	466
304.011	462
304.061	456
304.111	456
304.162	447
304.212	450
304.262	448
304.312	441
304.362	444
304.413	444
304.463	442
304.513	445
304.563	441
304.613	448
304.663	449
304.714	450
304.764	456
304.815	458
304.865	458
304.915	465
304.966	461
305.016	470
305.066	472
305.116	468
305.166	475
305.216	474
305.267	472
305.317	475
305.367	467
305.417	472
305.467	470
305.517	464
305.568	465
305.618	462
305.668	457
305.719	457
305.769	449
305.820	451
305.870	449
305.920	444
305.970	447
306.020	446
306.070	445
306.121	446
306.171	443
306.221	448
306.271	450
306.321	448
306.371	455
306.422	457
306.472	457
306.522	463
306.572	461
306.623	468
306.674	470
306.724	467
306.774	473
306.824	473
306.874	473
306.924	475
306.975	469
307.025	473
307.075	471
307.125	464
307.175	467
307.225	464
307.276	459
307.326	458
307.376	451
307.426	453
307.476	451
307.528	445
307.578	447
307.628	446
307.678	443
307.728	446
307.778	441
307.829	447
307.879	448
307.929	446
307.979	452
308.029	455
308.079	456
308.130	461
308.180	458
308.230	466
308.280	469
308.330	466
308.381	472
308.432	478
308.482	473
308.532	475
308.582	470
308.632	474
308.683	472
308.733	467
308.783	469
308.833	464
308.883	461
308.934	460
308.984	453
309.034	456
309.084	453
309.134	448
309.184	449
309.235	447
309.286	446
309.336	447
309.386	443
309.436	447
309.486	448
309.537	447
309.587	452
309.637	452
309.687	454
309.737	458
309.788	456
309.838	463
309.888	465
309.938	464
309.988	470
310.038	468
310.089	472
310.139	473
310.190	468
310.240	474
310.290	472
310.340	468
310.391	470
310.441	463
310.491	466
310.541	463
310.591	456
310.642	459
310.692	456
310.742	450
310.792	452
310.842	444
310.892	447
310.943	447
310.993	442
311.043	445
311.094	445
311.144	444
311.194	448
311.245	446
311.295	452
311.345	455
311.395	454
311.445	461
311.496	464
311.546	465
311.596	470
311.646	467
311.696	474
311.746	476
311.797	471
311.847	477
311.897	476
311.947	472
311.998	473
312.049	465
312.099	468
312.149	465
312.199	457
312.249	458
312.299	455
312.350	449
312.400	448
312.450	441
312.500	444
312.550	443
312.600	438
312.651	442
312.701	442
312.751	442
312.801	447
312.851	445
312.903	453
312.953	457
313.003	457
313.053	464
313.103	467
313.153	469
313.204	473
313.254	471
313.304	478
313.354	479
313.404	474
313.454	478
313.505	476
313.555	473
313.605	473
313.655	465
313.705	465
313.756	462
313.807	454
313.857	455
313.907	451
313.957	445
314.007	445
314.058	439
314.108	442
314.158	442
314.208	438
314.258	443
314.308	445
314.359	445
314.409	450
314.459	448
314.509	457
314.559	459
314.610	459
314.660	467
314.711	469
314.761	471
314.811	475
314.861	471
314.912	477
314.962	477
315.012	472
315.062	476
315.112	473
315.162	470
315.213	469
315.263	461
315.313	463
315.363	460
315.413	452
315.464	452
315.514	449
315.564	446
315.615	446
315.665	441
315.715	444
315.766	444
315.816	441
315.866	445
315.916	447
315.966	448
316.017	452
316.067	450
316.117	458
316.167	461
316.217	460
316.267	467
316.318	466
316.368	470
316.418	473
316.468	469
316.519	475
316.569	475
316.620	470
316.670	474
316.720	469
316.770	468
316.820	468
316.871	460
316.921	463
316.971	459
317.021	453
317.071	455
317.121	447
317.172	449
317.222	449
317.272	443
317.322	447
317.373	446
317.423	444
317.474	447
317.524	447
317.574	449
317.624	452
317.674	449
317.725	456
317.775	459
317.825	458
317.875	464
317.925	463
317.975	468
318.026	470
318.076	467
318.126	473
318.176	473
318.226	470
318.278	474
318.328	467
318.378	471
318.428	470
318.478	463
318.528	466
318.579	463
318.629	457
318.679	458
318.729	450
318.779	452
318.829	450
318.880	444
318.930	447
318.980	446
319.030	442
319.080	446
319.130	441
319.182	447
319.232	449
319.282	447
319.332	454
319.382	456
319.433	456
319.483	463
319.533	460
319.583	468
319.633	471
319.683	468
319.734	475
319.784	476
319.834	473
319.884	476
319.934	469
319.985	474
320.035	472
320.086	465
320.136	466
320.186	464
320.236	458
320.287	457
320.337	449
320.387	452
320.437	449
320.487	443
320.537	444
320.588	443
320.638	440
320.688	443
320.738	440
320.788	446
320.839	448
320.889	446
320.939	454
320.990	457
321.040	458
321.090	464
321.141	463
321.191	470
321.241	473
321.291	470
321.341	477
321.391	477
321.442	476
321.492	477
321.542	470
321.592	474
321.642	472
321.693	465
321.743	466
321.793	462
321.843	457
321.894	456
321.944	448
321.995	449
322.045	447
322.095	441
322.145	444
322.195	443
322.246	441
322.296	444
322.346	441
322.396	448
322.446	450
322.496	450
322.547	456
322.597	458
322.647	460
322.697	465
322.747	464
322.798	471
322.849	473
322.899	470
322.949	476
322.999	473
323.049	475
323.100	475
323.150	469
323.200	472
323.250	469
323.300	464
323.350	464
323.401	459
323.451	458
323.501	456
323.551	448
323.601	451
323.651	447
323.703	443
323.753	447
323.803	446
323.853	445
323.903	447
323.954	444
324.004	449
324.054	450
324.104	450
324.154	455
324.204	455
324.255	459
324.305	463
324.355	461
324.405	467
324.455	469
324.505	467
324.556	471
324.607	467
324.657	472
324.707	473
324.757	467
324.808	471
324.858	470
324.908	464
324.958	466
325.008	458
325.058	462
325.109	460
325.159	452
325.209	455
325.259	453
325.309	449
325.359	450
325.410	444
325.460	448
325.511	448
325.561	444
325.611	448
325.662	449
325.712	448
325.762	452
325.812	449
325.862	456
325.912	459
325.963	456
326.013	465
326.063	466
326.113	467
326.163	470
326.214	467
326.264	474
326.314	474
326.364	470
326.415	474
326.465	473
326.516	469
326.566	470
326.616	464
326.666	465
326.716	463
326.766	455
326.817	457
326.867	453
326.917	449
326.967	449
327.017	442
327.068	445
327.118	444
327.168	439
327.218	444
327.269	445
327.319	444
327.370	449
327.420	447
327.470	455
327.520	458
327.570	457
327.620	465
327.671	467
327.721	469
327.771	473
327.821	469
327.871	478
327.922	478
327.972	472
328.022	477
328.072	475
328.122	472
328.173	472
328.224	463
328.274	465
328.324	462
328.374	454
328.424	455
328.474	452
328.525	446
328.575	445
328.625	440
328.675	443
328.725	442
328.776	440
328.826	444
328.876	445
328.926	444
328.976	450
329.026	448
329.078	457
329.128	460
329.178	459
329.228	467
329.278	469
329.329	472
329.379	475
329.429	471
329.479	477
329.529	478
329.579	473
329.630	476
329.680	477
329.730	470
329.780	469
329.830	462
329.880	463
329.931	459
329.982	453
330.032	454
330.082	451
330.132	446
330.183	446
330.233	441
330.283	444
330.333	444
330.383	441
330.433	446
330.484	447
330.534	448
330.584	452
330.634	450
330.684	457
330.734	461
330.785	460
330.835	466
330.886	466
330.936	470
330.986	473
331.037	468
331.087	475
331.137	474
331.187	470
331.237	473
331.287	467
331.338	470
331.388	468
331.438	461
331.488	463
331.538	461
331.588	455
331.639	456
331.689	449
331.739	452
331.790	450
331.840	444
331.891	448
331.941	448
331.991	445
332.041	448
332.091	444
332.141	450
332.192	452
332.242	449
332.292	455
332.342	457
332.392	456
332.442	462
332.493	457
332.543	466
332.593	468
332.643	465
332.694	472
332.745	472
332.795	470
332.845	473
332.895	467
332.945	472
332.995	470
333.046	464
333.096	467
333.146	465
333.196	460
333.246	462
333.297	453
333.347	456
333.397	454
333.447	448
333.497	450
333.547	449
333.599	445
333.649	447
333.699	442
333.749	447
333.799	448
333.849	446
333.900	451
333.950	453
334.000	453
334.050	458
334.100	455
334.151	463
334.201	466
334.251	464
334.301	470
334.351	471
334.401	472
334.452	475
334.503	470
334.553	475
334.603	474
334.653	468
334.703	471
334.754	468
334.804	464
334.854	464
334.904	456
334.954	458
335.005	454
335.055	448
335.105	450
335.155	447
335.205	444
335.255	444
335.306	439
335.356	444
335.407	445
335.457	443
335.507	448
335.558	450
335.608	452
335.658	457
335.708	456
335.758	462
335.808	466
335.859	466
335.909	472
335.959	473
336.009	475
336.059	476
336.109	473
336.160	477
336.210	476
336.260	471
336.311	472
336.361	468
336.412	465
336.462	463
336.512	454
336.562	456
336.612	453
336.662	446
336.713	448
336.763	446
336.813	442
336.863	444
336.913	439
336.963	443
337.014	445
337.064	444
337.114	449
337.164	447
337.215	453
337.266	459
337.316	457
337.366	464
337.416	466
337.466	466
337.516	473
337.567	471
337.617	475
337.667	476
337.717	471
337.767	476
337.817	474
337.868	469
337.918	470
337.968	463
338.018	465
338.068	463
338.120	455
338.170	456
338.220	454
338.270	448
338.320	450
338.370	443
338.421	446
338.471	446
338.521	443
338.571	446
338.621	447
338.671	446
338.722	450
338.772	448
338.822	454
338.872	458
338.922	456
338.973	463
339.024	465
339.074	464
339.124	470
339.174	466
339.224	472
339.275	473
339.325	469
339.375	474
339.425	473
339.475	469
339.526	470
339.576	463
339.626	466
339.676	465
339.726	458
339.776	460
339.827	457
339.878	452
339.928	452
339.978	445
340.028	449
340.078	447
340.129	442
340.179	447
340.229	447
340.279	445
340.329	449
340.380	446
340.430	452
340.480	455
340.530	452
340.580	460
340.630	461
340.681	462
340.731	468
340.782	463
340.832	471
340.882	473
340.932	470
340.983	475
341.033	474
341.083	472
341.133	473
341.183	467
341.234	470
341.284	467
341.334	460
341.384	461
341.434	459
341.484	454
341.535	453
341.585	445
341.635	448
341.686	446
341.736	442
341.786	444
341.837	443
341.887	442
341.937	445
341.987	443
342.037	450
342.088	452
342.138	451
342.188	459
342.238	460
342.288	463
342.338	467
342.389	465
342.439	474
342.489	475
342.539	471
342.590	477
342.641	476
342.691	474
342.741	475
342.791	468
342.841	471
342.891	468
342.942	461
342.992	462
343.042	458
343.092	453
343.142	452
343.192	444
343.243	447
343.293	445
343.343	440
343.393	443
343.443	454
343.495	442
343.545	445
343.595	443
343.645	450
343.695	453
343.745	452
343.796	459
343.846	461
343.896	465
343.946	470
343.996	467
344.046	475
344.097	476
344.147	473
344.197	477
344.247	474
344.297	476
344.348	474
344.399	467
344.449	469
344.499	466
344.549	460
344.599	460
344.650	455
344.700	453
344.750	450
344.800	445
344.850	446
344.900	445
344.951	440
345.001	444
345.051	443
345.101	444
345.151	447
345.202	445
345.252	451
345.303	455
345.353	454
345.403	461
345.453	459
345.504	466
345.554	470
345.604	466
345.654	473
345.704	474
345.754	472
345.805	475
345.855	469
345.905	474
345.955	473
346.005	466
346.056	469
346.106	465
346.156	460
346.207	460
346.257	452
346.307	454
346.358	453
346.408	446
346.458	449
346.508	447
346.558	444
346.609	446
346.659	441
346.709	447
346.759	448
346.809	445
346.859	451
346.910	453
346.960	453
347.010	459
347.060	456
347.111	464
347.161	467
347.212	463
347.262	470
347.312	472
347.362	470
347.412	474
347.463	468
347.513	473
347.563	473
347.613	467
347.663	470
347.713	468
347.764	463
347.814	463
347.864	455
347.914	458
347.965	456
348.015	449
348.066	451
348.116	449
348.166	445
348.216	447
348.266	442
348.317	445
348.367	447
348.417	444
348.467	449
348.517	450
348.567	451
348.618	455
348.668	454
348.718	462
348.768	464
348.818	463
348.870	470
348.920	471
348.970	472
349.020	475
349.070	470
349.120	476
349.171	475
349.221	469
349.271	473
349.321	470
349.371	466
349.421	465
349.472	456
349.522	459
349.572	455
349.622	448
349.672	450
349.722	447
349.774	443
349.824	444
349.874	439
349.924	444
349.974	444
350.025	442
350.075	448
350.125	449
350.175	450
350.225	456
350.275	453
350.326	462
350.376	466
350.426	465
350.476	472
350.526	473
350.577	475
350.627	477
350.678	471
350.728	478
350.778	476
350.828	471
350.879	473
350.929	474
350.979	466
351.029	464
351.079	456
351.129	457
351.180	454
351.230	448
351.280	448
351.330	445
351.380	442
351.431	443
351.481	438
351.531	443
351.582	445
351.632	443
351.682	448
351.733	447
351.783	451
351.833	457
351.883	456
351.933	464
351.983	467
352.034	466
352.084	473
352.134	471
352.184	475
352.234	477
352.285	472
352.335	476
352.385	475
352.435	470
352.486	471
352.536	463
352.587	465
352.637	463
352.687	455
352.737	456
352.787	453
352.838	448
352.888	448
352.938	442
352.988	445
353.038	444
353.088	440
353.139	445
353.189	446
353.239	444
353.289	449
353.339	448
353.390	454
353.441	458
353.491	457
353.541	463
353.591	467
353.641	466
353.692	471
353.742	467
353.792	475
353.842	475
353.892	472
353.942	475
353.993	473
354.043	469
354.093	471
354.143	462
354.193	466
354.243	463
354.295	455
354.345	457
354.395	454
354.445	449
354.495	450
354.546	443
354.596	446
354.646	446
354.696	441
354.746	445
354.796	446
354.847	445
354.897	450
354.947	447
354.997	454
355.047	456
355.097	455
355.148	463
355.199	465
355.249	466
355.299	471
355.349	467
355.400	474
355.450	475
355.500	470
355.550	476
355.600	474
355.650	470
355.701	472
355.751	464
355.801	467
355.851	464
355.901	457
355.951	458
356.002	454
356.052	450
356.103	450
356.153	443
356.203	446
356.254	445
356.304	441
356.354	445
356.404	445
356.454	445
356.504	449
356.555	446
356.605	453
356.655	456
356.705	456
356.755	463
356.806	465
356.856	466
356.906	470
356.956	468
357.007	475
357.057	476
357.108	472
357.158	476
357.208	475
357.258	472
357.308	472
357.358	464
357.409	466
357.459	464
357.509	458
357.559	458
357.609	465
357.660	451
357.710	449
357.760	443
357.810	446
357.861	444
357.911	440
357.962	445
358.012	454
358.062	445
358.112	448
358.162	446
358.212	454
358.263	456
358.313	456
358.363	462
358.413	463
358.463	468
358.514	472
358.564	468
358.614	475
358.664	476
358.714	473
358.765	476
358.816	472
358.866	473
358.916	472
358.966	464
359.016	467
359.066	464
359.117	457
359.167	458
359.217	453
359.267	451
359.317	449
359.368	443
359.418	447
359.468	445
359.518	441
359.568	445
359.618	443
359.670	446
359.720	449
359.770	447
359.820	454
359.870	456
359.921	456
359.971	462
360.021	460
360.071	468
360.121	469
360.171	467
360.222	474
360.272	475
360.322	471
360.372	475
360.422	468
360.472	473
360.523	472
360.574	464
360.624	467
360.674	464
360.724	459
360.775	459
360.825	450
360.875	454
360.925	451
360.975	445
361.025	448
361.076	446
361.126	443
361.176	446
361.226	442
361.276	447
361.326	449
361.377	447
361.427	452
361.478	454
361.528	455
361.578	460
361.629	458
361.679	465
361.729	468
361.779	465
361.829	472
361.879	473
361.930	472
361.980	475
362.030	469
362.080	474
362.130	473
362.180	465
362.231	469
362.281	466
362.331	461
362.382	460
362.432	453
362.483	455
362.533	452
362.583	446
362.633	448
362.683	446
362.733	443
362.784	445
362.834	440
362.884	445
362.934	447
362.984	445
363.034	451
363.085	453
363.135	454
363.185	459
363.235	458
363.286	466
363.337	469
363.387	467
363.437	473
363.487	474
363.537	474
363.587	476
363.638	470
363.688	476
363.738	474
363.788	468
363.838	470
363.889	466
363.939	462
363.989	461
364.039	453
364.089	454
364.139	452
364.191	445
364.241	447
364.291	445
364.341	442
364.391	444
364.441	440
364.492	445
364.542	446
364.592	445
364.642	451
364.692	452
364.743	456
364.793	460
364.843	458
364.893	467
364.943	469
364.993	468
365.044	474
365.095	473
365.145	475
365.195	477
365.245	472
365.295	475
365.346	474
365.396	468
365.446	469
365.496	463
365.546	462
365.597	460
365.647	452
365.697	454
365.747	451
365.797	445
365.847	446
365.898	443
365.948	444
365.999	445
366.049	442
366.099	446
366.150	448
366.200	447
366.250	452
366.300	451
366.350	457
366.400	460
366.451	459
366.501	466
366.551	468
366.601	467
366.651	472
366.701	467
366.752	474
366.802	474
366.852	469
366.903	474
366.953	471
367.004	467
367.054	469
367.104	460
367.154	464
367.204	461
367.254	454
367.305	457
367.355	454
367.405	449
367.455	450
367.505	445
367.555	449
367.606	448
367.656	444
367.706	448
367.756	448
367.807	446
367.858	451
367.908	449
367.958	455
368.008	458
368.058	455
368.108	462
368.159	464
368.209	464
368.259	469
368.309	464
368.359	471
368.409	473
368.460	468
368.510	473
368.560	473
368.610	470
368.660	471
368.712	463
368.762	467
368.812	465
368.862	459
368.912	461
368.962	457
369.013	453
369.063	453
369.113	446
369.163	449
369.213	447
369.263	443
369.314	446
369.364	446
369.414	445
369.464	448
369.514	444
369.565	451
369.616	453
369.666	451
369.716	459
369.766	462
369.816	463
369.867	467
369.917	465
369.967	473
370.017	474
370.067	470
370.118	476
370.168	475
370.218	473
370.268	474
370.318	467
370.368	471
370.419	467
370.470	460
370.520	462
370.570	459
370.620	454
370.670	453
370.721	446
370.771	449
370.821	447
370.871	442
370.921	446
370.972	445
371.022	443
371.072	446
371.122	444
371.172	450
371.222	452
371.273	451
371.323	458
371.374	459
371.424	461
371.474	466
371.524	463
371.575	471
371.625	473
371.675	470
371.725	475
371.775	472
371.826	474
371.876	474
371.926	468
371.976	471
372.026	468
372.076	462
372.127	464
372.177	459
372.227	456
372.278	455
372.328	448
372.378	451
372.429	449
372.479	444
372.529	447
372.579	446
372.629	445
372.680	447
372.730	443
372.780	450
372.830	450
372.880	450
372.930	456
372.981	455
373.031	460
373.081	463
373.131	462
373.182	468
373.233	470
373.283	468
373.333	473
373.383	469
373.433	474
373.483	474
373.534	468
373.584	472
373.634	470
373.684	464
373.734	466
373.784	459
373.835	460
373.885	458
373.935	452
373.985	454
374.035	451
374.087	447
374.137	449
374.187	442
374.237	446
374.287	447
374.337	442
374.388	448
374.438	449
374.488	448
374.538	453
374.588	450
374.638	457
374.689	460
374.739	458
374.789	465
374.839	467
374.889	467
374.940	472
374.991	467
375.041	475
375.091	474
375.141	469
375.191	474
375.242	472
375.292	469
375.342	469
375.392	461
375.442	465
375.492	461
375.543	454
375.593	456
375.643	453
375.693	448
375.743	449
375.794	442
375.844	446
375.895	445
375.945	441
375.995	446
376.045	447
376.096	446
376.146	450
376.196	448
376.246	456
376.296	457
376.346	456
376.397	463
376.447	466
376.497	466
376.547	471
376.597	468
376.648	475
376.698	476
376.748	471
376.799	475
376.849	474
376.899	470
376.950	471
377.000	464
377.050	467
377.100	464
377.150	456
377.201	458
377.251	454
377.301	449
377.351	449
377.401	443
377.451	446
377.502	445
377.552	442
377.602	445
377.652	446
377.703	445
377.753	449
377.804	447
377.854	454
377.904	457
377.954	456
378.004	462
378.055	465
378.105	466
378.155	471
378.205	466
378.255	474
378.305	475
378.356	471
378.406	475
378.456	473
378.506	472
378.557	471
378.607	464
378.658	468
378.708	464
378.758	458
378.808	459
378.858	455
378.909	452
378.959	450
379.009	445
379.059	448
379.109	446
379.159	443
379.210	446
379.260	447
379.310	446
379.360	449
379.410	446
379.462	453
379.512	455
379.562	454
379.612	461
379.662	461
379.712	464
379.763	468
379.813	466
379.863	472
379.913	473
379.963	470
380.013	474
380.064	471
380.114	472
380.164	472
380.214	465
380.264	468
380.314	466
380.366	460
380.416	461
380.466	457
380.516	454
380.566	454
380.617	447
380.667	449
380.717	447
380.767	443
380.817	446
380.867	441
380.918	446
380.968	447
381.018	445
381.068	451
381.118	453
381.169	452
381.219	458
381.270	456
381.320	463
381.370	466
381.420	463
381.471	470
381.521	472
381.571	471
381.621	474
381.671	468
381.721	474
381.772	474
381.822	467
381.872	471
381.922	469
381.972	463
382.023	464
382.073	455
382.123	458
382.174	455
382.224	448
382.274	450
382.325	448
382.375	444
382.425	446
382.475	441
382.525	446
382.575	446
382.626	443
382.676	449
382.726	451
382.776	450
382.826	456
382.877	454
382.927	462
382.977	464
383.027	462
383.078	469
383.128	472
383.179	470
383.229	475
383.279	469
383.329	475
383.379	474
383.430	469
383.480	472
383.530	469
383.580	465
383.630	465
383.680	457
383.731	460
383.781	456
383.831	450
383.881	452
383.931	449
383.982	445
384.033	446
384.083	442
384.133	446
384.183	446
384.233	443
384.284	448
384.334	450
384.384	450
384.434	454
384.484	452
384.534	459
384.585	463
384.635	461
384.685	467
384.735	468
384.785	470
384.835	473
384.887	469
384.937	475
384.987	474
385.037	469
385.087	472
385.138	470
385.188	468
385.238	467
385.288	459
385.338	462
385.388	459
385.439	453
385.489	454
385.539	451
385.589	449
385.639	448
385.689	443
385.740	446
385.791	446
385.841	443
385.891	447
385.941	447
385.992	449
386.042	452
386.092	450
386.142	457
386.192	460
386.242	459
386.293	465
386.343	465
386.393	469
