#Creator: pendulumdriveEventBuffer
#Creation time: Tue Mar 21 16:00:21 2017
#Time	Pos
#[s]	[au]
0.051	454
0.101	455
0.151	456
0.201	457
0.251	458
0.302	459
0.352	461
0.402	462
0.453	463
0.503	464
0.553	464
0.604	465
0.654	465
0.704	464
0.754	463
0.804	463
0.854	462
0.905	460
0.955	459
1.005	458
1.055	457
1.105	456
1.156	455
1.206	455
1.256	454
1.306	455
1.357	455
1.407	456
1.458	456
1.508	457
1.558	458
1.608	459
1.658	461
1.708	461
1.759	462
1.809	463
1.859	463
1.909	463
1.959	464
2.010	463
2.060	463
2.110	462
2.160	461
2.210	461
2.261	459
2.312	459
2.362	457
2.412	457
2.462	456
2.512	455
2.563	455
2.613	456
2.663	448
2.713	451
2.763	456
2.813	453
2.864	456
2.914	455
2.964	456
3.014	458
3.064	458
3.114	457
3.166	458
3.216	454
3.266	454
3.316	450
3.366	448
3.417	446
3.467	444
3.517	443
3.567	442
3.617	441
3.667	442
3.718	443
3.768	445
3.818	449
3.868	452
3.918	455
3.968	461
4.019	461
4.070	463
4.120	463
4.170	464
4.220	464
4.271	462
4.321	460
4.371	458
4.421	453
4.471	450
4.521	447
4.572	444
4.622	443
4.672	442
4.722	442
4.772	445
4.822	444
4.873	446
4.923	448
4.974	450
5.024	454
5.074	455
5.125	456
5.175	458
5.225	456
5.275	456
5.325	456
5.375	456
5.426	457
5.476	454
5.526	454
5.576	455
5.626	454
5.676	454
5.727	454
5.777	454
5.828	455
5.878	453
5.928	453
5.979	453
6.029	451
6.079	449
6.129	448
6.179	448
6.229	447
6.280	444
6.330	445
6.380	447
6.430	446
6.480	448
6.531	450
6.581	453
6.631	456
6.681	459
6.732	461
6.782	464
6.833	460
6.883	464
6.933	464
6.983	460
7.033	460
7.083	452
7.134	452
7.184	450
7.234	443
7.284	444
7.334	441
7.385	436
7.435	438
7.485	433
7.535	436
7.585	439
7.636	437
7.687	446
7.737	450
7.787	451
7.837	460
7.887	460
7.937	468
7.988	474
8.038	471
8.088	479
8.138	479
8.188	475
8.239	478
8.289	468
8.339	469
8.389	465
8.439	453
8.489	453
8.541	446
8.591	436
8.641	434
8.691	425
8.741	424
8.791	423
8.842	419
8.892	423
8.942	425
8.992	426
9.042	433
9.093	435
9.143	446
9.193	453
9.243	458
9.293	469
9.343	476
9.394	478
9.445	486
9.495	484
9.545	490
9.595	490
9.646	482
9.696	484
9.746	478
9.796	468
9.846	465
9.896	451
9.947	448
9.997	440
10.047	430
10.097	427
10.147	423
10.197	416
10.248	417
10.298	414
10.349	418
10.399	422
10.449	424
10.500	434
10.550	442
10.600	446
10.650	458
10.700	460
10.750	472
10.801	479
10.851	479
10.901	488
10.951	489
11.001	487
11.051	489
11.102	480
11.152	481
11.203	476
11.253	464
11.303	461
11.354	453
11.404	443
11.454	440
11.504	429
11.554	428
11.604	424
11.655	419
11.705	422
11.755	423
11.805	422
11.855	429
11.905	429
11.956	438
12.006	445
12.056	448
12.107	458
12.157	463
12.208	466
12.258	474
12.308	471
12.358	480
12.408	481
12.458	476
12.509	479
12.559	472
12.609	470
12.659	469
12.709	459
12.759	459
12.810	454
12.860	446
12.910	445
12.960	442
13.011	436
13.062	436
13.112	430
13.162	435
13.212	435
13.262	433
13.312	439
13.363	441
13.413	442
13.463	448
13.513	447
13.563	455
13.614	458
13.664	457
13.714	463
13.764	459
13.814	464
13.864	466
13.916	462
13.966	466
14.016	464
14.066	460
14.116	462
14.166	455
14.217	457
14.267	458
14.317	451
14.367	455
14.417	453
14.468	448
14.518	452
14.568	445
14.618	449
14.668	450
14.718	444
14.769	449
14.820	449
14.870	444
14.920	449
14.970	443
15.020	446
15.071	449
15.121	444
15.171	449
15.221	449
15.271	446
15.322	451
15.372	447
15.422	453
15.472	455
15.522	452
15.572	459
15.623	460
15.673	458
15.724	464
15.774	460
15.824	465
15.875	467
15.925	462
15.975	465
16.025	464
16.075	460
16.125	461
16.176	453
16.226	453
16.276	451
16.326	443
16.376	445
16.426	441
16.477	436
16.527	437
16.577	432
16.628	432
16.678	435
16.729	433
16.779	439
16.829	443
16.879	443
16.929	451
16.979	450
17.030	459
17.080	464
17.130	465
17.180	474
17.230	475
17.280	475
17.331	480
17.381	474
17.431	478
17.481	475
17.532	467
17.583	467
17.633	461
17.683	453
17.733	449
17.783	438
17.833	437
17.884	433
17.934	425
17.984	426
18.034	424
18.084	422
18.134	425
18.185	424
18.235	432
18.285	437
18.335	438
18.385	449
18.437	455
18.487	460
18.537	470
18.587	470
18.637	481
18.687	484
18.738	482
18.788	488
18.838	484
18.888	481
18.938	482
18.988	471
19.039	470
19.089	463
19.139	451
19.189	449
19.239	441
19.290	432
19.341	429
19.391	421
19.441	421
19.491	420
19.541	416
19.592	422
19.642	427
19.692	428
19.742	435
19.792	439
19.843	449
19.893	457
19.943	460
19.993	472
20.043	474
20.093	480
20.144	487
20.195	483
20.245	490
20.295	488
20.345	481
20.395	482
20.446	472
20.496	467
20.546	462
20.596	450
20.646	448
20.697	440
20.747	430
20.797	429
20.847	423
20.897	420
20.947	420
20.998	417
21.048	423
21.099	426
21.149	427
21.199	437
21.249	439
21.300	448
21.350	457
21.400	459
21.450	470
21.500	476
21.551	476
21.601	485
21.651	480
21.701	485
21.751	486
21.801	478
21.852	480
21.902	474
21.952	464
22.003	462
22.053	450
22.103	448
22.154	442
22.204	433
22.254	431
22.304	428
22.354	422
22.405	424
22.455	420
22.505	424
22.555	429
22.605	429
22.655	437
22.706	443
22.756	446
22.806	456
22.856	456
22.907	467
22.958	474
23.008	472
23.058	481
23.108	482
23.158	480
23.208	483
23.259	474
23.309	476
23.359	474
23.409	464
23.459	464
23.509	457
23.560	449
23.610	445
23.660	435
23.710	434
23.760	431
23.812	425
23.862	427
23.912	426
23.962	425
24.012	429
24.062	429
24.113	435
24.163	441
24.213	443
24.263	453
24.313	458
24.363	461
24.414	470
24.464	468
24.514	478
24.564	481
24.614	477
24.665	482
24.716	480
24.766	475
24.816	476
24.866	466
24.916	466
24.967	461
25.017	451
25.067	449
25.117	443
25.167	434
25.217	434
25.268	425
25.318	426
25.368	426
25.418	422
25.468	428
25.519	429
25.569	430
25.620	438
25.670	439
25.720	449
25.770	456
25.821	457
25.871	467
25.921	472
25.971	475
26.021	481
26.071	477
26.122	484
26.172	485
26.222	478
26.272	479
26.322	471
26.373	466
26.423	464
26.473	452
26.524	451
26.574	445
26.624	434
26.675	432
26.725	429
26.775	422
26.825	423
26.875	418
26.926	423
26.976	426
27.026	426
27.076	434
27.126	440
27.176	445
27.227	454
27.277	457
27.327	469
27.377	476
27.428	476
27.478	485
27.529	483
27.579	487
27.629	488
27.679	481
27.729	483
27.780	478
27.830	467
27.880	465
27.930	455
27.980	448
28.030	442
28.081	430
28.131	428
28.181	423
28.231	417
28.282	418
28.332	415
28.383	416
28.433	422
28.483	423
28.533	433
28.583	440
28.634	444
28.684	457
28.734	459
28.784	471
28.834	480
28.884	480
28.935	492
28.985	493
29.035	490
29.085	493
29.135	483
29.187	484
29.237	480
29.287	467
29.337	463
29.387	453
29.437	441
29.488	436
29.538	425
29.588	420
29.638	417
29.688	411
29.738	413
29.789	413
29.839	412
29.889	420
29.939	423
29.989	432
30.039	443
30.091	449
30.141	462
30.191	471
30.241	475
30.291	487
30.342	487
30.392	496
30.442	498
30.492	492
30.542	495
30.592	491
30.643	481
30.693	477
30.743	462
30.793	456
30.843	448
30.894	435
30.944	430
30.995	421
31.045	413
31.095	411
31.145	406
31.196	406
31.246	411
31.296	413
31.346	421
31.396	430
31.446	436
31.497	449
31.547	454
31.597	469
31.647	479
31.697	481
31.748	494
31.798	498
31.848	497
31.899	501
31.949	492
31.999	496
32.050	488
32.100	476
32.150	471
32.200	461
32.250	448
32.300	440
32.351	426
32.401	421
32.451	414
32.501	405
32.551	406
32.602	406
32.652	405
32.702	411
32.752	414
32.803	426
32.853	436
32.904	442
32.954	457
33.004	467
33.054	476
33.104	488
33.155	488
33.205	501
33.255	504
33.305	499
33.355	503
33.405	493
33.456	489
33.506	484
33.556	468
33.606	463
33.656	452
33.707	437
33.758	431
33.808	423
33.858	412
33.908	408
33.958	402
34.009	404
34.059	407
34.109	407
34.159	416
34.209	425
34.259	432
34.310	444
34.360	451
34.410	466
34.460	476
34.510	481
34.560	494
34.612	493
34.662	500
34.712	503
34.762	495
34.812	498
34.863	492
34.913	480
34.963	475
35.013	462
35.063	452
35.113	443
35.164	431
35.214	425
35.264	418
35.314	410
35.364	409
35.414	405
35.465	407
35.516	413
35.566	414
35.616	426
35.666	433
35.717	440
35.767	452
35.817	458
35.867	470
35.917	480
35.967	481
36.018	492
36.068	495
36.118	492
36.168	496
36.218	486
36.268	487
36.319	482
36.369	470
36.420	466
36.470	457
36.520	445
36.571	440
36.621	429
36.671	424
36.721	421
36.771	415
36.821	417
36.872	417
36.922	416
36.972	423
37.022	424
37.072	433
37.123	442
37.173	445
37.223	457
37.273	465
37.324	467
37.374	477
37.425	475
37.475	483
37.525	487
37.575	481
37.625	486
37.675	482
37.726	474
37.776	473
37.826	462
37.876	460
37.926	454
37.977	444
38.027	442
38.077	437
38.127	430
38.178	430
38.228	424
38.279	426
38.329	427
38.379	426
38.429	432
38.479	435
38.529	437
38.580	445
38.630	446
38.680	456
38.730	461
38.780	462
38.831	469
38.881	471
38.931	471
38.981	476
39.031	470
39.082	476
39.133	474
39.183	466
39.233	469
39.283	465
39.333	458
39.383	457
39.434	449
39.484	450
39.534	445
39.584	440
39.634	441
39.685	438
39.735	435
39.785	437
39.835	433
39.885	438
39.935	440
39.987	438
40.037	443
40.087	446
40.137	448
40.187	452
40.238	450
40.288	458
40.338	461
40.388	460
40.438	466
40.488	464
40.539	466
40.589	469
40.639	464
40.689	470
40.739	469
40.789	462
40.840	465
40.891	460
40.941	458
40.991	457
41.041	449
41.092	451
41.142	448
41.192	442
41.242	442
41.292	440
41.342	436
41.393	437
41.443	434
41.493	437
41.543	438
41.593	436
41.643	443
41.694	444
41.744	446
41.795	452
41.845	451
41.895	460
41.946	463
41.996	463
42.046	470
42.096	467
42.146	472
42.196	475
42.247	470
42.297	474
42.347	472
42.397	465
42.447	466
42.497	457
42.548	456
42.598	453
42.648	444
42.699	443
42.749	439
42.800	432
42.850	433
42.900	427
42.950	428
43.000	430
43.050	427
43.101	433
43.151	436
43.201	437
43.251	446
43.301	447
43.351	456
43.402	463
43.452	464
43.502	473
43.552	477
43.603	477
43.654	483
43.704	479
43.754	482
43.804	481
43.854	472
43.904	473
43.955	467
44.005	457
44.055	455
44.105	443
44.155	440
44.206	435
44.256	426
44.306	426
44.356	423
44.406	419
44.456	422
44.508	419
44.558	424
44.608	431
44.658	434
44.708	443
44.758	451
44.809	455
44.859	466
44.909	467
44.959	478
45.009	484
45.060	481
45.110	490
45.160	489
45.210	485
45.260	486
45.310	475
45.361	476
45.412	468
45.462	456
45.512	453
45.562	444
45.612	434
45.663	431
45.713	421
45.763	420
45.813	417
45.863	413
45.914	417
45.964	419
46.014	421
46.064	430
46.114	432
46.164	445
46.215	453
46.265	457
46.316	470
46.366	476
46.416	480
46.467	489
46.517	486
46.567	494
46.617	493
46.667	486
46.717	487
46.768	480
46.818	472
46.868	466
46.918	453
46.968	450
47.018	441
47.069	430
47.119	427
47.169	423
47.220	414
47.270	416
47.321	412
47.371	417
47.421	420
47.471	422
47.521	432
47.571	439
47.622	445
47.672	457
47.722	460
47.772	472
47.822	480
47.872	481
47.923	490
47.973	487
48.023	492
48.073	493
48.124	483
48.175	485
48.225	479
48.275	468
48.325	464
48.375	454
48.425	444
48.476	439
48.526	428
48.576	426
48.626	421
48.676	414
48.726	416
48.777	413
48.827	416
48.877	423
48.927	424
48.977	435
49.029	441
49.079	446
49.129	458
49.179	461
49.229	472
49.279	480
49.330	478
49.380	489
49.430	490
49.480	485
49.530	489
49.580	479
49.631	480
49.681	475
49.731	464
49.781	461
49.831	454
49.882	443
49.933	440
49.983	429
50.033	427
50.083	425
50.133	419
50.184	422
50.234	423
50.284	422
50.334	429
50.384	429
50.435	436
50.485	445
50.535	447
50.585	458
50.635	464
50.685	466
50.736	474
50.787	472
50.837	480
50.887	482
50.937	476
50.987	481
51.038	479
51.088	472
51.138	471
51.188	461
51.238	460
51.289	456
51.339	445
51.389	445
51.439	441
51.489	434
51.539	433
51.590	428
51.640	428
51.691	431
51.741	428
51.791	434
51.841	436
51.892	437
51.942	444
51.992	445
52.042	453
52.092	458
52.143	457
52.193	466
52.243	469
52.293	469
52.343	474
52.393	470
52.444	475
52.494	475
52.544	468
52.595	471
52.645	467
52.695	461
52.746	461
52.796	452
52.846	452
52.896	449
52.946	441
52.997	442
53.047	439
53.097	434
53.147	435
53.197	431
53.247	435
53.298	436
53.348	433
53.398	440
53.448	443
53.499	443
53.550	450
53.600	450
53.650	458
53.700	462
53.750	462
53.800	469
53.851	471
53.901	471
53.951	475
54.001	469
54.051	475
54.101	473
54.152	466
54.202	469
54.252	463
54.302	458
54.352	457
54.404	447
54.454	447
54.504	443
54.554	436
54.604	436
54.654	434
54.705	429
54.755	431
54.805	427
54.855	432
54.905	435
54.955	435
55.006	442
55.056	446
55.106	450
55.156	458
55.206	458
55.257	468
55.308	474
55.358	472
55.408	480
55.458	477
55.508	480
55.559	481
55.609	473
55.659	476
55.709	472
55.759	462
55.809	461
55.860	451
55.910	446
55.960	442
56.010	432
56.060	431
56.111	427
56.161	421
56.212	423
56.262	419
56.312	423
56.362	427
56.413	428
56.463	438
56.513	443
56.563	448
56.613	459
56.663	461
56.714	471
56.764	479
56.814	478
56.864	488
56.914	489
56.965	486
57.015	489
57.065	479
57.116	480
57.166	475
57.216	463
57.267	460
57.317	452
57.367	440
57.417	436
57.467	425
57.518	422
57.568	419
57.618	412
57.668	415
57.718	416
57.768	416
57.819	424
57.869	427
57.919	436
57.969	446
58.020	450
58.070	464
58.121	473
58.171	477
58.221	488
58.271	487
58.321	495
58.372	497
58.422	491
58.472	494
58.522	488
58.572	477
58.622	473
58.673	459
58.723	452
58.773	445
58.823	432
58.874	427
58.924	419
58.975	411
59.025	410
59.075	405
59.125	405
59.175	412
59.226	414
59.276	424
59.326	433
59.376	440
59.426	453
59.476	459
59.527	474
59.577	484
59.627	485
59.677	498
59.727	501
59.779	500
59.829	503
59.879	492
59.929	494
59.979	487
60.029	473
60.080	467
60.130	456
60.180	441
60.230	434
60.280	420
60.330	416
60.381	409
60.431	402
60.481	403
60.531	404
60.581	404
60.631	413
60.683	417
60.733	430
60.783	441
60.833	449
60.883	464
60.934	474
60.984	482
61.034	495
61.084	494
61.134	507
61.184	508
61.235	501
61.285	503
61.335	496
61.385	486
61.435	479
61.486	463
61.536	456
61.587	444
61.637	429
61.687	422
61.737	415
61.788	404
61.838	401
61.888	397
61.938	401
61.988	404
62.038	407
62.089	419
62.139	429
62.189	438
62.239	452
62.289	459
62.340	477
62.390	488
62.440	491
62.491	504
62.541	502
62.591	507
62.642	509
62.692	499
62.742	499
62.792	490
62.842	476
62.892	469
62.943	455
62.993	442
63.043	432
63.093	417
63.143	412
63.194	405
63.244	398
63.294	398
63.344	397
63.395	401
63.445	409
63.496	414
63.546	429
63.596	440
63.646	448
63.696	465
63.747	471
63.797	486
63.847	496
63.897	497
63.947	508
63.997	510
64.048	503
64.098	505
64.148	492
64.198	489
64.248	480
64.299	464
64.350	457
64.400	444
64.450	430
64.500	423
64.550	410
64.601	404
64.651	402
64.701	398
64.751	402
64.801	405
64.851	409
64.902	419
64.952	425
65.002	439
65.052	452
65.102	458
65.152	475
65.204	485
65.254	490
65.304	501
65.354	498
65.404	505
65.455	506
65.505	495
65.555	497
65.605	487
65.655	475
65.705	469
65.756	453
65.806	445
65.856	435
65.906	421
65.956	417
66.006	411
66.057	404
66.108	405
66.158	402
66.208	408
66.258	413
66.309	418
66.359	430
66.409	440
66.459	448
66.509	461
66.559	466
66.610	481
66.660	489
66.710	490
66.760	499
66.810	500
66.860	498
66.911	498
66.961	487
67.012	486
67.062	479
67.112	465
67.163	459
67.213	448
67.263	436
67.313	431
67.363	419
67.413	416
67.464	413
67.514	408
67.564	410
67.614	414
67.664	415
67.715	423
67.765	427
67.815	440
67.865	448
67.916	453
67.966	467
68.017	474
68.067	479
68.117	488
68.167	486
68.217	495
68.267	495
68.318	488
68.368	490
68.418	479
68.468	475
68.518	470
68.569	457
68.619	453
68.669	445
68.719	433
68.770	430
68.820	426
68.871	418
68.921	417
68.971	413
69.021	417
69.071	420
69.121	421
69.172	430
69.222	437
69.272	443
69.322	452
69.372	456
69.423	468
69.473	474
69.523	476
69.573	485
69.623	483
69.674	486
69.725	488
69.775	481
69.825	483
69.875	478
69.925	467
69.975	466
70.026	457
70.076	449
70.126	445
70.176	434
70.226	432
70.277	428
70.327	422
70.377	423
70.427	419
70.477	421
70.527	426
70.579	426
70.629	434
70.679	440
70.729	443
70.779	453
70.830	455
70.880	464
70.930	472
70.980	472
71.030	481
71.080	483
71.131	480
71.181	484
71.231	477
71.281	478
71.331	476
71.381	467
71.432	465
71.483	459
71.533	449
71.583	448
71.633	438
71.684	434
71.734	432
71.784	425
71.834	427
71.884	426
71.934	423
71.985	428
72.035	428
72.085	434
72.135	440
72.185	442
72.235	452
72.286	457
72.336	460
72.387	469
72.437	468
72.487	477
72.538	481
72.588	477
72.638	483
72.688	481
72.738	476
72.788	477
72.839	467
72.889	466
72.939	461
72.989	451
73.039	449
73.089	443
73.140	435
73.190	433
73.240	425
73.291	425
73.341	425
73.392	422
73.442	428
73.492	429
73.542	430
73.592	437
73.642	439
73.693	449
73.743	456
73.793	458
73.843	469
73.893	473
73.943	475
73.994	482
74.044	479
74.094	485
74.144	485
74.195	477
74.246	479
74.296	474
74.346	466
74.396	463
74.446	451
74.496	449
74.547	442
74.597	432
74.647	430
74.697	426
74.747	420
74.798	421
74.848	417
74.898	423
74.948	426
74.998	426
75.048	436
75.100	443
75.150	447
75.200	457
75.250	460
75.300	472
75.350	478
75.401	478
75.451	487
75.501	484
75.551	488
75.601	490
75.652	480
75.702	482
75.752	476
75.802	466
75.852	462
75.902	453
75.953	444
76.004	439
76.054	428
76.104	426
76.154	420
76.204	415
76.255	417
76.305	415
76.355	417
76.405	424
76.455	425
76.506	436
76.556	443
76.606	448
76.656	461
76.706	466
76.756	474
76.807	483
76.857	482
76.908	492
76.958	494
77.008	489
77.059	492
77.109	483
77.159	481
77.209	476
77.259	462
77.309	460
77.360	450
77.410	438
77.460	434
77.510	422
77.560	419
77.610	417
77.661	411
77.711	413
77.761	415
77.812	416
77.862	424
77.913	426
77.963	437
78.013	447
78.063	452
78.113	466
78.163	474
78.214	477
78.264	488
78.314	487
78.364	494
78.414	496
78.464	490
78.515	492
78.565	486
78.615	476
78.665	473
78.716	459
78.767	453
78.817	445
78.867	433
78.917	429
78.967	422
79.017	414
79.068	413
79.118	409
79.168	410
79.218	415
79.268	417
79.318	427
79.369	434
79.419	440
79.469	452
79.519	456
79.569	470
79.621	479
79.671	481
79.721	492
79.771	495
79.821	493
79.871	496
79.922	488
79.972	490
80.022	484
80.072	472
80.122	468
80.172	459
80.223	447
80.273	440
80.323	428
80.373	424
80.423	418
80.474	411
80.525	412
80.575	413
80.625	411
80.675	418
80.725	420
80.776	430
80.826	439
80.876	444
80.926	458
80.976	466
81.027	472
81.077	483
81.127	483
81.177	494
81.227	497
81.277	492
81.328	496
81.379	491
81.429	483
81.479	480
81.529	467
81.579	463
81.630	454
81.680	441
81.730	436
81.780	428
81.830	419
81.881	416
81.931	410
81.981	412
82.031	413
82.081	413
82.131	421
82.182	429
82.232	432
82.283	444
82.333	449
82.383	463
82.433	471
82.484	475
82.534	486
82.584	486
82.634	492
82.684	497
82.735	490
82.785	494
82.835	489
82.885	478
82.935	476
82.985	464
83.036	455
83.086	449
83.136	436
83.187	431
83.237	424
83.287	416
83.338	414
83.388	414
83.438	411
83.488	415
83.538	415
83.589	425
83.639	432
83.689	436
83.739	448
83.789	455
83.839	465
83.890	476
83.940	477
83.990	490
84.040	494
84.091	492
84.142	497
84.192	489
84.242	490
84.292	486
84.342	474
84.392	471
84.443	462
84.493	448
84.543	443
84.593	430
84.643	425
84.693	420
84.744	412
84.794	412
84.844	412
84.894	410
84.944	415
84.996	417
85.046	426
85.096	436
85.146	441
85.196	455
85.246	464
85.297	469
85.347	481
85.397	482
85.447	493
85.497	497
85.547	493
85.598	498
85.648	495
85.698	485
85.748	483
85.798	468
85.849	465
85.900	456
85.950	442
86.000	437
86.050	428
86.100	418
86.151	415
86.201	409
86.251	407
86.301	411
86.351	410
86.401	418
86.452	424
86.502	429
86.552	441
86.602	447
86.652	460
86.703	470
86.753	474
86.804	487
86.854	493
86.904	492
86.954	499
87.005	493
87.055	496
87.105	493
87.155	481
87.205	478
87.255	468
87.306	456
87.356	449
87.406	435
87.456	430
87.506	423
87.557	413
87.607	413
87.657	410
87.708	407
87.758	412
87.808	413
87.859	422
87.909	429
87.959	435
88.009	447
88.059	457
88.110	464
88.160	476
88.210	478
88.260	490
88.310	496
88.360	491
88.411	499
88.461	495
88.511	490
88.561	488
88.612	475
88.662	472
88.713	462
88.763	449
88.813	444
88.863	434
88.913	424
88.964	420
89.014	411
89.064	412
89.114	410
89.164	409
89.214	415
89.265	422
89.315	424
89.365	435
89.415	440
89.466	454
89.516	463
89.567	468
89.617	481
89.667	486
89.717	490
89.767	496
89.818	492
89.868	497
89.918	494
89.968	485
90.018	483
90.068	471
90.119	464
90.169	457
90.219	443
90.269	438
90.319	430
90.371	419
90.421	417
90.471	415
90.521	409
90.571	412
90.621	411
90.672	419
90.722	425
90.772	429
90.822	441
90.872	447
90.922	457
90.973	468
91.023	473
91.073	484
91.123	490
91.173	490
91.223	497
91.275	492
91.325	493
91.375	491
91.425	480
91.475	478
91.526	470
91.576	455
91.626	451
91.676	439
91.726	432
91.776	426
91.827	416
91.877	415
91.927	412
91.977	410
92.027	413
92.078	415
92.128	421
92.179	429
92.229	434
92.279	446
92.329	455
92.380	460
92.430	473
92.480	476
92.530	486
92.580	493
92.630	491
92.681	496
92.731	495
92.781	488
92.831	487
92.881	475
92.932	472
92.982	465
93.032	451
93.083	447
93.133	438
93.183	427
93.234	424
93.284	416
93.334	413
93.384	413
93.434	412
93.484	416
93.535	420
93.585	424
93.635	433
93.685	437
93.735	450
93.786	459
93.836	464
93.886	477
93.936	482
93.987	485
94.037	493
94.088	488
94.138	495
94.188	493
94.238	484
94.288	483
94.339	476
94.389	465
94.439	461
94.489	447
94.539	442
94.589	434
94.640	425
94.690	422
94.740	418
94.790	412
94.840	415
94.891	413
94.942	419
94.992	425
95.042	427
95.092	438
95.142	445
95.193	452
95.243	464
95.293	466
95.343	478
95.393	484
95.443	484
95.494	493
95.544	492
95.594	489
95.644	490
95.694	480
95.744	480
95.796	473
95.846	460
95.896	456
95.946	447
95.996	438
96.047	432
96.097	423
96.147	421
96.197	418
96.247	413
96.297	416
96.348	420
96.398	420
96.448	427
96.498	430
96.548	441
96.598	449
96.649	453
96.700	466
96.750	470
96.800	478
96.850	486
96.901	483
96.951	492
97.001	492
97.051	486
97.101	488
97.151	479
97.202	475
97.252	470
97.302	457
97.352	454
97.402	446
97.452	433
97.503	431
97.553	426
97.604	418
97.654	417
97.704	413
97.755	418
97.805	420
97.855	421
97.905	430
97.955	436
98.005	442
98.056	452
98.106	456
98.156	469
98.206	474
98.256	478
98.307	487
98.357	484
98.407	491
98.457	492
98.508	484
98.558	487
98.609	481
98.659	470
98.709	467
98.759	454
98.809	449
98.859	443
98.910	432
98.960	429
99.010	423
99.060	417
99.110	417
99.161	413
99.211	416
99.261	421
99.311	422
99.362	431
99.412	439
99.463	443
99.513	455
99.563	457
99.613	470
99.663	478
99.713	479
99.764	489
99.814	491
99.864	489
99.914	493
99.964	484
100.015	484
100.065	479
100.115	468
100.165	465
100.215	456
100.266	444
100.317	441
100.367	429
100.417	424
100.467	421
100.517	414
100.567	416
100.618	416
100.668	415
100.718	422
100.768	423
100.818	430
100.869	441
100.919	446
100.969	458
101.019	466
101.069	470
101.119	481
101.171	481
101.221	491
101.271	494
101.321	488
101.371	492
101.422	489
101.472	480
101.522	478
101.572	464
101.622	461
101.672	453
101.723	440
101.773	436
101.823	429
101.873	419
101.923	418
101.973	412
102.024	414
102.075	415
102.125	416
102.175	422
102.225	429
102.276	434
102.326	444
102.376	450
102.426	463
102.476	471
102.526	474
102.577	486
102.627	489
102.677	491
102.727	496
102.777	489
102.827	493
102.878	488
102.928	476
102.979	474
103.029	465
103.079	454
103.130	447
103.180	434
103.230	430
103.280	423
103.330	414
103.380	413
103.431	414
103.481	410
103.531	414
103.581	415
103.631	424
103.681	432
103.732	437
103.782	450
103.832	457
103.883	467
103.933	478
103.984	481
104.034	492
104.084	496
104.134	493
104.184	499
104.234	491
104.285	490
104.335	487
104.385	473
104.435	471
104.485	459
104.535	446
104.586	440
104.636	431
104.686	420
104.736	416
104.787	408
104.838	409
104.888	408
104.938	407
104.988	414
105.038	419
105.088	426
105.139	438
105.189	443
105.239	458
105.289	468
105.339	474
105.390	487
105.440	487
105.490	498
105.540	502
105.590	496
105.640	501
105.692	496
105.742	486
105.792	482
105.842	466
105.892	460
105.942	451
105.993	437
106.043	430
106.093	421
106.143	411
106.193	409
106.244	402
106.294	403
106.344	407
106.394	408
106.444	417
106.494	426
106.545	432
106.596	446
106.646	453
106.696	468
106.746	479
106.796	483
106.847	496
106.897	501
106.947	501
106.997	506
107.047	497
107.098	499
107.148	493
107.198	479
107.248	474
107.298	463
107.348	448
107.399	440
107.449	425
107.500	417
107.550	411
107.600	403
107.651	402
107.701	402
107.751	401
107.801	408
107.851	412
107.901	422
107.952	434
108.002	442
108.052	457
108.102	469
108.152	477
108.202	491
108.253	493
108.303	504
108.353	508
108.404	503
108.454	507
108.505	501
108.555	491
108.605	486
108.655	470
108.705	463
108.755	451
108.806	434
108.856	427
108.906	417
108.956	406
109.006	403
109.056	397
109.107	399
109.157	401
109.207	404
109.257	414
109.308	423
109.359	431
109.409	445
109.459	453
109.509	471
109.559	482
109.609	487
109.660	501
109.710	504
109.760	507
109.810	511
109.860	501
109.910	502
109.961	495
110.011	481
110.061	475
110.111	462
110.161	448
110.213	437
110.263	423
110.313	416
110.363	408
110.413	399
110.463	399
110.514	402
110.564	399
110.614	406
110.664	410
110.714	423
110.764	434
110.815	442
110.865	459
110.915	469
110.965	481
111.015	494
111.066	495
111.117	508
111.167	510
111.217	504
111.267	508
111.317	497
111.368	493
111.418	486
111.468	469
111.518	462
111.568	449
111.619	433
111.669	426
111.719	415
111.769	405
111.819	402
111.869	397
111.920	399
111.971	400
112.021	403
112.071	414
112.121	423
112.171	432
112.222	447
112.272	455
112.322	472
112.372	483
112.422	488
112.473	502
112.523	500
112.573	509
112.623	510
112.673	501
112.723	502
112.774	494
112.824	481
112.875	474
112.925	456
112.975	447
113.025	436
113.076	422
113.126	415
113.176	408
113.226	399
113.276	399
113.327	397
113.377	400
113.427	407
113.477	412
113.527	424
113.577	435
113.628	445
113.678	460
113.728	467
113.779	482
113.829	493
113.879	495
113.930	507
113.980	508
114.030	505
114.080	507
114.130	495
114.181	492
114.231	484
114.281	468
114.331	461
114.381	448
114.431	434
114.482	426
114.532	412
114.582	406
114.632	402
114.683	397
114.734	400
114.784	403
114.834	405
114.884	416
114.934	421
114.984	435
115.035	448
115.085	456
115.135	472
115.185	482
115.235	489
115.285	500
115.336	499
115.386	509
115.436	509
115.486	499
115.536	501
115.588	492
115.638	480
115.688	473
115.738	455
115.788	449
115.838	437
115.889	423
115.939	416
115.989	409
116.039	401
116.089	401
116.139	398
116.190	403
116.240	408
116.290	413
116.340	425
116.390	437
116.441	445
116.492	460
116.542	466
116.592	482
116.642	492
116.692	494
116.743	504
116.793	505
116.843	504
116.893	505
116.943	494
116.993	493
117.044	483
117.094	467
117.144	461
117.194	448
117.244	435
117.295	427
117.345	414
117.396	410
117.446	405
117.496	400
117.546	403
117.597	407
117.647	408
117.697	417
117.747	422
117.797	437
117.847	448
117.898	455
117.948	470
117.998	477
118.048	487
118.098	497
118.149	497
118.199	505
118.249	505
118.300	498
118.350	498
118.400	487
118.451	480
118.501	473
118.551	456
118.601	451
118.651	439
118.702	426
118.752	420
118.802	414
118.852	406
118.902	405
118.952	401
119.003	407
119.053	412
119.103	416
119.153	427
119.204	435
119.254	445
119.305	458
119.355	463
119.405	478
119.455	487
119.505	489
119.556	500
119.606	496
119.656	502
119.706	501
119.756	491
119.806	490
119.857	482
119.907	468
119.957	464
120.007	447
120.058	440
120.108	431
120.159	420
120.209	415
120.259	410
120.309	405
120.359	407
120.410	405
120.460	410
120.510	418
120.560	423
120.610	435
120.660	445
120.711	451
120.761	466
120.811	470
120.861	484
120.911	493
120.963	491
121.013	501
121.063	501
121.113	496
121.163	497
121.213	485
121.264	483
121.314	474
121.364	459
121.414	454
121.464	443
121.514	431
121.565	425
121.615	414
121.665	409
121.715	408
121.765	404
121.815	408
121.867	411
121.917	414
121.967	424
122.017	429
122.067	440
122.118	453
122.168	459
122.218	474
122.268	483
122.318	487
122.368	497
122.419	495
122.469	502
122.519	501
122.569	493
122.619	493
122.670	484
122.720	472
122.771	466
122.821	451
122.871	445
122.921	435
122.972	422
123.022	418
123.072	413
123.122	405
123.172	407
123.222	405
123.273	410
123.323	415
123.373	419
123.423	431
123.473	441
123.524	450
123.574	463
123.624	467
123.675	482
123.725	490
123.775	491
123.826	501
123.876	501
123.926	499
123.976	499
124.026	488
124.076	487
124.127	477
124.177	463
124.227	458
124.277	446
124.327	434
124.378	427
124.428	416
124.478	412
124.528	409
124.579	403
124.629	406
124.680	412
124.730	412
124.780	421
124.830	426
124.880	440
124.931	450
124.981	457
125.031	471
125.081	477
125.131	486
125.181	496
125.232	494
125.282	504
125.332	502
125.382	496
125.432	496
125.483	483
125.534	477
125.584	470
125.634	454
125.684	449
125.734	439
125.785	425
125.835	419
125.885	411
125.935	407
125.985	406
126.035	404
126.086	409
126.136	413
126.186	416
126.236	428
126.286	434
126.336	446
126.388	459
126.438	464
126.488	480
126.538	488
126.588	491
126.639	500
126.689	496
126.739	501
126.789	500
126.839	490
126.889	490
126.940	480
126.990	468
127.040	461
127.090	446
127.140	438
127.190	430
127.241	419
127.292	415
127.342	410
127.392	404
127.442	407
127.493	405
127.543	411
127.593	418
127.643	423
127.693	436
127.743	446
127.794	453
127.844	468
127.894	471
127.944	485
127.994	493
128.044	492
128.095	502
128.145	501
128.196	496
128.246	497
128.296	484
128.347	481
128.397	473
128.447	458
128.497	453
128.547	442
128.597	430
128.648	424
128.698	413
128.748	410
128.798	408
128.848	405
128.899	408
128.949	412
128.999	416
129.049	425
129.100	431
129.150	443
129.201	454
129.251	460
129.301	474
129.351	483
129.401	487
129.451	497
129.502	494
129.552	501
129.602	501
129.652	493
129.702	492
129.753	483
129.803	473
129.853	466
129.903	451
129.954	444
130.004	436
130.055	423
130.105	419
130.155	413
130.205	406
130.255	408
130.305	405
130.356	412
130.406	417
130.456	421
130.506	433
130.556	441
130.607	449
130.657	462
130.707	467
130.757	481
130.807	489
130.858	489
130.909	498
130.959	498
131.009	496
131.059	497
131.109	486
131.159	485
131.210	477
131.260	463
131.310	458
131.360	447
131.410	435
131.461	429
131.511	419
131.561	415
131.611	411
131.661	406
131.711	410
131.763	414
131.813	414
131.863	422
131.913	427
131.963	439
132.014	449
132.064	455
132.114	469
132.164	474
132.214	483
132.264	492
132.315	490
132.365	499
132.415	499
132.465	492
132.515	493
132.565	483
132.616	477
132.667	470
132.717	456
132.767	452
132.817	441
132.868	429
132.918	423
132.968	415
133.018	410
133.068	410
133.118	406
133.169	411
133.219	415
133.269	418
133.319	428
133.369	433
133.419	444
133.470	456
133.520	461
133.571	475
133.621	482
133.671	486
133.722	496
133.772	492
133.822	498
133.872	498
133.922	488
133.972	489
134.023	482
134.073	470
134.123	464
134.173	449
134.223	443
134.273	435
134.324	422
134.374	419
134.424	414
134.475	408
134.525	409
134.576	407
134.626	412
134.676	418
134.726	422
134.776	434
134.826	443
134.877	449
134.927	463
134.977	467
135.027	481
135.077	489
135.127	489
135.178	499
135.228	499
135.278	495
135.328	497
135.379	485
135.430	483
135.480	476
135.530	461
135.580	456
135.630	446
135.680	433
135.731	427
135.781	416
135.831	413
135.881	409
135.931	405
135.982	408
136.032	411
136.082	413
136.132	422
136.182	428
136.232	441
136.284	452
136.334	457
136.384	473
136.434	481
136.484	486
136.534	497
136.585	494
136.635	503
136.685	502
136.735	494
136.785	495
136.836	485
136.886	475
136.936	468
136.986	452
137.036	446
137.086	435
137.137	421
137.188	416
137.238	410
137.288	402
137.338	403
137.388	401
137.439	407
137.489	412
137.539	416
137.589	429
137.639	440
137.690	448
137.740	463
137.790	469
137.840	486
137.890	495
137.940	498
137.991	507
138.041	503
138.092	505
138.142	505
138.192	491
138.243	490
138.293	479
138.343	463
138.393	455
138.443	443
138.493	427
138.544	419
138.594	406
138.644	403
138.694	398
138.744	394
138.794	396
138.845	404
138.895	406
138.945	417
138.996	425
139.046	442
139.097	455
139.147	465
139.197	481
139.247	488
139.297	501
139.347	510
139.398	507
139.448	516
139.498	515
139.548	503
139.598	501
139.648	486
139.699	477
139.749	465
139.799	446
139.849	436
139.900	422
139.951	408
140.001	401
140.051	393
140.101	388
140.151	389
140.201	390
140.252	398
140.302	406
140.352	415
140.402	432
140.452	441
140.502	460
140.553	476
140.603	484
140.653	502
140.703	511
140.753	514
140.805	523
140.855	514
140.905	517
140.955	511
141.005	494
141.055	489
141.106	474
141.156	455
141.206	443
141.256	423
141.306	411
141.356	401
141.407	389
141.457	385
141.507	383
141.557	380
141.607	389
141.658	394
141.709	406
141.759	422
141.809	433
141.859	453
141.909	469
141.960	482
142.010	500
142.060	504
142.110	521
142.160	527
142.211	522
142.261	527
142.311	520
142.361	508
142.411	499
142.461	478
142.512	465
142.563	451
142.613	429
142.663	417
142.713	403
142.763	390
142.814	383
142.864	377
142.914	376
142.964	381
143.014	385
143.065	399
143.115	413
143.165	425
143.215	446
143.265	457
143.315	480
143.366	496
143.416	505
143.467	521
143.517	528
143.567	529
143.617	533
143.668	522
143.718	520
143.768	508
143.818	488
143.868	478
143.919	459
143.969	438
144.019	423
144.069	404
144.119	392
144.169	382
144.220	374
144.270	372
144.320	375
144.371	379
144.421	390
144.471	400
144.522	418
144.572	435
144.622	450
144.672	473
144.722	489
144.773	503
144.823	520
144.873	523
144.923	536
144.973	537
145.023	529
145.074	527
145.124	508
145.174	500
145.224	486
145.275	463
145.326	449
145.376	431
145.426	410
145.476	398
145.526	390
145.576	373
145.627	371
145.677	369
145.727	375
145.777	383
145.827	392
145.877	409
145.928	427
145.978	442
146.028	464
146.078	477
146.128	500
146.180	514
146.230	521
146.280	534
146.330	530
146.380	535
146.430	532
146.481	515
146.531	511
146.581	495
146.631	472
146.681	458
146.731	435
146.782	418
146.832	404
146.882	388
146.932	380
146.982	373
147.033	369
147.084	372
147.134	379
147.184	386
147.234	402
147.284	415
147.335	436
147.385	455
147.435	469
147.485	491
147.535	500
147.585	520
147.636	531
147.686	529
147.736	538
147.786	534
147.836	523
147.887	517
147.937	496
147.988	485
148.038	468
148.088	444
148.138	430
148.189	413
148.239	395
148.289	385
148.339	375
148.389	369
148.439	372
148.490	374
148.540	384
148.590	395
148.640	407
148.690	426
148.741	440
148.791	463
148.841	482
148.892	493
148.942	514
148.992	524
149.043	528
149.093	536
149.143	530
149.193	531
149.243	522
149.294	504
149.344	495
149.394	476
149.444	456
149.494	440
149.544	419
149.595	404
149.645	393
149.695	382
149.745	376
149.796	373
149.846	373
149.897	381
149.947	388
149.997	401
150.047	418
150.097	432
150.148	454
150.198	472
150.248	485
150.298	504
150.348	509
150.398	527
150.449	532
150.499	527
150.549	530
150.599	523
150.650	510
150.700	501
150.751	480
150.801	468
150.851	451
150.901	429
150.951	417
151.002	403
151.052	390
151.102	383
151.152	377
151.202	377
151.252	382
151.303	386
151.353	399
151.403	413
151.453	425
151.503	444
151.555	456
151.605	477
151.655	492
151.705	499
151.755	516
151.805	520
151.856	522
151.906	526
151.956	515
152.006	515
152.056	504
152.106	485
152.157	477
152.207	460
152.257	443
152.307	429
152.357	413
152.407	405
152.459	396
152.509	386
152.559	387
152.609	391
152.659	390
152.710	399
152.760	407
152.810	421
152.860	436
152.910	447
152.960	465
153.011	475
153.061	489
153.111	503
153.161	504
153.211	515
153.262	517
153.312	509
153.363	512
153.413	498
153.463	491
153.513	482
153.564	464
153.614	456
153.664	442
153.714	427
153.764	418
153.814	411
153.865	400
153.915	397
153.965	394
154.015	398
154.065	403
154.116	407
154.166	419
154.216	427
154.267	439
154.317	455
154.367	462
154.418	478
154.468	488
154.518	492
154.568	503
154.618	499
154.668	506
154.719	505
154.769	495
154.819	494
154.869	485
154.919	471
154.970	465
155.020	448
155.070	440
155.120	432
155.171	420
155.221	416
155.272	411
155.322	405
155.372	407
155.422	405
155.472	410
155.523	418
155.573	424
155.623	435
155.673	445
155.723	452
155.773	465
155.824	469
155.874	481
155.924	488
155.974	487
156.024	496
156.075	496
156.126	491
156.176	492
156.226	481
156.276	478
156.326	472
156.377	459
156.427	455
156.477	446
156.527	435
156.577	431
156.627	422
156.678	419
156.728	418
156.778	414
156.828	418
156.878	421
156.928	422
156.980	431
157.030	433
157.080	444
157.130	452
157.180	456
157.231	468
157.281	472
157.331	475
157.381	483
157.431	479
157.481	486
157.532	486
157.582	479
157.632	481
157.682	475
157.732	468
157.782	465
157.833	454
157.884	452
157.934	446
157.984	436
158.034	435
158.085	431
158.135	426
158.185	427
158.235	423
158.285	427
158.335	430
158.386	430
158.436	438
158.486	442
158.536	444
158.586	453
158.636	453
158.687	464
158.737	468
158.788	467
158.838	476
158.888	476
158.939	476
158.989	479
159.039	472
159.089	475
159.139	473
159.189	465
159.240	464
159.290	458
159.340	452
159.390	450
159.440	441
159.491	441
159.541	437
159.591	431
159.641	433
159.692	432
159.742	428
159.793	432
159.843	430
159.893	437
159.943	440
159.993	440
160.043	449
160.094	452
160.144	456
160.194	464
160.244	464
160.294	472
160.345	475
160.395	473
160.445	479
160.495	475
160.546	476
160.596	476
160.647	467
160.697	469
160.747	465
160.797	455
160.847	454
160.897	447
160.948	441
160.998	438
161.048	430
161.098	431
161.148	428
161.199	424
161.249	428
161.299	425
161.349	429
161.399	435
161.450	437
161.501	445
161.551	451
161.601	453
161.651	464
161.701	465
161.751	473
161.802	479
161.852	478
161.902	484
161.952	485
162.002	480
162.053	482
162.103	472
162.153	473
162.203	467
162.253	455
162.303	454
162.355	446
162.405	436
162.455	433
162.505	424
162.555	422
162.606	421
162.656	416
162.706	420
162.756	423
162.806	424
162.856	432
162.907	432
162.957	444
163.007	453
163.057	457
163.107	469
163.157	476
163.208	479
163.259	488
163.309	485
163.359	492
163.409	493
163.460	483
163.510	487
163.560	480
163.610	470
163.660	466
163.710	452
163.761	446
163.811	439
163.861	427
163.911	424
163.961	418
164.011	411
164.062	412
164.112	409
164.163	413
164.213	419
164.263	421
164.314	433
164.364	442
164.414	448
164.464	461
164.514	465
164.564	480
164.615	487
164.665	489
164.715	498
164.765	500
164.815	497
164.865	498
164.916	487
164.966	486
165.016	478
165.067	464
165.117	458
165.168	446
165.218	433
165.268	427
165.318	415
165.368	412
165.418	407
165.469	402
165.519	405
165.569	408
165.619	410
165.669	420
165.719	425
165.770	440
165.820	451
165.870	459
165.920	474
165.971	483
166.022	490
166.072	501
166.122	500
166.172	508
166.222	507
166.272	499
166.323	499
166.373	486
166.423	476
166.473	469
166.523	452
166.574	444
166.624	432
166.674	418
166.724	411
166.774	407
166.824	398
166.876	397
166.926	396
166.976	402
167.026	408
167.076	415
167.126	428
167.177	439
167.227	451
167.277	466
167.327	473
167.377	490
167.428	500
167.478	502
167.528	512
167.578	507
167.628	511
167.678	509
167.729	495
167.780	493
167.830	481
167.880	464
167.930	455
167.980	437
168.031	426
168.081	416
168.131	403
168.181	398
168.231	394
168.282	390
168.332	394
168.382	396
168.432	404
168.482	416
168.532	425
168.583	442
168.633	456
168.684	466
168.734	483
168.784	488
168.835	503
168.885	512
168.935	509
168.985	517
169.035	514
169.085	505
169.136	502
169.186	485
169.236	478
169.286	466
169.336	447
169.386	437
169.437	424
169.487	410
169.537	403
169.588	392
169.638	389
169.689	390
169.739	391
169.789	398
169.839	407
169.889	415
169.939	430
169.990	440
170.040	458
170.090	473
170.140	481
170.190	498
170.240	507
170.291	510
170.341	518
170.391	511
170.441	516
170.492	509
170.543	494
170.593	489
170.643	476
170.693	459
170.743	448
170.793	430
170.844	421
170.894	410
170.944	397
170.994	394
171.044	391
171.094	388
171.145	393
171.195	397
171.245	407
171.295	420
171.345	429
171.397	447
171.447	461
171.497	471
171.547	488
171.597	493
171.647	509
171.698	515
171.748	512
171.798	518
171.848	513
171.898	504
171.948	498
171.999	480
172.049	474
172.099	460
172.149	441
172.199	432
172.250	419
172.301	405
172.351	400
172.401	391
172.451	391
172.501	392
172.552	393
172.602	402
172.652	412
172.702	420
172.752	436
172.803	445
172.853	464
172.903	477
172.953	486
173.003	501
173.053	502
173.104	512
173.155	517
173.205	510
173.255	513
173.305	505
173.355	490
173.406	485
173.456	468
173.506	455
173.556	444
173.606	426
173.657	418
173.707	408
173.757	397
173.807	394
173.857	397
173.907	391
173.958	398
174.008	402
174.059	414
174.109	426
174.159	434
174.209	452
174.260	463
174.310	476
174.360	491
174.410	494
174.460	508
174.511	512
174.561	510
174.611	514
174.661	501
174.711	499
174.761	493
174.812	475
174.862	469
174.912	455
174.963	438
175.013	430
175.063	415
175.114	406
175.164	401
175.214	393
175.264	395
175.314	396
175.365	399
175.415	408
175.465	413
175.515	426
175.565	441
175.615	449
175.666	467
175.716	479
175.766	486
175.816	500
175.867	501
175.918	510
175.968	513
176.018	504
176.068	507
176.118	499
176.168	485
176.219	480
176.269	461
176.319	452
176.369	441
176.419	424
176.469	418
176.520	409
176.570	400
176.620	398
176.670	394
176.720	396
176.772	403
176.822	407
176.872	419
176.922	430
176.972	439
177.022	456
177.073	462
177.123	479
177.173	491
177.223	495
177.273	506
177.323	509
177.374	506
177.424	510
177.474	497
177.524	497
177.574	488
177.625	472
177.676	465
177.726	453
177.776	437
177.826	429
177.876	414
177.927	408
177.977	403
178.027	397
178.077	399
178.127	401
178.177	402
178.228	412
178.278	417
178.328	432
178.378	444
178.428	452
178.479	468
178.529	479
178.580	486
178.630	499
178.680	498
178.730	509
178.781	509
178.831	500
178.881	503
178.931	494
178.981	484
179.031	476
179.082	459
179.132	452
179.182	441
179.232	425
179.282	419
179.333	411
179.383	402
179.433	401
179.484	397
179.534	402
179.584	407
179.635	411
179.685	423
179.735	433
179.785	441
179.835	456
179.886	463
179.936	480
179.986	489
180.036	491
180.086	503
180.136	499
180.187	504
180.237	505
180.287	495
180.337	494
180.388	486
180.438	470
180.489	464
180.539	451
180.589	438
180.639	430
180.689	417
180.740	412
180.790	407
180.840	401
180.890	403
180.940	407
180.990	406
181.041	416
181.091	421
181.141	433
181.191	444
181.242	451
181.292	467
181.343	474
181.393	484
181.443	495
181.493	495
181.543	504
181.594	505
181.644	498
181.694	499
181.744	488
181.794	482
181.844	475
181.895	461
181.945	454
181.995	442
182.045	428
182.095	422
182.147	415
182.197	406
182.247	405
182.297	401
182.347	406
182.397	409
182.448	414
182.498	423
182.548	431
182.598	442
182.648	454
182.698	459
182.749	477
182.799	485
182.849	489
182.899	499
182.949	495
182.999	502
183.051	502
183.101	492
183.151	493
183.201	485
183.251	472
183.302	466
183.352	449
183.402	442
183.452	433
183.502	419
183.552	416
183.603	410
183.653	403
183.703	405
183.753	404
183.803	408
183.854	415
183.904	420
183.955	432
184.005	442
184.055	450
184.105	465
184.156	470
184.206	484
184.256	493
184.306	494
184.356	504
184.406	504
184.457	499
184.507	500
184.557	487
184.607	485
184.657	476
184.708	462
184.758	455
184.808	443
184.859	429
184.909	423
184.959	411
185.010	407
185.060	404
185.110	399
185.160	404
185.210	407
185.260	411
185.311	421
185.361	427
185.411	441
185.461	454
185.511	461
185.562	477
185.612	485
185.662	492
185.712	503
185.763	500
185.813	509
185.864	507
185.914	497
185.964	497
186.014	487
186.064	475
186.115	467
186.165	449
186.215	441
186.265	430
186.315	417
186.365	411
186.416	404
186.466	397
186.516	397
186.566	397
186.616	403
186.667	411
186.718	416
186.768	431
186.818	443
186.868	453
186.918	469
186.969	476
187.019	493
187.069	502
187.119	503
187.169	512
187.219	506
187.270	509
187.320	507
187.370	494
187.420	490
187.470	477
187.520	460
187.572	451
187.622	437
187.672	421
187.722	413
187.772	401
187.823	397
187.873	393
187.923	390
187.973	395
188.023	404
188.073	408
188.124	422
188.174	429
188.224	448
188.274	462
188.324	471
188.374	488
188.425	493
188.476	505
188.526	513
188.576	509
188.626	516
188.677	512
188.727	501
188.777	497
188.827	479
188.877	471
188.927	459
188.978	440
189.028	431
189.078	417
189.128	404
189.178	398
189.228	390
189.279	388
189.329	391
189.380	392
189.430	402
189.480	412
189.531	421
189.581	438
189.631	447
189.681	465
189.731	481
189.781	490
189.832	506
189.882	514
189.932	515
189.982	522
190.032	513
190.083	515
190.133	507
190.183	491
190.233	483
190.284	469
190.334	449
190.385	438
190.435	419
190.485	408
190.535	399
190.585	389
190.635	386
190.686	385
190.736	384
190.786	392
190.836	399
190.886	412
190.937	427
190.987	439
191.037	459
191.087	475
191.138	486
191.188	504
191.239	507
191.289	521
191.339	526
191.389	519
191.439	523
191.489	516
191.540	502
191.590	494
191.640	473
191.690	460
191.740	446
191.791	425
191.841	414
191.891	401
191.941	388
191.991	383
192.042	378
192.093	376
192.143	385
192.193	390
192.243	403
192.293	417
192.343	430
192.394	449
192.444	462
192.494	483
192.544	499
192.594	506
192.645	523
192.695	527
192.745	527
192.795	531
192.845	518
192.895	516
192.947	504
192.997	483
193.047	472
193.097	455
193.147	434
193.198	420
193.248	404
193.298	392
193.348	384
193.398	376
193.448	376
193.499	379
193.549	382
193.599	395
193.649	404
193.699	422
193.749	439
193.800	452
193.851	475
193.901	490
193.951	503
194.001	519
194.052	519
194.102	532
194.152	532
194.202	523
194.252	523
194.302	504
194.353	495
194.403	484
194.453	460
194.503	448
194.553	430
194.603	411
194.654	399
194.704	393
194.755	378
194.805	376
194.855	374
194.906	380
194.956	388
195.006	396
195.056	413
195.106	430
195.156	444
195.207	465
195.257	476
195.307	498
195.357	512
195.407	517
195.457	529
195.508	523
195.558	529
195.608	526
195.659	512
195.709	507
195.760	492
195.810	471
195.860	458
195.910	439
195.960	421
196.010	408
196.061	392
196.111	385
196.161	379
196.211	375
196.261	378
196.311	381
196.362	390
196.412	405
196.462	417
196.512	437
196.563	453
196.614	466
196.664	488
196.714	496
196.764	513
196.814	524
196.864	523
196.915	531
196.965	529
197.015	518
197.065	513
197.115	495
197.166	484
197.216	468
197.266	447
197.316	434
197.366	418
197.416	401
197.468	393
197.518	383
197.568	378
197.618	379
197.668	380
197.718	389
197.769	399
197.819	409
197.869	427
197.919	439
197.969	458
198.020	477
198.070	487
198.120	506
198.170	516
198.220	519
198.270	528
198.321	521
198.372	523
198.422	518
198.472	500
198.522	494
198.572	477
198.623	458
198.673	445
198.723	425
198.773	413
198.823	401
198.874	389
198.924	385
198.974	382
199.024	381
199.074	386
199.124	391
199.175	404
199.225	418
199.276	431
199.326	450
199.376	466
199.427	479
199.477	497
199.527	502
199.577	518
199.627	524
199.677	520
199.728	525
199.778	518
199.828	508
199.878	501
199.928	481
199.978	472
200.029	456
200.079	436
200.129	423
200.180	410
200.230	396
200.281	389
200.331	382
200.381	382
200.431	383
200.481	388
200.531	399
200.582	411
200.632	422
200.682	440
200.732	452
200.782	473
200.832	487
200.883	496
200.933	512
200.983	513
201.033	522
201.084	526
201.135	516
201.185	518
201.235	508
201.285	490
201.335	480
201.385	463
201.436	447
201.486	433
201.536	415
201.586	405
201.636	394
201.686	384
201.737	383
201.787	383
201.837	384
201.887	393
201.937	401
201.989	417
202.039	431
202.089	443
202.139	463
202.189	475
202.239	491
202.290	506
202.340	509
202.390	522
202.440	526
202.490	520
202.540	521
202.591	506
202.641	501
202.691	489
202.741	468
202.791	458
202.842	442
202.893	423
202.943	412
202.993	399
203.043	388
203.093	385
203.144	381
203.194	384
203.244	390
203.294	395
203.344	409
203.395	419
203.445	435
203.495	454
203.545	464
203.595	485
203.645	498
203.696	505
203.747	518
203.797	516
203.847	525
203.897	523
203.947	511
203.998	509
204.048	497
204.098	478
204.148	468
204.198	447
204.249	434
204.299	421
204.349	405
204.399	398
204.449	390
204.499	384
204.550	385
204.600	385
204.651	390
204.701	403
204.751	411
204.801	429
204.852	443
204.902	456
204.952	475
205.002	483
205.052	501
205.103	511
205.153	512
205.203	522
205.253	522
205.303	516
205.353	513
205.404	497
205.454	491
205.504	477
205.555	457
205.605	447
205.655	432
205.706	416
205.756	407
205.806	395
205.856	389
205.906	388
205.957	386
206.007	392
206.057	399
206.107	406
206.157	420
206.207	429
206.258	448
206.308	464
206.358	473
206.408	491
206.459	501
206.510	507
206.560	517
206.610	511
206.660	519
206.710	515
206.760	501
206.811	497
206.861	484
206.911	469
206.961	458
207.011	440
207.061	430
207.112	417
207.162	404
207.212	399
207.262	395
207.312	388
207.364	393
207.414	395
207.464	404
207.514	414
207.564	423
207.614	439
207.665	452
207.715	463
207.765	479
207.815	485
207.865	501
207.915	508
207.966	507
208.016	515
208.066	507
208.116	506
208.166	501
208.217	486
208.268	481
208.318	469
208.368	451
208.418	443
208.468	431
208.519	416
208.569	410
208.619	401
208.669	398
208.719	397
208.769	396
208.820	403
208.870	412
208.920	416
208.970	429
209.020	436
209.071	453
209.121	466
209.172	474
209.222	489
209.272	492
209.322	502
209.373	508
209.423	504
209.473	508
209.523	503
209.573	492
209.623	489
209.674	475
209.724	464
209.774	455
209.824	438
209.874	432
209.925	422
209.975	411
210.025	407
210.076	403
210.126	398
210.176	403
210.227	404
210.277	414
210.327	421
210.377	429
210.427	442
210.478	448
210.528	463
210.578	476
210.628	480
210.678	493
210.728	499
210.779	498
210.829	505
210.879	496
210.929	498
210.980	493
211.030	480
211.081	477
211.131	466
211.181	452
211.231	445
211.281	431
211.332	423
211.382	418
211.432	409
211.482	408
211.532	407
211.582	406
211.633	411
211.683	414
211.733	422
211.783	432
211.834	438
211.884	453
211.935	463
211.985	468
212.035	482
212.085	482
212.135	494
212.186	498
212.236	493
212.286	500
212.336	496
212.386	486
212.436	484
212.487	471
212.537	466
212.587	457
212.637	443
212.687	438
212.739	430
212.789	419
212.839	416
212.889	410
212.939	409
212.989	411
213.040	410
213.090	418
213.140	424
213.190	429
213.240	440
213.290	446
213.341	459
213.391	468
213.441	472
213.491	484
213.541	490
213.591	491
213.643	497
213.693	490
213.743	495
213.793	491
213.843	480
213.894	479
213.944	470
213.994	458
214.044	451
214.094	438
214.144	433
214.195	426
214.245	416
214.295	415
214.345	413
214.395	410
214.446	414
214.496	414
214.547	422
214.597	430
214.647	433
214.697	447
214.748	455
214.798	462
214.848	474
214.898	476
214.948	489
214.998	493
215.049	490
215.099	497
215.149	494
215.199	490
215.249	488
215.300	476
215.350	473
215.400	464
215.451	451
215.501	445
215.551	436
215.602	425
215.652	422
215.702	412
215.752	413
215.802	411
215.852	409
215.903	414
215.953	422
216.003	424
216.053	434
216.103	439
216.154	453
216.204	462
216.254	468
216.304	480
216.355	484
216.405	491
216.456	498
216.506	492
216.556	500
216.606	496
216.656	487
216.707	485
216.757	471
216.807	464
216.857	457
216.907	442
216.957	436
217.008	427
217.058	416
217.108	413
217.158	406
217.208	405
217.259	407
217.310	408
217.360	416
217.410	422
217.460	428
217.510	441
217.561	447
217.611	460
217.661	473
217.711	478
217.761	491
217.811	498
217.862	497
217.912	504
217.962	498
218.012	500
218.062	496
218.112	483
218.164	479
218.214	469
218.264	453
218.314	445
218.364	430
218.415	423
218.465	415
218.515	405
218.565	404
218.615	402
218.665	400
218.716	406
218.766	407
218.816	417
218.866	429
218.916	437
218.966	452
219.017	464
219.068	472
219.118	487
219.168	490
219.218	503
219.269	507
219.319	503
219.369	509
219.419	505
219.469	495
219.519	490
219.570	474
219.620	468
219.670	456
219.720	439
219.770	431
219.820	419
219.871	407
219.921	402
219.972	395
220.022	395
220.072	397
220.123	399
220.173	408
220.223	417
220.273	426
220.323	441
220.373	450
220.424	467
220.474	480
220.524	486
220.574	502
220.624	507
220.675	509
220.725	515
220.775	506
220.825	508
220.876	501
220.926	487
220.977	480
221.027	466
221.077	450
221.127	439
221.177	422
221.227	414
221.278	406
221.328	395
221.378	393
221.428	393
221.478	392
221.529	399
221.579	405
221.629	418
221.679	430
221.730	439
221.780	457
221.831	471
221.881	481
221.931	496
221.981	500
222.031	514
222.081	518
222.132	512
222.182	515
222.232	507
222.282	498
222.332	491
222.383	472
222.433	464
222.483	449
222.533	431
222.583	421
222.634	412
222.685	397
222.735	393
222.785	387
222.835	389
222.885	392
222.935	396
222.986	407
223.036	421
223.086	430
223.136	447
223.186	457
223.237	477
223.287	490
223.337	496
223.387	511
223.437	511
223.487	519
223.539	521
223.589	511
223.639	510
223.689	500
223.739	483
223.790	474
223.840	457
223.890	441
223.940	429
223.990	412
224.040	404
224.091	396
224.141	387
224.191	387
224.241	385
224.291	390
224.341	399
224.392	406
224.443	422
224.493	436
224.543	448
224.593	467
224.644	475
224.694	494
224.744	507
224.794	508
224.844	521
224.894	523
224.945	516
224.995	517
225.045	502
225.095	497
225.145	485
225.195	465
225.246	455
225.296	439
225.347	421
225.397	411
225.447	397
225.498	389
225.548	386
225.598	383
225.648	386
225.698	393
225.748	398
225.799	413
225.849	422
225.899	440
225.949	457
225.999	467
226.049	487
226.100	500
226.150	507
226.200	519
226.251	515
226.301	525
226.352	522
226.402	510
226.452	507
226.502	494
226.552	476
226.602	465
226.653	444
226.703	432
226.753	419
226.803	403
226.853	395
226.903	389
226.954	382
227.004	384
227.054	385
227.104	392
227.155	404
227.206	413
227.256	431
227.306	446
227.356	459
227.406	478
227.456	486
227.507	506
227.557	515
227.607	516
227.657	526
227.707	522
227.758	517
227.808	514
227.858	496
227.908	491
227.958	475
228.008	456
228.060	443
228.110	427
228.160	411
228.210	401
228.260	389
228.310	385
228.361	381
228.411	382
228.461	388
228.511	397
228.561	406
228.612	420
228.662	431
228.712	452
228.762	468
228.812	479
228.862	498
228.913	503
228.964	516
229.014	525
229.064	519
229.114	525
229.164	519
229.215	505
229.265	499
229.315	481
229.365	466
229.415	453
229.466	432
229.516	421
229.566	407
229.616	393
229.666	387
229.716	383
229.767	379
229.817	384
229.868	387
229.918	399
229.968	411
230.019	423
230.069	443
230.119	457
230.169	474
230.219	491
230.269	498
230.320	516
230.370	524
230.420	522
230.470	529
230.520	517
230.570	516
230.621	507
230.671	489
230.721	479
230.772	462
230.822	442
230.873	429
230.923	411
230.973	397
231.023	390
231.073	381
231.123	379
231.174	380
231.224	382
231.274	393
231.324	400
231.374	416
231.424	433
231.475	446
231.525	467
231.575	484
231.625	494
231.676	512
231.727	515
231.777	527
231.827	531
231.877	522
231.927	525
231.977	515
232.028	498
232.078	488
232.128	467
232.178	453
232.228	437
232.278	416
232.329	406
232.379	393
232.429	382
232.479	377
232.529	374
232.581	376
232.631	385
232.681	393
232.731	409
232.781	424
232.831	438
232.882	459
232.932	471
232.982	492
233.032	508
233.082	514
233.132	529
233.183	532
233.233	529
233.283	530
233.333	515
233.383	511
233.434	497
233.485	476
233.535	463
233.585	445
233.635	424
233.685	410
233.736	394
233.786	384
233.836	377
233.886	372
233.936	374
233.987	380
234.037	386
234.087	400
234.137	411
234.187	432
234.237	450
234.288	464
234.339	487
234.389	501
234.439	512
234.489	528
234.539	526
234.590	537
234.640	534
234.690	522
234.740	519
234.790	504
234.841	485
234.891	471
234.941	448
234.991	434
235.041	418
235.091	399
235.142	388
235.192	380
235.243	371
235.293	372
235.343	373
235.393	381
235.444	392
235.494	404
235.544	423
235.594	441
235.644	457
235.695	479
235.745	491
235.795	512
235.845	524
235.895	525
235.945	537
235.996	528
236.046	529
236.096	525
236.147	506
236.197	498
236.247	481
236.298	458
236.348	444
236.398	426
236.448	406
236.498	394
236.549	380
236.599	375
236.649	371
236.699	370
236.749	378
236.799	391
236.850	397
236.900	415
236.950	429
237.000	451
237.051	468
237.102	482
237.152	503
237.202	511
237.252	525
237.302	534
237.352	529
237.403	535
237.453	528
237.503	513
237.553	506
237.603	483
237.653	469
237.704	454
237.754	432
237.804	418
237.854	402
237.904	387
237.956	381
238.006	375
238.056	372
238.106	376
238.156	381
238.206	394
238.257	407
238.307	420
238.357	441
238.407	454
238.457	475
238.507	494
238.558	501
238.608	521
238.658	528
238.708	527
238.758	533
238.809	523
238.860	521
238.910	511
238.960	490
239.010	481
239.060	463
239.111	443
239.161	427
239.211	409
239.261	397
239.311	388
239.361	378
239.412	377
239.462	379
239.512	380
239.562	390
239.612	399
239.663	414
239.713	432
239.764	445
239.814	466
239.864	482
239.914	494
239.965	510
240.015	514
240.065	526
240.115	530
240.165	521
240.215	523
240.266	513
240.316	498
240.366	489
240.416	466
240.466	456
240.517	439
240.567	420
240.617	409
240.668	398
240.718	386
240.768	383
240.819	379
240.869	382
240.919	388
240.969	396
241.019	409
241.070	424
241.120	436
241.170	456
241.220	466
241.270	487
241.320	500
241.371	505
241.421	520
241.471	523
241.521	521
241.572	522
241.622	509
241.673	507
241.723	496
241.773	476
241.823	466
241.873	450
241.924	432
241.974	420
242.024	406
242.074	396
242.124	391
242.174	384
242.225	386
242.275	390
242.325	393
242.375	405
242.426	413
242.476	430
242.527	445
242.577	456
242.627	475
242.677	487
242.727	497
242.778	510
242.828	510
242.878	520
242.928	520
242.978	511
243.028	510
243.079	499
243.129	486
243.179	475
243.229	456
243.279	446
243.331	432
243.381	416
243.431	409
243.481	400
243.531	392
243.581	391
243.632	389
243.682	395
243.732	402
243.782	408
243.832	423
243.882	435
243.933	447
243.983	464
244.033	471
244.083	490
244.133	500
244.183	502
244.235	513
244.285	507
244.335	511
244.385	511
244.435	498
244.486	495
244.536	483
244.586	466
244.636	458
244.686	444
244.736	429
244.787	420
244.837	407
244.887	403
244.937	398
244.987	393
245.038	397
245.088	399
245.139	405
245.189	416
245.239	424
245.289	440
245.340	452
245.390	461
245.440	477
245.490	483
245.540	496
245.590	505
245.641	502
245.691	511
245.741	509
245.791	501
245.841	499
245.892	484
245.942	478
245.992	468
246.043	451
246.093	444
246.143	431
246.194	418
246.244	413
246.294	403
246.344	400
246.394	401
246.444	398
246.495	405
246.545	412
246.595	418
246.645	430
246.695	437
246.746	452
246.796	464
246.846	471
246.896	487
246.947	495
246.997	496
247.048	505
247.098	499
247.148	505
247.198	502
247.248	489
247.299	487
247.349	477
247.399	463
247.449	456
247.499	440
247.549	432
247.600	424
247.650	412
247.700	409
247.750	405
247.800	401
247.851	404
247.902	405
247.952	413
248.002	421
248.052	427
248.102	442
248.153	452
248.203	461
248.253	474
248.303	478
248.353	492
248.403	499
248.454	497
248.504	505
248.554	501
248.604	496
248.654	494
248.704	480
248.756	477
248.806	468
248.856	450
248.906	445
248.956	435
249.007	422
249.057	417
249.107	408
249.157	407
249.207	406
249.257	404
249.308	409
249.358	415
249.408	420
249.458	431
249.508	438
249.558	452
249.609	462
249.660	467
249.710	483
249.760	488
249.810	493
249.861	500
249.911	495
249.961	501
250.011	498
250.061	488
250.111	486
250.162	474
250.212	465
250.262	458
250.312	443
250.362	437
250.412	428
250.463	417
250.513	414
250.564	412
250.614	405
250.664	408
250.715	408
250.765	416
250.815	421
250.865	427
250.915	439
250.965	449
251.016	458
251.066	470
251.116	475
251.166	487
251.216	494
251.267	494
251.317	500
251.367	495
251.417	495
251.468	493
251.518	481
251.569	479
251.619	469
251.669	456
251.719	450
251.769	439
251.819	428
251.870	423
251.920	413
251.970	412
252.020	409
252.070	406
252.121	411
252.171	411
252.221	419
252.271	428
252.322	433
252.372	448
252.423	458
252.473	463
252.523	477
252.573	479
252.623	490
252.673	497
252.724	494
252.774	500
252.824	498
252.874	490
252.924	489
252.975	475
253.025	472
253.075	462
253.125	448
253.175	442
253.226	432
253.277	420
253.327	417
253.377	409
253.427	406
253.477	408
253.527	406
253.578	413
253.628	419
253.678	423
253.728	436
253.778	441
253.829	454
253.879	466
253.929	470
253.979	484
254.029	492
254.079	493
254.131	500
254.181	495
254.231	500
254.281	497
254.331	486
254.382	483
254.432	475
254.482	460
254.532	454
254.582	439
254.632	430
254.683	423
254.733	413
254.783	411
254.833	408
254.883	405
254.933	406
254.984	408
255.035	415
255.085	424
255.135	429
255.185	443
255.236	453
255.286	462
255.336	475
255.386	478
255.436	492
255.486	499
255.537	497
255.587	504
255.637	502
255.687	495
255.737	494
255.787	481
255.838	477
255.888	466
255.939	451
255.989	444
256.039	433
256.090	421
256.140	416
256.190	406
256.240	405
256.290	404
256.340	402
256.391	408
256.441	414
256.491	419
256.541	431
256.591	437
256.641	452
256.692	464
256.742	470
256.792	484
256.843	491
256.893	496
256.944	504
256.994	499
257.044	505
257.094	502
257.144	491
257.194	488
257.245	474
257.295	466
257.345	457
257.395	441
257.445	434
257.495	424
257.546	412
257.596	409
257.646	407
257.696	400
257.747	404
257.798	404
257.848	412
257.898	420
257.948	426
257.998	440
258.048	447
258.099	461
258.149	474
258.199	478
258.249	494
258.299	500
258.350	500
258.400	507
258.450	501
258.500	501
258.550	497
258.600	484
258.652	480
258.702	469
258.752	453
258.802	446
258.852	431
258.902	421
258.953	415
259.003	405
259.053	404
259.103	401
259.153	400
259.204	405
259.254	408
259.304	417
259.354	428
259.404	435
259.454	451
259.505	463
259.556	471
259.606	485
259.656	488
259.706	500
259.756	506
259.807	502
259.857	507
259.907	504
259.957	493
260.007	490
260.058	474
260.108	468
260.158	458
260.208	441
260.258	433
260.308	423
260.359	411
260.409	407
260.460	400
260.510	398
260.560	400
260.611	401
260.661	410
260.711	418
260.761	425
260.811	439
260.861	447
260.912	462
260.962	475
261.012	481
261.062	496
261.112	502
261.162	503
261.213	510
261.263	501
261.313	504
261.364	499
261.414	485
261.465	480
261.515	469
261.565	453
261.615	445
261.665	429
261.715	420
261.766	413
261.816	403
261.866	401
261.916	399
261.966	397
262.016	403
262.067	407
262.117	416
262.167	428
262.217	435
262.268	452
262.319	463
262.369	472
262.419	487
262.469	490
262.519	504
262.569	508
262.620	504
262.670	510
262.720	504
262.770	496
262.820	491
262.870	475
262.921	469
262.971	458
263.021	441
263.071	432
263.121	422
263.173	411
263.223	406
263.273	398
263.323	399
263.373	400
263.423	400
263.474	410
263.524	418
263.574	426
263.624	439
263.674	447
263.724	465
263.775	476
263.825	482
263.875	497
263.925	497
263.975	505
264.026	510
264.077	502
264.127	506
264.177	499
264.227	485
264.277	480
264.328	466
264.378	453
264.428	444
264.478	429
264.528	422
264.579	413
264.629	403
264.679	401
264.729	403
264.779	398
264.829	404
264.880	407
264.931	418
264.981	428
265.031	437
265.081	452
265.131	462
265.182	473
265.232	487
265.282	490
265.332	503
265.382	508
265.433	503
265.483	509
265.533	497
265.583	496
265.633	490
265.683	474
265.734	469
265.784	457
265.835	441
265.885	433
265.935	423
265.985	412
266.036	406
266.086	399
266.136	401
266.186	402
266.236	402
266.287	411
266.337	416
266.387	428
266.437	440
266.487	449
266.537	464
266.588	475
266.638	481
266.688	495
266.739	495
266.789	504
266.839	507
266.890	500
266.940	503
266.990	496
267.040	485
267.090	479
267.141	463
267.191	456
267.241	446
267.291	430
267.341	424
267.391	415
267.442	406
267.492	404
267.542	400
267.592	401
267.643	407
267.694	410
267.744	420
267.794	430
267.844	437
267.894	452
267.944	458
267.995	473
268.045	484
268.095	487
268.145	500
268.195	503
268.245	501
268.296	504
268.346	495
268.396	495
268.446	488
268.496	473
268.548	469
268.598	456
268.648	443
268.698	436
268.748	422
268.798	416
268.849	411
268.899	404
268.949	404
268.999	405
269.049	405
269.099	413
269.150	417
269.200	429
269.250	439
269.300	447
269.350	462
269.401	471
269.452	479
269.502	490
269.552	491
269.602	501
269.652	503
269.703	497
269.753	500
269.803	495
269.853	484
269.903	480
269.953	465
270.004	458
270.054	449
270.104	434
270.154	428
270.204	420
270.255	409
270.305	408
270.356	402
270.406	406
270.456	408
270.506	411
270.557	420
270.607	429
270.657	435
270.707	449
270.757	455
270.807	470
270.858	479
270.908	482
270.958	494
271.008	493
271.058	499
271.109	502
271.159	492
271.209	495
271.260	488
271.310	475
271.360	471
271.411	459
271.461	448
271.511	441
271.561	427
271.611	423
271.662	416
271.712	409
271.762	410
271.812	411
271.862	408
271.912	414
271.963	417
272.013	428
272.063	437
272.113	443
272.164	457
272.214	464
272.265	474
272.315	484
272.365	485
272.415	496
272.465	499
272.516	494
272.566	499
272.616	489
272.666	487
272.716	481
272.766	467
272.817	463
272.867	453
272.917	439
272.967	434
273.018	426
273.068	416
273.119	414
273.169	408
273.219	409
273.269	410
273.319	412
273.370	419
273.420	423
273.470	432
273.520	444
273.570	449
273.620	464
273.671	473
273.721	477
273.771	490
273.821	487
273.871	496
273.923	500
273.973	492
274.023	496
274.073	490
274.123	480
274.173	475
274.224	460
274.274	454
274.324	446
274.374	432
274.424	428
274.474	421
274.525	412
274.575	411
274.625	406
274.675	408
274.725	412
274.775	414
274.827	424
274.877	432
274.927	438
274.977	451
275.027	456
275.078	470
275.128	480
275.178	482
275.228	494
275.278	497
275.328	496
275.379	500
275.429	492
275.479	492
275.529	486
275.579	473
275.630	469
275.680	459
275.731	446
275.781	439
275.831	426
275.881	419
275.932	415
275.982	408
276.032	408
276.082	409
276.132	408
276.182	415
276.233	418
276.283	428
276.333	439
276.383	444
276.433	459
276.484	468
276.534	475
276.584	487
276.635	487
276.685	498
276.735	501
276.786	495
276.836	499
276.886	494
276.936	485
276.986	481
277.036	465
277.087	461
277.137	450
277.187	437
277.237	431
277.287	423
277.338	413
277.388	411
277.438	405
277.488	407
277.539	410
277.589	411
277.640	419
277.690	427
277.740	433
277.790	447
277.840	452
277.891	467
277.941	478
277.991	481
278.041	493
278.091	492
278.141	498
278.192	502
278.242	494
278.292	497
278.342	491
278.392	478
278.443	474
278.494	462
278.544	451
278.594	442
278.644	428
278.694	424
278.745	417
278.795	408
278.845	407
278.895	409
278.945	406
278.995	411
279.046	414
279.096	425
279.146	435
279.196	440
279.246	455
279.296	462
279.348	474
279.398	485
279.448	487
279.498	499
279.548	501
279.599	499
279.649	502
279.699	493
279.749	490
279.799	485
279.849	471
279.900	465
279.950	454
280.000	441
280.050	433
280.100	420
280.150	414
280.201	410
280.252	403
280.302	404
280.352	405
280.402	407
280.453	415
280.503	419
280.553	430
280.603	443
280.653	449
280.703	465
280.754	475
280.804	482
280.854	494
280.904	493
280.954	504
281.004	506
281.055	500
281.105	501
281.156	495
281.206	483
281.256	477
281.307	462
281.357	453
281.407	443
281.457	429
281.507	422
281.557	414
281.608	404
281.658	402
281.708	398
281.758	400
281.808	406
281.859	409
281.909	420
281.959	431
282.009	438
282.060	455
282.110	461
282.161	477
282.211	489
282.261	491
282.311	505
282.361	508
282.411	506
282.462	510
282.512	499
282.562	497
282.612	489
282.662	473
282.713	466
282.763	453
282.813	438
282.863	429
282.914	414
282.964	408
283.015	402
283.065	395
283.115	396
283.165	399
283.215	400
283.265	410
283.316	416
283.366	430
283.416	443
283.466	453
283.516	470
283.567	482
283.617	490
283.667	504
283.717	503
283.767	514
283.818	515
283.869	506
283.919	508
283.969	498
284.019	486
284.069	477
284.119	459
284.170	449
284.220	436
284.270	419
284.320	412
284.370	403
284.421	393
284.471	392
284.521	389
284.571	394
284.621	400
284.671	406
284.723	420
284.773	432
284.823	444
284.873	461
284.923	470
284.974	489
285.024	501
285.074	505
285.124	516
285.174	516
285.224	516
285.275	516
285.325	503
285.375	500
285.425	488
285.475	470
285.525	460
285.576	444
285.627	428
285.677	417
285.727	402
285.777	396
285.828	390
285.878	385
285.928	388
285.978	397
286.028	397
286.078	409
286.129	418
286.179	436
286.229	451
286.279	463
286.329	482
286.379	490
286.430	504
286.480	516
286.531	515
286.581	524
286.631	522
286.682	512
286.732	509
286.782	492
286.832	483
286.882	470
286.932	450
286.983	439
287.033	423
287.083	407
287.133	398
287.183	388
287.233	384
287.284	383
287.334	383
287.384	391
287.435	400
287.485	409
287.536	426
287.586	437
287.636	456
287.686	474
287.736	484
287.786	503
287.837	513
287.887	517
287.937	526
287.987	520
288.037	523
288.087	517
288.138	502
288.188	495
288.238	480
288.288	460
288.339	447
288.390	427
288.440	414
288.490	403
288.540	390
288.590	385
288.640	382
288.691	378
288.741	385
288.791	390
288.841	401
288.891	416
288.942	427
288.992	448
289.042	465
289.092	478
289.142	497
289.192	504
289.244	519
289.294	526
289.344	522
289.394	528
289.444	523
289.494	511
289.545	504
289.595	483
289.645	474
289.695	457
289.745	436
289.796	423
289.846	409
289.896	394
289.946	386
289.996	379
290.046	377
290.097	380
290.148	384
290.198	395
290.248	407
290.298	419
290.348	438
290.399	450
290.449	473
290.499	489
290.549	498
290.599	517
290.650	524
290.700	526
290.750	532
290.800	522
290.850	523
290.900	512
290.951	492
291.001	484
291.052	465
291.102	446
291.152	431
291.203	412
291.253	400
291.303	389
291.353	379
291.403	377
291.453	377
291.504	378
291.554	387
291.604	397
291.654	413
291.704	429
291.754	443
291.805	465
291.855	478
291.905	495
291.956	512
292.006	516
292.057	531
292.107	533
292.157	527
292.207	528
292.257	513
292.307	505
292.358	492
292.408	470
292.458	458
292.508	439
292.558	419
292.608	406
292.659	397
292.709	380
292.759	376
292.809	372
292.860	376
292.911	381
292.961	389
293.011	404
293.061	421
293.111	436
293.161	456
293.212	469
293.262	493
293.312	507
293.362	516
293.412	530
293.462	528
293.513	535
293.563	534
293.613	519
293.663	516
293.713	501
293.765	480
293.815	466
293.865	443
293.915	426
293.965	411
294.015	393
294.066	384
294.116	376
294.166	369
294.216	372
294.266	374
294.316	382
294.367	396
294.417	408
294.467	428
294.517	447
294.567	463
294.618	486
294.669	496
294.719	516
294.769	529
294.819	528
294.869	539
294.920	538
294.970	527
295.020	523
295.070	504
295.120	492
295.171	475
295.221	452
295.271	436
295.321	418
295.371	398
295.421	387
295.472	375
295.523	368
295.573	368
295.623	369
295.673	378
295.723	389
295.774	400
295.824	420
295.874	436
295.924	458
295.974	479
296.025	492
296.075	513
296.125	526
296.175	531
296.225	542
296.275	534
296.326	537
296.376	529
296.427	511
296.477	502
296.527	483
296.577	461
296.628	443
296.678	420
296.728	404
296.778	390
296.828	377
296.879	370
296.929	367
296.979	364
297.029	372
297.079	380
297.129	394
297.180	412
297.230	428
297.280	451
297.331	471
297.381	487
297.431	509
297.482	517
297.532	535
297.582	542
297.632	538
297.682	542
297.733	533
297.783	520
297.833	509
297.883	485
297.933	472
297.983	452
298.034	426
298.084	412
298.134	395
298.184	378
298.235	370
298.286	364
298.336	364
298.386	368
298.436	374
298.486	388
298.536	405
298.587	420
298.637	443
298.687	458
298.737	484
298.787	503
298.837	515
298.888	533
298.938	532
298.988	542
299.038	545
299.088	532
299.140	531
299.190	516
299.240	495
299.290	480
299.340	457
299.390	436
299.441	418
299.491	397
299.541	384
299.591	372
299.641	363
299.691	361
299.742	370
299.792	369
299.842	382
299.892	394
299.942	414
299.993	435
300.044	452
300.094	477
300.144	491
300.194	512
300.244	529
300.295	534
300.345	547
300.395	547
300.445	538
300.495	536
300.545	516
300.596	504
300.646	488
300.696	462
300.746	446
300.796	425
300.847	402
300.897	388
300.948	375
300.998	363
301.048	361
301.098	360
301.149	366
301.199	377
301.249	387
301.299	408
301.349	423
301.399	446
301.450	469
301.500	485
301.550	509
301.600	525
301.650	532
301.701	546
301.751	539
301.801	546
301.852	540
301.902	523
301.952	514
302.003	496
302.053	472
302.103	454
302.153	427
302.203	410
302.254	395
302.304	377
302.354	368
302.404	363
302.454	359
302.504	364
302.555	369
302.605	381
302.655	400
302.705	416
302.756	440
302.806	461
302.857	479
302.907	503
302.957	513
303.007	534
303.057	543
303.108	542
303.158	549
303.208	542
303.258	529
303.308	520
303.358	495
303.409	482
303.459	462
303.509	436
303.559	419
303.610	400
303.660	382
303.711	371
303.761	361
303.811	357
303.861	361
303.911	365
303.962	378
304.012	394
304.062	409
304.112	432
304.162	448
304.212	475
304.263	495
304.313	507
304.363	529
304.413	539
304.463	543
304.515	549
304.565	538
304.615	539
304.665	526
304.715	503
304.765	491
304.816	469
304.866	445
304.916	427
304.966	403
305.016	388
305.066	375
305.117	363
305.167	360
305.217	361
305.267	362
305.317	374
305.367	386
305.419	404
305.469	424
305.519	442
305.569	468
305.619	488
305.670	505
305.720	525
305.770	530
305.820	546
305.870	549
305.920	541
305.971	542
306.021	528
306.071	514
306.121	498
306.171	472
306.222	455
306.272	433
306.323	410
306.373	394
306.423	382
306.473	365
306.524	360
306.574	357
306.624	361
306.674	369
306.724	379
306.774	398
306.825	419
306.875	436
306.925	460
306.975	476
307.025	503
307.076	520
307.126	529
307.176	546
307.227	540
307.277	549
307.327	546
307.378	529
307.428	523
307.478	505
307.528	480
307.578	464
307.628	440
307.679	417
307.729	399
307.779	381
307.829	369
307.879	361
307.930	355
307.980	358
308.030	363
308.080	373
308.131	391
308.181	407
308.232	430
308.282	452
308.332	471
308.382	497
308.432	508
308.483	529
308.533	543
308.583	542
308.633	552
308.683	548
308.733	535
308.784	529
308.834	503
308.884	491
308.934	471
308.984	443
309.035	426
309.086	405
309.136	385
309.186	373
309.236	363
309.286	354
309.337	356
309.387	360
309.437	371
309.487	385
309.537	400
309.587	423
309.638	441
309.688	467
309.738	490
309.788	504
309.838	528
309.888	539
309.940	544
309.990	553
310.040	543
310.090	545
310.140	534
310.191	511
310.241	499
310.291	478
310.341	451
310.391	433
310.441	407
310.492	389
310.542	376
310.592	363
310.642	357
310.692	355
310.742	356
310.793	366
310.844	377
310.894	394
310.944	416
310.994	433
311.045	461
311.095	483
311.145	500
311.195	523
311.245	530
311.295	549
311.346	554
311.396	546
311.446	549
311.496	537
311.546	521
311.596	506
311.647	479
311.697	462
311.748	439
311.798	414
311.848	396
311.899	380
311.949	363
311.999	356
312.049	352
312.099	354
312.149	362
312.200	372
312.250	390
312.300	409
312.350	427
312.400	454
312.451	471
312.501	499
312.551	519
312.601	528
312.652	547
312.702	551
312.753	554
312.803	553
312.853	537
312.903	531
312.953	513
313.003	486
313.054	470
313.104	447
313.154	419
313.204	401
313.254	381
313.305	368
313.355	357
313.405	351
313.455	352
313.506	365
313.556	366
313.607	384
313.657	399
313.707	424
313.757	448
313.807	467
313.857	494
313.908	508
313.958	530
314.008	546
314.058	547
314.108	559
314.159	555
314.209	543
314.259	536
314.309	512
314.359	497
314.410	476
314.461	447
314.511	429
314.561	406
314.611	384
314.661	370
314.711	365
314.762	350
314.812	350
314.862	353
314.912	363
314.962	378
315.013	393
315.063	417
315.113	439
315.163	462
315.213	488
315.263	502
315.315	528
315.365	543
315.415	547
315.465	559
315.515	548
315.566	551
315.616	541
315.666	518
315.716	506
315.766	483
315.816	456
315.867	435
315.917	409
315.967	388
316.017	374
316.067	359
316.117	352
316.168	349
316.219	349
316.269	359
316.319	370
316.369	388
316.420	410
316.470	429
316.520	458
316.570	481
316.620	501
316.670	524
316.721	533
316.771	552
316.821	559
316.871	552
316.921	556
316.971	544
317.022	525
317.072	512
317.123	484
317.173	466
317.223	442
317.274	415
317.324	396
317.374	378
317.424	361
317.474	353
317.524	347
317.575	347
317.625	356
317.675	364
317.725	384
317.775	404
317.825	423
317.876	451
317.926	469
317.976	498
318.027	520
318.077	531
318.128	551
318.178	556
318.228	555
318.278	558
318.328	542
318.378	536
318.429	518
318.479	491
318.529	474
318.579	449
318.629	422
318.679	402
318.730	380
318.780	366
318.830	355
318.880	347
318.931	347
318.982	354
319.032	361
319.082	379
319.132	394
319.182	419
319.232	443
319.283	463
319.333	492
319.383	512
319.433	529
319.483	547
319.534	547
319.584	561
319.634	559
319.684	544
319.734	540
319.784	520
319.836	500
319.886	481
319.936	452
319.986	432
320.036	408
320.086	386
320.137	371
320.187	366
320.237	348
320.287	348
320.337	350
320.388	360
320.438	374
320.488	389
320.538	413
320.588	437
320.638	459
320.689	485
320.740	500
320.790	527
320.840	542
320.890	546
320.940	560
320.991	548
321.041	551
321.091	543
321.141	521
321.191	510
321.242	487
321.292	459
321.342	439
321.392	415
321.442	392
321.492	377
321.543	360
321.593	354
321.644	349
321.694	349
321.744	358
321.795	375
321.845	385
321.895	406
321.945	425
321.995	453
322.045	477
322.096	495
322.146	520
322.196	530
322.246	548
322.296	557
322.346	550
322.397	557
322.447	546
322.497	527
322.548	515
322.598	487
322.649	469
322.699	447
322.749	420
322.799	401
322.849	382
322.899	365
322.950	356
323.000	350
323.050	348
323.100	356
323.150	365
323.200	382
323.251	401
323.301	419
323.351	445
323.401	464
323.452	491
323.503	514
323.553	523
323.603	545
323.653	553
323.703	551
323.753	557
323.804	540
323.854	537
323.904	520
323.954	495
324.004	478
324.054	455
324.105	428
324.155	409
324.205	387
324.255	372
324.305	361
324.357	352
324.407	352
324.457	357
324.507	362
324.557	378
324.607	392
324.658	415
324.708	438
324.758	457
324.808	485
324.858	505
324.908	520
324.959	539
325.009	541
325.059	556
325.109	555
325.159	542
325.210	540
325.261	523
325.311	503
325.361	486
325.411	457
325.461	438
325.512	416
325.562	393
325.612	378
325.662	367
325.712	356
325.763	353
325.813	353
325.863	361
325.913	374
325.963	388
326.013	409
326.064	431
326.115	450
326.165	477
326.215	491
326.265	518
326.315	534
326.366	538
326.416	553
326.466	552
326.516	547
326.566	542
326.617	523
326.667	512
326.717	491
326.767	465
326.817	446
326.867	425
326.918	401
326.968	385
327.019	369
327.069	360
327.119	355
327.169	353
327.220	360
327.270	377
327.320	382
327.370	403
327.420	420
327.471	447
327.521	469
327.571	486
327.621	512
327.671	519
327.721	539
327.772	550
327.822	545
327.872	552
327.923	545
327.973	526
328.023	517
328.074	492
328.124	474
328.174	454
328.224	428
328.274	411
328.325	391
328.375	372
328.425	363
328.475	359
328.525	353
328.575	358
328.626	365
328.676	380
328.726	397
328.776	414
328.827	439
328.878	459
328.928	482
328.978	505
329.028	515
329.078	538
329.128	547
329.179	547
329.229	553
329.279	539
329.329	536
329.379	523
329.429	497
329.480	484
329.530	461
329.580	435
329.630	417
329.680	394
329.732	378
329.782	367
329.832	357
329.882	355
329.932	357
329.982	362
330.033	376
330.083	388
330.133	408
330.183	432
330.233	450
330.283	477
330.334	498
330.384	512
330.434	534
330.484	536
330.534	552
330.585	553
330.636	542
330.686	542
330.736	528
330.786	506
330.836	491
330.887	463
330.937	444
330.987	423
331.037	400
331.087	384
331.137	370
331.188	358
331.238	355
331.288	354
331.338	358
331.388	370
331.439	384
331.489	404
331.540	425
331.590	444
331.640	471
331.690	486
331.741	513
331.791	530
331.841	536
331.891	552
331.941	554
331.991	547
332.042	546
332.092	526
332.142	517
332.192	498
332.242	471
332.293	452
332.343	429
332.393	405
332.444	388
332.494	370
332.544	360
332.595	354
332.645	351
332.695	356
332.745	367
332.795	378
332.846	398
332.896	414
332.946	440
332.996	464
333.046	482
333.096	508
333.147	525
333.197	538
333.247	552
333.297	547
333.348	556
333.398	550
333.449	532
333.499	523
333.549	503
333.599	480
333.649	459
333.700	432
333.750	412
333.800	392
333.850	373
333.900	362
333.950	356
334.001	348
334.051	353
334.101	359
334.151	374
334.202	390
334.252	409
334.303	434
334.353	457
334.403	478
334.453	504
334.503	517
334.554	540
334.604	551
334.654	551
334.704	558
334.754	544
334.804	541
334.855	529
334.905	504
334.955	489
335.005	466
335.055	438
335.107	417
335.157	401
335.207	376
335.257	363
335.307	353
335.357	349
335.408	349
335.458	355
335.508	368
335.558	383
335.608	402
335.658	427
335.709	446
335.759	475
335.809	498
335.859	513
335.909	537
335.959	538
336.011	555
336.061	560
336.111	549
336.161	549
336.211	534
336.262	512
336.312	496
336.362	469
336.412	446
336.462	424
336.512	400
336.563	382
336.613	367
336.663	353
336.713	349
336.763	347
336.814	352
336.864	364
336.915	378
336.965	397
337.015	420
337.065	440
337.116	468
337.166	485
337.216	513
337.266	532
337.316	539
337.366	556
337.417	560
337.467	553
337.517	552
337.567	531
337.617	523
337.668	503
337.718	475
337.768	456
337.819	431
337.869	405
337.919	387
337.970	369
338.020	355
338.070	350
338.120	347
338.170	351
338.220	361
338.271	372
338.321	392
338.371	410
338.421	434
338.471	461
338.522	480
338.572	507
338.622	526
338.672	539
338.723	554
338.773	553
338.824	562
338.874	555
338.924	537
338.974	529
339.024	508
339.075	483
339.125	463
339.175	434
339.225	413
339.275	393
339.325	372
339.376	360
339.426	351
339.476	345
339.526	349
339.576	354
339.627	368
339.678	385
339.728	404
339.778	430
339.828	453
339.878	476
339.929	502
339.979	517
340.029	541
340.079	553
340.129	552
340.179	563
340.230	555
340.280	546
340.330	535
340.380	508
340.430	493
340.480	469
340.532	438
340.582	419
340.632	397
340.682	374
340.732	361
340.783	349
340.833	345
340.883	345
340.933	351
340.983	363
341.033	386
341.084	398
341.134	424
341.184	444
341.234	475
341.284	499
341.334	515
341.385	540
341.436	543
341.486	558
341.536	565
341.586	556
341.637	555
341.687	540
341.737	514
341.787	499
341.837	471
341.887	446
341.938	424
341.988	397
342.038	379
342.088	362
342.138	348
342.188	343
342.239	349
342.289	345
342.340	358
342.390	373
342.440	395
342.491	418
342.541	440
342.591	470
342.641	490
342.691	517
342.741	539
342.792	544
342.842	563
342.892	567
342.942	559
342.992	559
343.043	536
343.093	525
343.143	505
343.193	475
343.244	454
343.294	427
343.345	400
343.395	381
343.445	361
343.495	347
343.545	342
343.595	339
343.646	344
343.696	354
343.746	367
343.796	389
343.846	409
343.897	437
343.947	465
343.997	485
344.047	515
344.098	536
344.148	546
344.199	564
344.249	559
344.299	568
344.349	562
344.399	540
344.449	532
344.500	509
344.550	480
344.600	459
344.650	427
344.700	404
344.751	384
344.801	362
344.851	350
344.901	342
344.951	336
345.002	340
345.053	349
345.103	362
345.153	384
345.203	404
345.253	433
345.303	459
345.354	482
345.404	512
345.454	525
345.504	551
345.554	564
345.605	563
345.655	571
345.705	564
345.755	549
345.805	536
345.855	508
345.907	489
345.957	464
346.007	433
346.057	411
346.107	387
346.158	365
346.208	351
346.258	340
346.308	334
346.358	338
346.408	345
346.459	360
346.509	379
346.559	400
346.609	428
346.659	449
346.709	481
346.760	507
346.811	524
346.861	549
346.911	559
346.961	567
347.012	573
347.062	560
347.112	558
347.162	541
347.212	514
