#Creator: pendulumdriveEventBuffer
#Creation time: Tue Mar 21 16:00:21 2017
#Time	Pos
#[s]	[au]
0.051	492
0.101	533
0.151	578
0.201	601
0.251	636
0.301	647
0.352	641
0.402	642
0.452	605
0.502	587
0.552	555
0.603	510
0.654	470
0.704	425
0.754	379
0.804	339
0.854	313
0.905	275
0.955	259
1.005	256
1.055	256
1.105	273
1.155	300
1.206	337
1.256	379
1.306	417
1.356	466
1.406	503
1.457	555
1.507	592
1.558	613
1.608	642
1.658	632
1.708	644
1.759	637
1.809	603
1.859	578
1.909	540
1.959	494
2.009	452
2.060	403
2.110	360
2.160	322
2.210	290
2.260	266
2.311	255
2.361	254
2.411	262
2.462	286
2.512	315
2.562	352
2.613	391
2.663	440
2.713	485
2.763	523
2.813	572
2.863	596
2.914	630
2.964	647
3.014	638
3.064	645
3.114	628
3.165	589
3.215	561
3.265	515
3.315	476
3.366	431
3.416	384
3.467	343
3.517	307
3.567	278
3.617	260
3.667	256
3.718	256
3.768	271
3.818	298
3.868	334
3.918	371
3.968	413
4.019	462
4.069	499
4.119	549
4.169	589
4.219	610
4.270	640
4.321	646
4.371	640
4.421	637
4.471	602
4.521	577
4.572	541
4.622	495
4.672	453
4.722	407
4.772	362
4.822	324
4.873	292
4.923	265
4.973	256
5.023	258
5.073	265
5.123	289
5.175	318
5.225	354
5.275	393
5.325	440
5.375	487
5.426	524
5.476	572
5.526	602
5.576	623
5.626	644
5.676	634
5.727	641
5.777	623
5.827	584
5.877	555
5.927	514
5.977	469
6.028	426
6.079	381
6.129	340
6.179	307
6.229	280
6.280	264
6.330	277
6.380	264
6.430	279
6.480	308
6.530	340
6.581	380
6.631	420
6.681	469
6.731	505
6.781	549
6.831	590
6.882	607
6.932	637
6.983	641
7.033	631
7.083	626
7.134	588
7.184	562
7.234	531
7.284	483
7.334	444
7.384	400
7.435	358
7.485	322
7.535	303
7.585	273
7.635	266
7.686	268
7.736	278
7.786	300
7.836	334
7.887	369
7.937	411
7.988	451
8.038	496
8.088	530
8.138	574
8.188	603
8.238	616
8.289	633
8.339	620
8.389	620
8.439	605
8.489	566
8.540	537
8.590	500
8.640	454
8.690	415
8.741	375
8.791	338
8.842	309
8.892	289
8.942	278
8.992	277
9.042	284
9.092	300
9.143	328
9.193	361
9.243	401
9.293	437
9.343	482
9.394	519
9.444	550
9.494	586
9.544	597
9.594	615
9.645	620
9.696	606
9.746	600
9.796	573
9.846	535
9.896	507
9.947	463
9.997	426
10.047	392
10.097	355
10.147	329
10.197	309
10.248	296
10.298	293
10.348	297
10.398	308
10.448	333
10.498	361
10.550	397
10.600	432
10.650	466
10.700	505
10.750	529
10.801	563
10.851	584
10.901	589
10.951	601
11.001	597
11.051	580
11.102	567
11.152	535
11.202	508
11.252	477
11.302	439
11.352	410
11.403	381
11.454	353
11.504	334
11.554	321
11.604	313
11.655	317
11.705	325
11.755	342
11.805	365
11.855	388
11.905	421
11.956	448
12.006	482
12.056	511
12.106	529
12.156	555
12.206	564
12.257	570
12.307	575
12.358	562
12.408	557
12.458	538
12.509	510
12.559	490
12.609	461
12.659	433
12.709	410
12.759	385
12.810	366
12.860	355
12.910	345
12.960	343
13.010	351
13.060	354
13.111	369
13.161	385
13.211	407
13.262	432
13.312	452
13.363	480
13.413	500
13.463	516
13.513	535
13.563	537
13.613	551
13.664	550
13.714	539
13.764	535
13.814	514
13.864	499
13.915	483
13.965	457
14.015	439
14.065	419
14.115	397
14.166	384
14.217	379
14.267	362
14.317	362
14.367	362
14.417	370
14.467	381
14.518	392
14.568	412
14.618	431
14.668	448
14.718	472
14.769	484
14.819	508
14.869	521
14.919	525
14.969	537
15.019	530
15.071	532
15.121	528
15.171	509
15.221	502
15.271	484
15.321	461
15.372	445
15.422	422
15.472	405
15.522	392
15.572	378
15.623	371
15.673	367
15.723	366
15.773	372
15.823	378
15.873	392
15.924	410
15.975	424
16.025	447
16.075	468
16.125	483
16.175	506
16.226	512
16.276	529
16.326	539
16.376	533
16.426	539
16.477	530
16.527	514
16.577	504
16.627	480
16.677	464
16.727	445
16.778	420
16.828	405
16.879	387
16.929	373
16.979	364
17.030	358
17.080	357
17.130	365
17.180	374
17.230	390
17.280	408
17.331	425
17.381	451
17.431	468
17.481	493
17.531	514
17.581	524
17.632	543
17.682	548
17.732	545
17.783	548
17.833	530
17.884	523
17.934	506
17.984	478
18.034	462
18.084	438
18.134	411
18.185	392
18.235	371
18.285	357
18.335	350
18.385	345
18.435	348
18.486	357
18.536	367
18.586	387
18.636	406
18.687	433
18.738	460
18.788	481
18.838	509
18.888	528
18.938	541
18.988	558
19.039	556
19.089	564
19.139	558
19.189	539
19.239	527
19.289	502
19.340	474
19.390	451
19.440	420
19.490	395
19.540	374
19.592	353
19.642	342
19.692	337
19.742	332
19.792	338
19.842	349
19.893	368
19.943	392
19.993	415
20.043	446
20.093	472
20.143	500
20.194	528
20.244	542
20.294	565
20.344	573
20.394	568
20.445	573
20.496	550
20.546	540
20.596	520
20.646	487
20.696	464
20.747	434
20.797	401
20.847	376
20.897	361
20.947	336
20.998	327
21.048	323
21.098	325
21.148	336
21.198	352
21.248	377
21.299	405
21.350	431
21.400	465
21.450	489
21.500	524
21.550	547
21.601	560
21.651	577
21.701	570
21.751	577
21.801	572
21.852	547
21.902	533
21.952	506
22.002	472
22.052	445
22.102	411
22.153	381
22.203	359
22.254	338
22.304	327
22.354	321
22.404	320
22.455	330
22.505	345
22.555	366
22.605	394
22.655	420
22.706	456
22.756	486
22.806	511
22.856	541
22.906	552
22.956	572
23.007	581
23.057	573
23.107	574
23.158	558
23.208	532
23.259	512
23.309	477
23.359	448
23.409	419
23.459	388
23.509	366
23.560	346
23.610	331
23.660	325
23.710	323
23.760	328
23.810	344
23.861	363
23.911	390
23.961	418
24.011	446
24.062	479
24.113	501
24.163	533
24.213	554
24.263	560
24.313	576
24.363	576
24.414	565
24.464	559
24.514	530
24.564	512
24.614	486
24.664	451
24.715	424
24.765	396
24.815	369
24.865	351
24.915	336
24.967	328
25.017	329
25.067	333
25.117	347
25.167	366
25.217	387
25.268	416
25.318	441
25.368	474
25.418	504
25.468	522
25.518	549
25.569	560
25.619	565
25.669	572
25.719	558
25.769	554
25.820	536
25.871	509
25.921	487
25.971	457
26.021	425
26.071	401
26.122	374
26.172	355
26.222	344
26.272	334
26.322	336
26.372	342
26.423	349
26.473	370
26.523	389
26.573	416
26.623	446
26.674	469
26.724	500
26.775	522
26.825	539
26.875	556
26.925	555
26.976	567
27.026	560
27.076	541
27.126	531
27.176	501
27.227	480
27.277	456
27.327	425
27.377	402
27.427	380
27.477	360
27.528	349
27.578	349
27.628	339
27.679	346
27.729	357
27.779	373
27.830	397
27.880	418
27.930	448
27.980	471
28.030	496
28.081	522
28.131	532
28.181	553
28.231	559
28.281	552
28.331	554
28.382	535
28.432	522
28.482	505
28.532	474
28.583	454
28.633	428
28.684	402
28.734	383
28.784	367
28.834	352
28.884	348
28.935	347
28.985	352
29.035	365
29.085	379
29.135	402
29.185	420
29.236	447
29.286	475
29.336	491
29.386	519
29.436	535
29.487	541
29.538	553
29.588	544
29.638	545
29.688	536
29.738	514
29.789	500
29.839	477
29.889	448
29.939	429
29.989	402
30.039	384
30.090	371
30.140	359
30.190	355
30.240	356
30.290	359
30.340	372
30.392	386
30.442	405
30.492	429
30.542	447
30.592	475
30.643	495
30.693	508
30.743	528
30.793	531
30.843	543
30.893	543
30.944	531
30.994	527
31.044	511
31.094	490
31.144	473
31.195	447
31.245	428
31.296	410
31.346	390
31.396	380
31.446	371
31.497	365
31.547	366
31.597	370
31.647	380
31.697	396
31.747	410
31.798	433
31.848	453
31.898	467
31.948	490
31.998	499
32.049	517
32.099	527
32.150	524
32.200	530
32.250	525
32.300	511
32.351	503
32.401	482
32.451	468
32.501	451
32.551	431
32.601	417
32.652	403
32.702	390
32.752	385
32.802	378
32.852	380
32.903	386
32.953	393
33.003	407
33.054	421
33.104	433
33.154	453
33.205	462
33.255	482
33.305	496
33.355	499
33.405	512
33.455	513
33.506	510
33.556	510
33.606	496
33.656	490
33.706	480
33.757	462
33.807	452
33.857	439
33.907	423
33.958	415
34.008	405
34.059	400
34.109	399
34.159	396
34.209	402
34.259	411
34.310	414
34.360	427
34.410	435
34.460	450
34.510	463
34.560	468
34.611	482
34.661	485
34.711	492
34.761	497
34.811	491
34.862	495
34.913	490
34.963	479
35.013	475
35.063	463
35.113	454
35.164	447
35.214	434
35.264	429
35.314	424
35.364	417
35.414	416
35.465	415
35.515	415
35.565	420
35.615	421
35.665	431
35.715	437
35.767	441
35.817	452
35.867	455
35.917	463
35.967	472
36.018	471
36.068	479
36.118	480
36.168	476
36.218	479
36.268	471
36.319	470
36.369	468
36.419	456
36.469	458
36.519	451
36.569	443
36.620	442
36.671	434
36.721	432
36.771	432
36.821	427
36.872	431
36.922	430
36.972	429
37.022	435
37.072	433
37.122	440
37.173	445
37.223	445
37.273	454
37.323	458
37.373	458
37.423	465
37.474	463
37.524	468
37.575	471
37.625	467
37.675	472
37.726	470
37.776	465
37.826	467
37.876	458
37.926	458
37.976	455
38.027	447
38.077	446
38.127	441
38.177	435
38.227	434
38.278	427
38.328	427
38.378	428
38.428	426
38.479	430
38.529	433
38.580	433
38.630	441
38.680	442
38.730	451
38.780	459
38.830	460
38.881	471
38.931	475
38.981	475
39.031	482
39.081	477
39.132	481
39.182	481
39.232	472
39.282	470
39.332	464
39.383	453
39.434	449
39.484	436
39.534	432
39.584	426
39.634	417
39.684	416
39.735	414
39.785	412
39.835	416
39.885	416
39.935	424
39.986	433
40.036	438
40.086	452
40.136	462
40.186	468
40.236	481
40.288	483
40.338	494
40.388	497
40.438	492
40.488	497
40.539	490
40.589	482
40.639	477
40.689	462
40.739	454
40.789	443
40.840	428
40.890	421
40.940	413
40.990	402
41.040	400
41.090	395
41.141	400
41.192	405
41.242	409
41.292	422
41.342	434
41.393	444
41.443	461
41.493	469
41.543	487
41.593	498
41.643	500
41.694	511
41.744	506
41.794	507
41.844	507
41.894	493
41.944	487
41.995	473
42.045	454
42.096	443
42.146	429
42.196	412
42.247	402
42.297	391
42.347	387
42.397	385
42.447	385
42.497	392
42.548	399
42.598	411
42.648	428
42.698	440
42.748	462
42.798	478
42.849	489
42.899	506
42.950	509
43.000	518
43.050	524
43.101	515
43.151	516
43.201	506
43.251	487
43.301	477
43.351	454
43.402	439
43.452	425
43.502	406
43.552	395
43.602	385
43.652	376
43.703	377
43.753	376
43.803	384
43.854	396
43.904	408
43.955	427
44.005	444
44.055	459
44.105	482
44.155	492
44.205	510
44.256	523
44.306	522
44.356	531
44.406	527
44.456	515
44.507	509
44.557	489
44.607	474
44.657	458
44.707	435
44.758	420
44.809	404
44.859	388
44.909	380
44.959	373
45.009	370
45.059	376
45.110	381
45.160	396
45.210	411
45.260	426
45.310	448
45.361	462
45.411	484
45.461	502
45.511	510
45.561	526
45.611	530
45.663	527
45.713	528
45.763	514
45.813	506
45.863	492
45.913	468
45.964	454
46.014	435
46.064	414
46.114	400
46.164	385
46.215	376
46.265	374
46.315	371
46.365	378
46.415	387
46.465	397
46.516	415
46.567	430
46.617	451
46.667	471
46.717	482
46.767	505
46.818	515
46.868	521
46.918	530
46.968	522
47.018	523
47.069	515
47.119	497
47.169	486
47.219	467
47.269	446
47.319	431
47.370	411
47.420	398
47.471	388
47.521	378
47.571	377
47.622	379
47.672	381
47.722	393
47.772	404
47.822	419
47.872	439
47.923	452
47.973	474
48.023	489
48.073	500
48.123	514
48.173	514
48.224	524
48.274	523
48.324	511
48.375	506
48.425	488
48.476	475
48.526	462
48.576	441
48.626	428
48.676	414
48.726	399
48.777	392
48.827	391
48.877	382
48.927	388
48.977	390
49.027	403
49.078	415
49.128	427
49.178	445
49.228	459
49.279	473
49.330	490
49.380	494
49.430	509
49.480	513
49.530	510
49.580	511
49.631	500
49.681	493
49.731	483
49.781	465
49.831	456
49.881	442
49.932	425
49.982	416
50.032	404
50.082	398
50.132	397
50.184	394
50.234	401
50.284	406
50.334	412
50.384	426
50.434	433
50.485	448
50.535	464
50.585	470
50.635	486
50.685	493
50.735	494
50.786	501
50.836	494
50.886	495
50.936	491
50.986	477
51.037	474
51.088	463
51.138	448
51.188	441
51.238	428
51.288	421
51.339	417
51.389	409
51.439	411
51.489	411
51.539	411
51.590	420
51.640	424
51.690	433
51.740	444
51.790	448
51.840	462
51.891	469
51.942	471
51.992	481
52.042	479
52.092	484
52.142	485
52.193	477
52.243	478
52.293	472
52.343	462
52.393	459
52.444	447
52.494	443
52.544	439
52.594	430
52.644	431
52.694	428
52.745	424
52.795	428
52.846	424
52.896	430
52.946	437
52.996	437
53.047	446
53.097	451
53.147	452
53.197	460
53.247	459
53.298	466
53.348	468
53.398	464
53.448	469
53.498	468
53.548	462
53.599	464
53.649	456
53.699	457
53.750	455
53.800	448
53.851	450
53.901	448
53.951	443
54.001	445
54.051	439
54.101	442
54.152	443
54.202	439
54.252	444
54.302	444
54.352	442
54.402	447
54.453	443
54.503	446
54.553	449
54.603	446
54.654	451
54.705	451
54.755	450
54.805	455
54.855	452
54.905	457
54.955	459
55.006	456
55.056	462
55.106	460
55.156	460
55.206	463
55.256	457
55.307	461
55.357	459
55.407	453
55.457	454
55.507	450
55.559	445
55.609	445
55.659	438
55.709	438
55.759	436
55.809	431
55.860	434
55.910	434
55.960	433
56.010	438
56.060	438
56.110	445
56.161	451
56.211	452
56.261	461
56.311	463
56.361	468
56.412	475
56.463	471
56.513	478
56.563	477
56.613	471
56.663	472
56.714	463
56.764	459
56.814	456
56.864	444
56.914	442
56.964	435
57.015	425
57.065	424
57.115	417
57.165	416
57.215	419
57.266	420
57.316	427
57.367	433
57.417	436
57.467	449
57.517	453
57.568	463
57.618	474
57.668	475
57.718	487
57.768	489
57.819	487
57.869	491
57.919	481
57.969	480
58.019	475
58.069	461
58.120	456
58.170	445
58.220	432
58.271	426
58.321	414
58.371	409
58.422	407
58.472	403
58.522	407
58.572	412
58.622	415
58.673	427
58.723	433
58.773	447
58.823	461
58.873	467
58.923	484
58.974	492
59.024	494
59.074	503
59.124	498
59.175	501
59.225	497
59.276	484
59.326	479
59.376	467
59.426	450
59.476	441
59.527	425
59.577	414
59.627	407
59.677	397
59.727	396
59.777	396
59.828	396
59.878	405
59.928	410
59.978	424
60.028	438
60.079	448
60.130	466
60.180	479
60.230	488
60.280	502
60.330	502
60.381	512
60.431	513
60.481	503
60.531	502
60.581	492
60.631	477
60.682	465
60.732	446
60.782	434
60.832	421
60.882	406
60.932	399
60.984	393
61.034	386
61.084	389
61.134	391
61.184	400
61.235	412
61.285	423
61.335	441
61.385	455
61.435	470
61.485	488
61.536	492
61.586	510
61.636	516
61.686	512
61.736	518
61.787	506
61.837	500
61.888	492
61.938	472
61.988	460
62.038	445
62.089	425
62.139	413
62.189	402
62.239	389
62.289	385
62.339	381
62.390	384
62.440	391
62.490	398
62.540	414
62.590	429
62.641	442
62.691	462
62.742	473
62.792	494
62.842	506
62.892	509
62.943	522
62.993	516
63.043	517
63.093	514
63.143	497
63.193	490
63.244	474
63.294	453
63.344	440
63.394	423
63.444	406
63.495	395
63.545	384
63.595	381
63.646	381
63.696	382
63.746	391
63.797	399
63.847	414
63.897	432
63.947	444
63.997	468
64.047	484
64.098	493
64.148	511
64.198	514
64.248	521
64.298	524
64.349	514
64.399	512
64.449	500
64.499	482
64.550	469
64.600	447
64.651	432
64.701	417
64.751	400
64.801	392
64.851	384
64.902	378
64.952	381
65.002	383
65.052	392
65.102	407
65.152	417
65.203	438
65.253	455
65.303	468
65.353	489
65.403	496
65.454	510
65.505	520
65.555	515
65.605	522
65.655	515
65.705	502
65.756	495
65.806	474
65.856	461
65.906	446
65.956	426
66.006	415
66.057	402
66.107	390
66.157	386
66.207	382
66.257	384
66.307	392
66.359	399
66.409	414
66.459	428
66.509	442
66.559	461
66.610	472
66.660	490
66.710	503
66.760	505
66.810	517
66.860	517
66.911	510
66.961	509
67.011	493
67.061	485
67.111	472
67.161	452
67.212	441
67.263	427
67.313	411
67.363	403
67.413	393
67.464	390
67.514	392
67.564	392
67.614	402
67.664	411
67.714	421
67.765	437
67.815	446
67.865	464
67.915	479
67.965	485
68.015	500
68.066	504
68.116	505
68.167	509
68.217	498
68.267	496
68.318	488
68.368	472
68.418	464
68.468	450
68.518	435
68.568	426
68.619	412
68.669	407
68.719	404
68.769	399
68.819	403
68.870	410
68.920	412
68.970	423
69.020	430
69.071	444
69.121	456
69.172	463
69.222	478
69.272	481
69.322	490
69.372	497
69.422	491
69.473	496
69.523	491
69.573	479
69.623	476
69.673	463
69.724	453
69.774	446
69.824	432
69.874	427
69.924	421
69.975	413
70.026	414
70.076	415
70.126	414
70.176	420
70.226	424
70.276	435
70.327	443
70.377	448
70.427	461
70.477	466
70.527	473
70.578	481
70.628	479
70.678	485
70.728	484
70.778	477
70.828	477
70.880	467
70.930	462
70.980	457
71.030	444
71.080	442
71.131	435
71.181	428
71.231	428
71.281	422
71.331	423
71.381	427
71.432	425
71.482	435
71.532	440
71.582	442
71.632	452
71.682	453
71.733	461
71.784	468
71.834	466
71.884	473
71.934	472
71.985	468
72.035	470
72.085	463
72.135	461
72.185	458
72.235	449
72.286	449
72.336	445
72.386	437
72.436	438
72.486	432
72.536	434
72.587	437
72.637	435
72.688	441
72.738	445
72.788	444
72.839	452
72.889	451
72.939	456
72.989	461
73.039	459
73.089	463
73.140	463
73.190	458
73.240	461
73.290	454
73.340	454
73.390	453
73.441	446
73.491	446
73.542	445
73.592	440
73.642	443
73.693	439
73.743	442
73.793	445
73.843	442
73.893	451
73.943	453
73.994	453
74.044	459
74.094	457
74.144	461
74.194	463
74.244	458
74.295	463
74.345	460
74.395	455
74.446	454
74.496	447
74.547	446
74.597	444
74.647	438
74.697	438
74.747	437
74.797	433
74.848	437
74.898	434
74.948	440
74.998	445
75.048	445
75.099	454
75.149	458
75.199	460
75.249	467
75.299	465
75.350	472
75.401	474
75.451	469
75.501	472
75.551	468
75.601	461
75.651	459
75.702	449
75.752	444
75.802	441
75.852	431
75.902	430
75.953	428
76.003	421
76.053	424
76.103	422
76.153	428
76.203	433
76.255	434
76.305	446
76.355	451
76.405	457
76.455	469
76.505	470
76.556	480
76.606	485
76.656	482
76.706	487
76.756	481
76.807	478
76.857	476
76.907	463
76.957	459
77.007	450
77.057	437
77.108	432
77.159	424
77.209	415
77.259	413
77.309	408
77.359	410
77.410	414
77.460	415
77.510	426
77.560	431
77.610	442
77.661	455
77.711	462
77.761	477
77.811	486
77.861	487
77.911	498
77.962	495
78.012	497
78.063	497
78.113	484
78.163	482
78.214	471
78.264	455
78.314	447
78.364	431
78.414	420
78.464	414
78.515	402
78.565	400
78.615	397
78.665	396
78.715	403
78.765	406
78.816	418
78.866	432
78.916	441
78.967	459
79.017	472
79.068	480
79.118	496
79.168	497
79.218	507
79.268	512
79.318	503
79.369	506
79.419	497
79.469	481
79.519	473
79.569	453
79.619	442
79.670	429
79.720	412
79.770	404
79.820	396
79.871	387
79.922	388
79.972	387
80.022	394
80.072	404
80.122	413
80.172	431
80.223	445
80.273	459
80.323	478
80.373	487
80.423	503
80.473	514
80.524	514
80.574	521
80.624	517
80.674	507
80.724	502
80.776	482
80.826	472
80.876	456
80.926	435
80.976	424
81.026	409
81.077	394
81.127	387
81.177	379
81.227	379
81.277	384
81.327	388
81.378	402
81.428	415
81.478	428
81.528	449
81.578	461
81.629	483
81.680	499
81.730	505
81.780	519
81.830	523
81.880	521
81.931	523
81.981	507
82.031	502
82.081	489
82.131	467
82.182	453
82.232	435
82.282	414
82.332	403
82.382	388
82.432	380
82.483	377
82.534	374
82.584	381
82.634	390
82.684	400
82.734	417
82.785	430
82.835	451
82.885	471
82.935	483
82.985	504
83.036	513
83.086	520
83.136	528
83.186	522
83.236	524
83.286	514
83.337	496
83.387	486
83.438	467
83.488	447
83.538	431
83.588	410
83.639	397
83.689	387
83.739	376
83.789	375
83.839	380
83.890	380
83.940	392
83.990	401
84.040	420
84.090	439
84.140	454
84.191	477
84.241	488
84.291	505
84.342	519
84.392	520
84.443	530
84.493	528
84.543	517
84.593	512
84.643	493
84.693	479
84.744	463
84.794	440
84.844	426
84.894	409
84.944	392
84.994	384
85.045	375
85.095	372
85.145	377
85.195	381
85.246	394
85.297	408
85.347	422
85.397	443
85.447	456
85.497	478
85.547	497
85.598	504
85.648	521
85.698	527
85.748	523
85.798	526
85.848	512
85.899	506
85.949	493
85.999	472
86.049	458
86.099	439
86.151	418
86.201	406
86.251	389
86.301	380
86.351	377
86.401	374
86.452	380
86.502	388
86.552	396
86.602	414
86.652	427
86.702	447
86.753	468
86.803	479
86.853	500
86.903	512
86.953	517
87.004	527
87.055	520
87.105	521
87.155	515
87.205	496
87.255	487
87.306	470
87.356	449
87.406	434
87.456	413
87.506	401
87.556	391
87.607	380
87.657	379
87.707	380
87.757	383
87.807	393
87.858	401
87.908	418
87.959	436
88.009	450
88.059	473
88.109	488
88.160	498
88.210	514
88.260	514
88.310	523
88.360	524
88.411	512
88.461	508
88.511	495
88.561	477
88.611	464
88.661	442
88.712	428
88.762	413
88.812	397
88.863	390
88.913	385
88.963	379
89.014	382
89.064	387
89.114	398
89.164	412
89.214	423
89.265	444
89.315	460
89.365	474
89.415	492
89.465	498
89.515	515
89.566	520
89.616	515
89.666	519
89.716	510
89.767	499
89.817	489
89.868	468
89.918	457
89.968	441
90.018	421
90.068	411
90.119	403
90.169	388
90.219	386
90.269	383
90.319	387
90.369	395
90.420	403
90.470	419
90.520	435
90.570	448
90.620	467
90.671	476
90.722	495
90.772	505
90.822	508
90.872	518
90.922	511
90.973	511
91.023	505
91.073	489
91.123	481
91.173	466
91.223	447
91.274	435
91.324	421
91.374	406
91.424	398
91.474	388
91.524	389
91.576	389
91.626	392
91.676	403
91.726	415
91.776	425
91.827	443
91.877	453
91.927	473
91.977	486
92.027	493
92.077	507
92.128	506
92.178	512
92.228	512
92.278	501
92.328	498
92.379	486
92.429	468
92.480	458
92.530	439
92.580	426
92.630	416
92.681	403
92.731	397
92.781	393
92.831	389
92.881	395
92.931	399
92.982	408
93.032	422
93.082	432
93.132	450
93.182	464
93.233	474
93.283	490
93.334	494
93.384	504
93.434	510
93.484	504
93.535	506
93.585	498
93.635	484
93.685	478
93.735	459
93.785	448
93.836	437
93.886	420
93.936	413
93.986	404
94.036	396
94.087	396
94.137	395
94.187	400
94.238	410
94.288	416
94.338	432
94.389	445
94.439	454
94.489	471
94.539	477
94.589	492
94.639	500
94.690	498
94.740	506
94.790	503
94.840	494
94.890	491
94.941	475
94.991	467
95.041	455
95.091	439
95.142	430
95.192	421
95.243	408
95.293	405
95.343	398
95.393	400
95.443	404
95.494	408
95.544	419
95.594	429
95.644	438
95.694	453
95.744	460
95.795	476
95.845	487
95.895	489
95.945	499
95.995	500
96.046	496
96.097	496
96.147	484
96.197	480
96.247	470
96.297	454
96.348	447
96.398	435
96.448	423
96.498	417
96.548	406
96.598	405
96.649	406
96.699	405
96.749	413
96.799	421
96.849	426
96.899	440
96.951	446
97.001	461
97.051	472
97.101	477
97.151	489
97.202	489
97.252	492
97.302	496
97.352	487
97.402	487
97.452	479
97.503	466
97.553	460
97.603	447
97.653	436
97.703	429
97.753	417
97.804	415
97.855	412
97.905	408
97.955	412
98.005	415
98.056	420
98.106	431
98.156	436
98.206	450
98.256	460
98.306	465
98.357	478
98.407	479
98.457	486
98.507	491
98.557	485
98.607	489
98.658	483
98.708	472
98.759	468
98.809	455
98.859	447
98.910	440
98.960	428
99.010	425
99.060	419
99.110	414
99.160	416
99.211	414
99.261	419
99.311	426
99.361	430
99.411	442
99.462	450
99.512	456
99.562	468
99.612	469
99.663	478
99.713	485
99.764	480
99.814	485
99.864	482
99.914	474
99.964	472
100.014	459
100.065	454
100.115	448
100.165	436
100.215	433
100.265	427
100.316	420
100.366	421
100.416	417
100.466	420
100.516	426
100.567	428
100.618	438
100.668	445
100.718	449
100.768	461
100.818	463
100.868	472
100.919	478
100.969	476
101.019	482
101.069	480
101.119	474
101.170	473
101.220	462
101.270	458
101.320	453
101.370	441
101.420	439
101.472	432
101.522	425
101.572	425
101.622	420
101.672	423
101.723	427
101.773	429
101.823	437
101.873	443
101.923	447
101.973	457
102.024	459
102.074	469
102.124	475
102.174	472
102.224	480
102.274	478
102.325	472
102.376	473
102.426	462
102.476	460
102.526	455
102.577	444
102.627	441
102.677	435
102.727	428
102.777	427
102.827	421
102.878	424
102.928	427
102.978	428
103.028	435
103.078	441
103.128	446
103.179	456
103.229	457
103.280	467
103.330	474
103.380	472
103.431	480
103.481	479
103.531	475
103.581	475
103.631	466
103.681	464
103.732	457
103.782	446
103.832	442
103.882	435
103.932	426
103.982	425
104.033	419
104.083	420
104.134	422
104.184	422
104.234	430
104.285	435
104.335	440
104.385	451
104.435	455
104.485	468
104.535	474
104.586	475
104.636	484
104.686	482
104.736	483
104.786	484
104.836	474
104.887	474
104.937	466
104.987	454
105.038	448
105.088	439
105.139	428
105.189	424
105.239	415
105.289	414
105.339	413
105.389	412
105.440	418
105.490	425
105.540	429
105.590	441
105.640	445
105.691	460
105.741	470
105.791	474
105.841	486
105.891	487
105.942	491
105.993	496
106.043	487
106.093	489
106.143	481
106.193	467
106.243	463
106.294	447
106.344	438
106.394	429
106.444	416
106.494	412
106.545	406
106.595	400
106.645	403
106.695	402
106.745	410
106.795	420
106.847	426
106.897	443
106.947	454
106.997	463
107.047	479
107.097	483
107.148	496
107.198	504
107.248	500
107.298	506
107.348	502
107.399	490
107.449	487
107.499	469
107.549	460
107.599	448
107.649	430
107.700	421
107.751	410
107.801	397
107.851	395
107.901	389
107.951	390
108.002	397
108.052	401
108.102	414
108.152	428
108.202	439
108.253	457
108.303	467
108.353	485
108.403	499
108.453	502
108.503	515
108.554	517
108.604	513
108.655	512
108.705	497
108.755	491
108.806	478
108.856	458
108.906	446
108.956	429
109.006	411
109.056	401
109.107	388
109.157	382
109.207	381
109.257	380
109.307	388
109.357	397
109.408	407
109.458	425
109.508	437
109.559	457
109.609	477
109.660	486
109.710	507
109.760	516
109.810	520
109.860	528
109.910	519
109.961	521
110.011	511
110.061	492
110.111	481
110.161	462
110.211	442
110.262	426
110.312	406
110.362	392
110.412	382
110.463	373
110.514	372
110.564	375
110.614	376
110.664	390
110.714	401
110.764	420
110.815	440
110.865	455
110.915	480
110.965	491
111.015	509
111.065	525
111.116	526
111.166	538
111.216	535
111.266	522
111.316	518
111.368	497
111.418	481
111.468	465
111.518	439
111.568	423
111.618	405
111.669	387
111.719	377
111.769	373
111.819	362
111.869	366
111.919	370
111.970	384
112.020	399
112.070	416
112.120	439
112.170	458
112.221	478
112.272	501
112.322	510
112.372	531
112.422	539
112.472	536
112.523	541
112.573	525
112.623	519
112.673	506
112.723	481
112.774	465
112.824	443
112.874	418
112.924	401
112.974	383
113.024	369
113.075	363
113.126	357
113.176	360
113.226	368
113.276	378
113.326	397
113.377	415
113.427	436
113.477	460
113.527	478
113.577	504
113.628	520
113.678	529
113.728	543
113.778	538
113.828	542
113.878	538
113.929	518
113.979	507
114.030	487
114.080	462
114.130	442
114.180	416
114.231	397
114.281	382
114.331	366
114.381	360
114.431	356
114.482	356
114.532	366
114.582	376
114.632	393
114.682	416
114.732	435
114.783	462
114.833	484
114.883	500
114.934	523
114.984	529
115.035	543
115.085	548
115.135	540
115.185	538
115.235	524
115.285	503
115.336	487
115.386	460
115.436	440
115.486	419
115.536	395
115.586	380
115.637	369
115.687	357
115.737	355
115.787	358
115.838	363
115.889	379
115.939	393
115.989	417
116.039	439
116.089	460
116.139	486
116.190	499
116.240	523
116.290	537
116.340	538
116.390	548
116.440	544
116.491	533
116.541	524
116.591	501
116.641	485
116.691	463
116.743	436
116.793	417
116.843	397
116.893	377
116.943	367
116.993	358
117.044	354
117.094	359
117.144	366
117.194	381
117.244	399
117.294	416
117.345	442
117.395	458
117.445	486
117.495	506
117.545	517
117.596	536
117.647	541
117.697	541
117.747	543
117.797	527
117.847	520
117.898	503
117.948	478
117.998	461
118.048	439
118.098	414
118.148	397
118.199	379
118.249	367
118.299	362
118.349	358
118.399	363
118.450	377
118.500	384
118.551	403
118.601	419
118.651	445
118.701	467
118.752	484
118.802	507
118.852	513
118.902	529
118.952	540
119.003	534
119.053	538
119.103	528
119.153	508
119.203	498
119.253	475
119.304	454
119.354	436
119.404	413
119.455	397
119.505	383
119.555	371
119.606	367
119.656	367
119.706	368
119.756	380
119.806	390
119.857	409
119.907	428
119.957	444
120.007	469
120.057	481
120.107	501
120.158	518
120.208	520
120.258	533
120.308	533
120.359	524
120.409	519
120.460	499
120.510	488
120.560	472
120.610	448
120.660	435
120.711	416
120.761	399
120.811	389
120.861	379
120.911	374
120.961	376
121.012	379
121.062	390
121.112	402
121.162	414
121.212	434
121.263	447
121.314	468
121.364	486
121.414	494
121.464	512
121.514	518
121.565	516
121.615	521
121.665	510
121.715	507
121.765	496
121.815	476
121.866	466
121.916	449
121.966	430
122.016	419
122.066	403
122.116	394
122.168	391
122.218	385
122.268	388
122.318	394
122.368	399
122.419	413
122.469	421
122.519	438
122.569	455
122.619	465
122.669	483
122.720	492
122.770	498
122.820	508
122.870	502
122.920	507
122.971	503
123.021	490
123.072	485
123.122	472
123.172	457
123.222	448
123.273	431
123.323	422
123.373	415
123.423	404
123.473	403
123.523	402
123.574	400
123.624	408
123.674	411
123.724	422
123.774	435
123.825	441
123.875	456
123.926	467
123.976	472
124.026	484
124.076	484
124.127	493
124.177	494
124.227	487
124.277	488
124.327	482
124.377	471
124.428	465
124.478	452
124.528	446
124.578	438
124.628	427
124.679	425
124.729	421
124.779	414
124.830	417
124.880	415
124.930	420
124.981	427
125.031	430
125.081	441
125.131	449
125.181	451
125.231	462
125.282	463
125.332	473
125.382	476
125.432	474
125.482	478
125.533	474
125.583	471
125.633	470
125.683	461
125.734	460
125.784	455
125.835	445
125.885	445
125.935	439
125.985	435
126.035	435
126.086	429
126.136	433
126.186	434
126.236	432
126.286	439
126.336	441
126.387	442
126.437	448
126.487	447
126.537	455
126.587	457
126.638	455
126.689	461
126.739	459
126.789	460
126.839	462
126.889	456
126.940	460
126.990	460
127.040	454
127.090	457
127.140	451
127.190	452
127.241	453
127.291	447
127.341	451
127.391	450
127.441	446
127.491	449
127.543	442
127.593	445
127.643	446
127.693	441
127.743	444
127.794	444
127.844	440
127.894	444
127.944	440
127.994	443
128.044	445
128.095	443
128.145	449
128.195	451
128.245	451
128.295	457
128.345	455
128.396	460
128.447	465
128.497	461
128.547	466
128.597	467
128.648	462
128.698	465
128.748	457
128.798	457
128.848	455
128.898	447
128.949	446
128.999	441
129.049	435
129.099	433
129.149	426
129.199	427
129.250	428
129.300	425
129.351	431
129.401	435
129.451	436
129.502	445
129.552	447
129.602	456
129.652	464
129.702	466
129.752	476
129.803	479
129.853	478
129.903	482
129.953	476
130.003	477
130.054	474
130.104	464
130.154	461
130.204	452
130.255	442
130.305	436
130.356	425
130.406	422
130.456	418
130.506	411
130.556	413
130.606	415
130.657	416
130.707	423
130.757	427
130.807	439
130.857	451
130.908	457
130.958	470
131.008	478
131.058	483
131.108	492
131.159	489
131.210	496
131.260	496
131.310	485
131.360	485
131.410	474
131.460	461
131.511	454
131.561	437
131.611	430
131.661	421
131.711	408
131.762	404
131.812	403
131.862	397
131.912	401
131.962	402
132.012	413
132.064	424
132.114	432
132.164	448
132.214	459
132.264	473
132.315	487
132.365	490
132.415	504
132.465	509
132.515	504
132.565	509
132.616	497
132.666	491
132.716	483
132.766	464
132.816	456
132.866	441
132.917	423
132.968	413
133.018	404
133.068	390
133.118	388
133.169	384
133.219	388
133.269	395
133.319	401
133.369	416
133.419	429
133.470	444
133.520	463
133.570	473
133.620	494
133.670	505
133.720	509
133.771	521
133.821	514
133.872	518
133.922	515
133.972	498
134.023	492
134.073	475
134.123	454
134.173	441
134.223	420
134.273	405
134.324	394
134.374	381
134.424	377
134.474	374
134.524	375
134.574	384
134.625	392
134.675	406
134.726	425
134.776	439
134.826	463
134.877	480
134.927	494
134.977	513
135.027	516
135.077	528
135.127	533
135.178	524
135.228	525
135.278	512
135.328	493
135.378	480
135.428	455
135.479	438
135.529	420
135.579	401
135.630	387
135.680	376
135.731	366
135.781	364
135.831	365
135.881	372
135.931	387
135.981	400
136.032	420
136.082	443
136.132	459
136.182	484
136.232	495
136.283	517
136.333	531
136.383	531
136.433	542
136.483	538
136.534	527
136.585	519
136.635	496
136.685	482
136.735	463
136.785	437
136.835	419
136.886	399
136.936	380
136.986	370
137.036	361
137.086	357
137.137	361
137.187	366
137.237	382
137.287	399
137.337	415
137.387	440
137.439	458
137.489	484
137.539	506
137.589	517
137.639	535
137.689	542
137.740	542
137.790	545
137.840	530
137.890	524
137.940	506
137.991	480
138.041	464
138.091	440
138.141	414
138.191	397
138.241	378
138.292	363
138.343	358
138.393	353
138.443	357
138.493	366
138.543	376
138.594	396
138.644	413
138.694	438
138.744	464
138.794	481
138.845	509
138.895	523
138.945	535
138.995	547
139.045	542
139.095	548
139.146	540
139.196	519
139.247	509
139.297	485
139.347	460
139.398	440
139.448	413
139.498	394
139.548	377
139.598	362
139.648	355
139.699	359
139.749	352
139.799	364
139.849	374
139.899	393
139.949	415
140.000	435
140.050	463
140.100	483
140.151	506
140.201	527
140.252	533
140.302	550
140.352	552
140.402	543
140.452	541
140.502	520
140.553	506
140.603	488
140.653	459
140.703	440
140.753	416
140.803	392
140.854	376
140.904	361
140.954	352
141.004	351
141.055	353
141.106	362
141.156	377
141.206	392
141.256	416
141.306	435
141.356	461
141.407	488
141.457	503
141.507	527
141.557	540
141.607	543
141.657	551
141.708	540
141.758	538
141.808	526
141.858	501
141.908	486
141.960	462
142.010	436
142.060	415
142.110	392
142.160	374
142.210	363
142.261	354
142.311	353
142.361	356
142.411	362
142.461	378
142.511	393
142.562	416
142.612	442
142.662	461
142.712	489
142.762	509
142.813	520
142.864	539
142.914	539
142.964	548
143.014	547
143.064	530
143.115	523
143.165	503
143.215	480
143.265	461
143.315	433
143.366	412
143.416	395
143.466	374
143.516	366
143.566	358
143.616	353
143.667	358
143.718	365
143.768	380
143.818	400
143.868	418
143.918	444
143.969	467
144.019	485
144.069	509
144.119	517
144.169	537
144.220	545
144.270	541
144.320	543
144.370	533
144.420	515
144.470	501
144.521	475
144.571	457
144.622	435
144.672	409
144.722	394
144.772	378
144.823	365
144.873	359
144.923	357
144.973	360
145.023	372
145.074	383
145.124	404
145.174	425
145.224	443
145.274	470
145.324	485
145.375	508
145.425	524
145.475	529
145.526	542
145.576	541
145.627	533
145.677	529
145.727	507
145.777	495
145.827	476
145.877	451
145.928	433
145.978	415
146.028	392
146.078	380
146.128	368
146.178	362
146.229	363
146.279	366
146.329	378
146.379	395
146.430	407
146.481	429
146.531	445
146.581	471
146.631	491
146.681	502
146.731	522
146.782	522
146.832	532
146.882	537
146.932	523
146.982	522
147.032	508
147.083	486
147.133	472
147.183	447
147.233	429
147.283	413
147.335	394
147.385	384
147.435	375
147.485	369
147.535	371
147.585	381
147.636	384
147.686	399
147.736	412
147.786	434
147.836	453
147.886	468
147.937	490
147.987	498
148.037	513
148.087	524
148.137	520
148.188	526
148.239	521
148.289	505
148.339	498
148.389	479
148.439	464
148.490	448
148.540	428
148.590	415
148.640	402
148.690	389
148.740	384
148.791	380
148.841	380
148.891	388
148.941	395
148.991	410
149.042	424
149.092	436
149.143	456
149.193	466
149.243	483
149.293	498
149.344	501
149.394	513
149.444	515
149.494	509
149.544	508
149.595	494
149.645	485
149.695	475
149.745	456
149.795	446
149.845	432
149.896	417
149.946	409
149.996	399
150.047	394
150.097	395
150.147	395
150.198	402
150.248	409
150.298	417
150.348	432
150.398	440
150.449	455
150.499	469
150.549	474
150.599	489
150.649	495
150.699	496
150.750	501
150.800	492
150.850	494
150.900	487
150.951	472
151.001	468
151.052	457
151.102	443
151.152	437
151.202	424
151.252	418
151.303	415
151.353	408
151.403	411
151.453	413
151.503	414
151.553	423
151.604	426
151.654	436
151.704	447
151.754	451
151.804	464
151.855	469
151.906	473
151.956	481
152.006	478
152.056	483
152.106	482
152.157	475
152.207	475
152.257	468
152.307	460
152.357	456
152.407	446
152.458	443
152.508	438
152.558	429
152.608	429
152.658	429
152.708	425
152.760	428
152.810	427
152.860	433
152.910	438
152.960	438
153.011	448
153.061	450
153.111	453
153.161	459
153.211	458
153.261	464
153.312	467
153.362	462
153.412	467
153.462	463
153.512	460
153.563	462
153.613	454
153.664	456
153.714	454
153.764	447
153.814	449
153.865	447
153.915	443
153.965	445
154.015	440
154.065	444
154.115	444
154.166	441
154.216	444
154.266	444
154.316	444
154.366	447
154.417	442
154.467	448
154.518	449
154.568	445
154.618	450
154.668	447
154.719	448
154.769	453
154.819	450
154.869	456
154.919	457
154.969	454
155.020	459
155.070	458
155.120	459
155.170	462
155.220	456
155.271	462
155.321	460
155.371	454
155.422	456
155.472	449
155.522	449
155.573	448
155.623	442
155.673	441
155.723	438
155.773	433
155.823	435
155.874	430
155.924	432
155.974	436
156.024	434
156.074	442
156.125	446
156.175	447
156.225	455
156.275	456
156.326	464
156.376	470
156.427	467
156.477	476
156.527	476
156.577	471
156.627	475
156.678	467
156.728	465
156.778	461
156.828	451
156.878	448
156.928	441
156.979	431
157.029	429
157.079	420
157.129	419
157.179	418
157.230	416
157.281	421
157.331	426
157.381	428
157.431	438
157.481	441
157.532	453
157.582	464
157.632	468
157.682	480
157.732	485
157.782	486
157.833	492
157.883	486
157.933	488
157.983	485
158.033	472
158.083	469
158.135	459
158.185	446
158.235	438
158.285	424
158.335	417
158.386	412
158.436	404
158.486	404
158.536	404
158.586	404
158.636	413
158.687	417
158.737	429
158.787	442
158.837	450
158.887	466
158.937	477
158.988	484
159.039	497
159.089	496
159.139	506
159.189	507
159.240	497
159.290	498
159.340	486
159.390	473
159.440	464
159.490	445
159.541	434
159.591	423
159.641	408
159.691	401
159.741	397
159.791	388
159.842	391
159.892	391
159.943	400
159.993	411
160.043	421
160.094	438
160.144	451
160.194	465
160.244	483
160.294	491
160.344	508
160.395	514
160.445	513
160.495	519
160.545	508
160.595	504
160.646	496
160.696	477
160.746	468
160.796	451
160.847	431
160.897	418
160.948	406
160.998	390
161.048	384
161.098	378
161.148	379
161.198	383
161.249	388
161.299	403
161.349	415
161.399	432
161.449	451
161.500	465
161.550	488
161.600	502
161.650	509
161.700	525
161.751	521
161.802	525
161.852	525
161.902	511
161.952	504
162.002	488
162.052	466
162.103	451
162.153	427
162.203	412
162.253	398
162.303	383
162.354	375
162.404	371
162.454	368
162.504	374
162.554	381
162.604	394
162.656	413
162.706	428
162.756	451
162.806	472
162.856	486
162.907	508
162.957	512
163.007	528
163.057	537
163.107	529
163.157	533
163.208	523
163.258	503
163.308	492
163.358	467
163.408	450
163.458	430
163.509	408
163.560	393
163.610	379
163.660	366
163.710	363
163.761	362
163.811	366
163.861	378
163.911	389
163.961	410
164.011	430
164.062	448
164.112	473
164.162	487
164.212	511
164.262	527
164.312	529
164.363	543
164.413	541
164.464	533
164.514	527
164.564	505
164.615	492
164.665	474
164.715	446
164.765	429
164.815	407
164.865	388
164.916	376
164.966	364
165.016	357
165.066	359
165.116	362
165.166	375
165.217	391
165.267	406
165.318	430
165.368	449
165.418	473
165.469	496
165.519	508
165.569	529
165.619	538
165.669	540
165.719	545
165.770	531
165.820	528
165.870	513
165.920	489
165.970	472
166.020	449
166.071	424
166.121	407
166.171	385
166.222	370
166.272	363
166.323	357
166.373	358
166.423	365
166.473	372
166.523	392
166.573	407
166.624	428
166.674	454
166.724	472
166.774	498
166.824	514
166.875	526
166.925	541
166.975	539
167.025	546
167.075	539
167.126	522
167.177	512
167.227	492
167.277	467
167.327	448
167.377	423
167.427	404
167.478	386
167.528	371
167.578	362
167.628	364
167.678	356
167.729	364
167.779	374
167.829	392
167.879	411
167.929	429
167.979	456
168.031	475
168.081	495
168.131	517
168.181	525
168.231	542
168.281	546
168.332	539
168.382	538
168.432	518
168.482	507
168.532	491
168.583	464
168.633	446
168.683	423
168.733	400
168.783	385
168.833	369
168.884	360
168.935	357
168.985	357
169.035	366
169.085	378
169.135	392
169.186	414
169.236	432
169.286	456
169.336	480
169.386	495
169.437	519
169.487	532
169.537	536
169.587	546
169.637	537
169.687	535
169.738	524
169.788	502
169.839	489
169.889	466
169.939	440
169.990	421
170.040	398
170.090	382
170.140	371
170.190	360
170.240	359
170.291	361
170.341	365
170.391	380
170.441	394
170.491	414
170.541	438
170.592	456
170.642	483
170.692	501
170.743	514
170.793	533
170.844	531
170.894	541
170.944	541
170.994	528
171.044	522
171.094	504
171.145	481
171.195	463
171.245	437
171.295	417
171.345	400
171.395	381
171.446	371
171.496	365
171.546	359
171.596	363
171.647	369
171.698	382
171.748	400
171.798	416
171.848	441
171.898	463
171.948	480
171.999	504
172.049	512
172.099	531
172.149	538
172.199	536
172.249	539
172.300	528
172.350	513
172.400	500
172.450	475
172.500	459
172.552	438
172.602	414
172.652	399
172.702	383
172.752	369
172.802	365
172.853	361
172.903	364
172.953	375
173.003	385
173.053	405
173.103	424
173.154	442
173.204	467
173.254	480
173.304	504
173.354	520
173.405	524
173.456	538
173.506	536
173.556	531
173.606	527
173.656	506
173.707	495
173.757	477
173.807	452
173.857	435
173.907	415
173.958	395
174.008	383
174.058	370
174.108	365
174.158	366
174.208	368
174.259	379
174.310	396
174.360	407
174.410	428
174.460	444
174.510	469
174.561	489
174.611	500
174.661	521
174.711	523
174.761	531
174.812	536
174.862	524
174.912	521
174.962	508
175.012	486
175.062	472
175.113	451
175.163	429
175.214	413
175.264	393
175.314	382
175.364	374
175.415	367
175.465	368
175.515	379
175.565	382
175.615	397
175.666	411
175.716	434
175.766	453
175.816	468
175.866	491
175.916	501
175.967	517
176.017	529
176.067	525
176.118	533
176.168	527
176.219	512
176.269	503
176.319	481
176.369	465
176.419	447
176.469	425
176.520	411
176.570	396
176.620	381
176.670	375
176.720	370
176.770	371
176.821	380
176.871	387
176.921	403
176.971	420
177.022	435
177.073	458
177.123	471
177.173	492
177.223	509
177.273	513
177.323	527
177.374	529
177.424	520
177.474	522
177.524	504
177.574	495
177.624	479
177.675	457
177.725	443
177.775	425
177.825	406
177.875	395
177.927	383
177.977	376
178.027	376
178.077	377
178.127	385
178.177	397
178.228	408
178.278	427
178.328	440
178.378	460
178.428	480
178.478	489
178.529	508
178.579	516
178.629	517
178.679	524
178.729	514
178.780	513
178.831	503
178.881	483
178.931	473
178.981	455
179.031	435
179.082	422
179.132	405
179.182	394
179.232	388
179.282	381
179.332	383
179.383	387
179.433	392
179.483	405
179.533	415
179.583	432
179.634	450
179.684	462
179.735	482
179.785	493
179.835	500
179.885	512
179.936	510
179.986	515
180.036	511
180.086	498
180.136	493
180.187	478
180.237	461
180.287	450
180.337	431
180.387	419
180.437	410
180.488	398
180.538	395
180.588	394
180.639	392
180.689	398
180.739	402
180.790	414
180.840	428
180.890	438
180.940	455
180.990	465
181.041	477
181.091	491
181.141	493
181.191	504
181.241	505
181.291	498
181.342	500
181.392	487
181.442	479
181.492	471
181.543	454
181.593	445
181.644	433
181.694	420
181.744	415
181.794	411
181.844	402
181.895	404
181.945	403
181.995	412
182.045	418
182.095	424
182.145	438
182.196	447
182.246	456
182.296	469
182.346	472
182.396	485
182.447	490
182.498	489
182.548	493
182.598	485
182.648	483
182.698	479
182.749	466
182.799	462
182.849	452
182.899	440
182.949	435
182.999	425
183.050	421
183.100	420
183.150	415
183.200	418
183.250	422
183.300	422
183.352	431
183.402	432
183.452	443
183.502	453
183.552	456
183.603	467
183.653	471
183.703	471
183.753	478
183.803	473
183.853	475
183.904	475
183.954	466
184.004	466
184.054	461
184.104	451
184.155	449
184.205	440
184.256	437
184.306	436
184.356	429
184.406	432
184.457	432
184.507	430
184.557	436
184.607	435
184.657	441
184.707	447
184.758	447
184.808	455
184.858	458
184.908	456
184.958	463
185.009	460
185.059	462
185.110	464
185.160	458
185.210	460
185.260	458
185.311	452
185.361	453
185.411	446
185.461	446
185.511	446
185.561	442
185.612	446
185.662	445
185.712	443
185.762	447
185.812	444
185.863	448
185.913	451
185.963	448
186.014	454
186.064	453
186.114	450
186.165	454
186.215	447
186.265	450
186.315	451
186.365	445
186.415	448
186.466	447
186.516	444
186.566	447
186.616	442
186.666	448
186.717	450
186.767	447
186.817	454
186.867	455
186.918	455
186.968	460
187.019	456
187.069	462
187.119	463
187.169	458
187.219	462
187.270	458
187.320	453
187.370	454
187.420	445
187.470	444
187.520	443
187.571	435
187.621	437
187.671	435
187.721	430
187.771	434
187.822	430
187.873	437
187.923	441
187.973	441
188.023	451
188.073	453
188.124	457
188.174	467
188.224	465
188.274	474
188.324	476
188.374	474
188.425	476
188.475	471
188.525	467
188.575	465
188.625	454
188.675	452
188.727	445
188.777	435
188.827	432
188.877	427
188.927	420
188.978	420
189.028	416
189.078	421
189.128	425
189.178	426
189.228	436
189.279	443
189.329	450
189.379	461
189.429	464
189.479	477
189.529	483
189.580	483
189.631	490
189.681	487
189.731	484
189.781	484
189.832	472
189.882	469
189.932	459
189.982	446
190.032	440
190.082	426
190.133	419
190.183	414
190.233	407
190.283	407
190.333	407
190.383	408
190.434	415
190.484	419
190.535	430
190.585	444
190.635	451
190.686	467
190.736	477
190.786	483
190.836	495
190.886	492
190.936	500
190.987	501
191.037	492
191.087	492
191.137	482
191.187	467
191.238	459
191.288	442
191.338	432
191.388	421
191.439	408
191.489	403
191.540	398
191.590	393
191.640	397
191.690	398
191.740	407
191.790	419
191.841	428
191.891	446
191.941	459
191.991	469
192.041	486
192.092	491
192.142	504
192.192	511
192.242	505
192.292	511
192.343	505
192.394	492
192.444	486
192.494	466
192.544	455
192.594	442
192.644	424
192.695	413
192.745	402
192.795	391
192.845	388
192.895	384
192.946	386
192.996	395
193.046	401
193.096	416
193.146	430
193.196	443
193.248	464
193.298	474
193.348	493
193.398	505
193.448	509
193.499	520
193.549	519
193.599	514
193.649	512
193.699	495
193.749	487
193.800	473
193.850	450
193.900	438
193.950	422
194.000	404
194.050	393
194.101	383
194.152	377
194.202	378
194.252	378
194.302	388
194.353	399
194.403	411
194.453	430
194.503	444
194.553	466
194.603	484
194.654	495
194.704	513
194.754	515
194.804	523
194.854	528
194.904	518
194.955	517
195.005	505
195.056	484
195.106	473
195.156	452
195.207	431
195.257	417
195.307	398
195.357	386
195.407	379
195.457	370
195.508	372
195.558	381
195.608	382
195.658	398
195.708	409
195.758	430
195.809	450
195.859	466
195.910	489
195.960	498
196.010	515
196.061	528
196.111	526
196.161	533
196.211	529
196.261	513
196.311	507
196.362	485
196.412	468
196.462	451
196.512	428
196.562	412
196.612	396
196.663	380
196.713	374
196.763	367
196.814	366
196.864	373
196.915	381
196.965	396
197.015	413
197.065	429
197.115	453
197.165	469
197.216	490
197.266	509
197.316	515
197.366	532
197.416	535
197.467	530
197.517	531
197.567	513
197.617	504
197.667	490
197.718	464
197.769	448
197.819	428
197.869	406
197.919	392
197.969	377
198.019	368
198.070	365
198.120	364
198.170	371
198.220	382
198.270	394
198.321	415
198.371	429
198.421	453
198.471	477
198.521	490
198.571	513
198.623	526
198.673	529
198.723	539
198.773	531
198.823	530
198.873	522
198.924	500
198.974	488
199.024	468
199.074	443
199.124	425
199.175	402
199.225	386
199.275	374
199.325	364
199.375	362
199.425	363
199.476	367
199.527	380
199.577	393
199.627	413
199.677	436
199.727	453
199.778	479
199.828	499
199.878	511
199.928	530
199.978	530
200.029	541
200.079	542
200.129	528
200.179	523
200.229	505
200.279	484
200.330	467
200.380	440
200.431	420
200.481	401
200.531	382
200.582	371
200.632	364
200.682	357
200.732	360
200.782	366
200.832	377
200.883	396
200.933	412
200.983	437
201.033	459
201.083	478
201.133	501
201.184	511
201.234	532
201.284	541
201.335	537
201.385	543
201.436	534
201.486	519
201.536	506
201.586	481
201.636	464
201.686	442
201.737	416
201.787	400
201.837	386
201.887	368
201.937	360
201.987	356
202.038	358
202.088	368
202.138	377
202.188	397
202.239	418
202.290	436
202.340	461
202.390	477
202.440	504
202.490	521
202.540	527
202.591	542
202.641	536
202.691	539
202.741	535
202.791	516
202.841	506
202.892	485
202.942	459
202.992	441
203.042	415
203.092	396
203.144	381
203.194	367
203.244	360
203.294	358
203.344	359
203.394	368
203.445	383
203.495	396
203.545	419
203.595	436
203.645	463
203.695	484
203.746	499
203.796	521
203.846	526
203.896	538
203.946	544
203.997	534
204.048	533
204.098	520
204.148	496
204.198	482
204.248	455
204.299	435
204.349	417
204.399	395
204.449	382
204.499	370
204.550	361
204.600	360
204.650	361
204.700	370
204.750	385
204.800	399
204.851	422
204.902	443
204.952	460
205.002	486
205.052	499
205.102	518
205.153	532
205.203	531
205.253	541
205.303	536
205.353	522
205.404	515
205.454	490
205.504	476
205.554	457
205.604	432
205.654	416
205.705	398
205.755	381
205.806	373
205.856	366
205.906	363
205.956	370
206.007	377
206.057	392
206.107	408
206.157	423
206.207	447
206.258	462
206.308	484
206.358	504
206.408	511
206.458	527
206.508	531
206.559	527
206.609	529
206.659	512
206.710	505
206.760	491
206.811	468
206.861	454
206.911	435
206.961	414
207.011	401
207.061	386
207.112	377
207.162	375
207.212	373
207.262	380
207.312	389
207.362	398
207.413	416
207.463	428
207.513	449
207.563	469
207.614	480
207.665	500
207.715	510
207.765	514
207.815	523
207.865	515
207.915	517
207.966	510
208.016	493
208.066	483
208.116	466
208.166	448
208.216	434
208.267	414
208.317	404
208.367	396
208.417	387
208.467	386
208.519	388
208.569	390
208.619	400
208.669	408
208.719	422
208.769	439
208.820	450
208.870	469
208.920	481
208.970	490
209.020	502
209.070	501
209.121	510
209.171	509
209.221	498
209.271	496
209.321	482
209.372	470
209.423	461
209.473	443
209.523	434
209.573	424
209.623	411
209.674	406
209.724	405
209.774	398
209.824	401
209.874	403
209.924	413
209.975	422
210.025	429
210.075	445
210.125	454
210.175	465
210.226	477
210.276	480
210.327	491
210.377	495
210.427	491
210.477	493
210.528	485
210.578	480
210.628	474
210.678	460
210.728	457
210.779	446
210.829	433
210.879	429
210.929	419
210.979	415
211.029	415
211.080	412
211.130	416
211.180	421
211.231	423
211.281	433
211.331	437
211.382	447
211.432	457
211.482	459
211.532	471
211.582	475
211.633	474
211.683	480
211.733	474
211.783	476
211.833	475
211.883	464
211.934	465
211.984	458
212.034	448
212.084	447
212.135	437
212.185	436
212.236	433
212.286	427
212.336	431
212.386	431
212.436	429
212.487	435
212.537	433
212.587	440
212.637	447
212.687	448
212.737	455
212.788	458
212.838	458
212.888	463
212.938	460
212.988	464
213.039	464
213.090	458
213.140	461
213.190	459
213.240	453
213.290	454
213.341	447
213.391	448
213.441	447
213.491	442
213.541	446
213.591	445
213.642	442
213.692	446
213.742	442
213.792	448
213.842	450
213.892	445
213.944	452
213.994	451
214.044	449
214.094	452
214.144	447
214.195	449
214.245	450
214.295	446
214.345	449
214.395	448
214.445	444
214.496	449
214.546	445
214.596	449
214.646	452
214.696	449
214.747	455
214.797	457
214.848	456
214.898	460
214.948	456
214.998	460
215.049	462
215.099	455
215.149	459
215.199	456
215.249	451
215.299	451
215.350	444
215.400	443
215.450	441
215.500	433
215.550	436
215.601	434
215.651	431
215.702	434
215.752	432
215.802	438
215.852	444
215.903	444
215.953	453
216.003	458
216.053	460
216.103	468
216.153	467
216.204	475
216.254	476
216.304	471
216.354	475
216.404	469
216.455	463
216.505	462
216.555	450
216.606	448
216.656	441
216.706	432
216.757	429
216.807	425
216.857	418
216.907	420
216.957	417
217.007	422
217.058	427
217.108	429
217.158	440
217.208	447
217.258	453
217.309	465
217.359	467
217.409	480
217.459	486
217.510	483
217.560	491
217.611	483
217.661	481
217.711	480
217.761	467
217.811	464
217.862	454
217.912	440
217.962	434
218.012	421
218.062	416
218.112	411
218.163	405
218.213	407
218.263	409
218.313	409
218.363	420
218.414	425
218.465	437
218.515	450
218.565	456
218.615	473
218.665	483
218.716	487
218.766	498
218.816	495
218.866	499
218.916	499
218.966	489
219.017	486
219.067	475
219.117	460
219.167	451
219.217	435
219.267	425
219.319	415
219.369	404
219.419	401
219.469	397
219.519	395
219.570	400
219.620	404
219.670	413
219.720	426
219.770	435
219.820	453
219.871	467
219.921	476
219.971	492
220.021	494
220.071	506
220.121	511
220.172	504
220.223	507
220.273	498
220.323	484
220.373	476
220.424	458
220.474	446
220.524	433
220.574	415
220.624	407
220.674	398
220.725	389
220.775	389
220.825	387
220.875	392
220.925	402
220.975	410
221.026	427
221.076	442
221.127	454
221.177	473
221.227	482
221.278	499
221.328	509
221.378	508
221.428	518
221.478	515
221.528	506
221.579	502
221.629	484
221.679	474
221.729	459
221.779	439
221.830	427
221.880	413
221.930	398
221.980	390
222.031	383
222.081	381
222.132	385
222.182	389
222.232	401
222.282	415
222.332	427
222.382	446
222.433	458
222.483	479
222.533	493
222.583	500
222.633	515
222.684	512
222.734	517
222.784	519
222.834	505
222.884	502
222.935	488
222.986	467
223.036	455
223.086	437
223.136	418
223.186	406
223.236	391
223.287	384
223.337	379
223.387	376
223.437	382
223.487	393
223.538	399
223.588	416
223.638	428
223.688	450
223.738	468
223.788	480
223.840	500
223.890	506
223.940	518
223.990	526
224.040	519
224.091	523
224.141	514
224.191	496
224.241	487
224.291	467
224.341	448
224.392	433
224.442	411
224.492	400
224.542	387
224.592	376
224.642	374
224.693	371
224.744	376
224.794	387
224.844	397
224.894	416
224.945	434
224.995	450
225.045	472
225.095	484
225.145	503
225.195	518
225.246	520
225.296	532
225.346	531
225.396	521
225.446	517
225.496	496
225.547	484
225.597	468
225.648	443
225.698	429
225.748	411
225.799	392
225.849	382
225.899	371
225.949	368
225.999	371
226.049	374
226.100	386
226.150	401
226.200	414
226.250	437
226.300	453
226.350	475
226.401	495
226.451	504
226.502	523
226.552	530
226.602	528
226.653	534
226.703	519
226.753	515
226.803	501
226.853	479
226.903	465
226.954	445
227.004	422
227.054	406
227.104	388
227.154	377
227.204	371
227.255	366
227.305	369
227.355	377
227.406	386
227.456	403
227.507	416
227.557	438
227.607	460
227.657	474
227.707	498
227.757	512
227.808	518
227.858	532
227.908	526
227.958	531
228.008	525
228.059	506
228.109	498
228.159	480
228.209	457
228.259	441
228.310	418
228.361	402
228.411	391
228.461	378
228.511	373
228.561	370
228.611	371
228.662	381
228.712	390
228.762	406
228.812	425
228.862	439
228.913	464
228.963	481
229.013	494
229.063	513
229.113	515
229.163	528
229.215	530
229.265	520
229.315	519
229.365	505
229.415	488
229.465	475
229.516	451
229.566	436
229.616	421
229.666	402
229.716	392
229.767	386
229.817	376
229.867	377
229.917	380
229.967	388
230.017	401
230.068	412
230.119	431
230.169	447
230.219	462
230.269	482
230.319	491
230.370	508
230.420	516
230.470	513
230.520	521
230.570	510
230.621	505
230.671	497
230.721	478
230.771	468
230.821	453
230.871	433
230.922	422
230.972	411
231.023	396
231.073	393
231.123	386
231.174	388
231.224	394
231.274	398
231.324	411
231.374	424
231.424	435
231.475	453
231.525	461
231.575	479
231.625	490
231.675	494
231.725	506
231.776	502
231.826	503
231.876	503
231.927	489
231.977	487
232.028	474
232.078	458
232.128	450
232.178	433
232.228	424
232.278	417
232.329	406
232.379	405
232.429	403
232.479	400
232.529	408
232.579	412
232.630	420
232.680	432
232.730	438
232.780	454
232.831	463
232.882	469
232.932	481
232.982	481
233.032	488
233.082	492
233.132	486
233.183	488
233.233	482
233.283	471
233.333	468
233.383	454
233.433	448
233.484	442
233.534	429
233.584	428
233.634	423
233.684	417
233.736	419
233.786	417
233.836	420
233.886	427
233.936	429
233.986	438
234.037	444
234.087	448
234.137	458
234.187	458
234.237	465
234.287	472
234.338	469
234.388	475
234.438	474
234.488	470
234.538	471
234.589	462
234.640	462
234.690	459
234.740	450
234.790	450
234.840	446
234.891	439
234.941	440
234.991	433
235.041	435
235.091	436
235.142	432
235.192	437
235.242	439
235.292	437
235.342	443
235.392	442
235.443	447
235.494	451
235.544	449
235.594	456
235.644	457
235.694	455
235.745	460
235.795	456
235.845	460
235.895	462
235.945	456
235.996	461
236.046	460
236.096	456
236.146	459
236.196	453
236.246	455
236.297	454
236.347	448
236.398	450
236.448	447
236.498	442
236.548	443
236.599	437
236.649	438
236.699	438
236.749	433
236.799	438
236.850	439
236.900	436
236.950	441
237.000	440
237.050	446
237.100	450
237.151	451
237.201	459
237.251	460
237.302	462
237.352	470
237.403	466
237.453	474
237.503	473
237.553	467
237.603	469
237.653	463
237.704	459
237.754	457
237.804	446
237.854	445
237.904	440
237.954	430
238.005	429
238.055	426
238.105	420
238.155	424
238.206	420
238.257	425
238.307	430
238.357	432
238.407	442
238.457	447
238.507	455
238.558	465
238.608	467
238.658	479
238.708	483
238.758	482
238.808	488
238.859	481
238.909	481
238.959	479
239.009	467
239.059	464
239.111	454
239.161	442
239.211	435
239.261	423
239.311	416
239.361	413
239.412	406
239.462	408
239.512	409
239.562	410
239.612	419
239.662	424
239.713	434
239.763	448
239.813	455
239.863	470
239.913	480
239.964	485
240.015	497
240.065	493
240.115	498
240.165	500
240.215	491
240.266	490
240.316	479
240.366	464
240.416	456
240.466	438
240.516	428
240.567	419
240.617	406
240.667	402
240.717	397
240.767	393
240.818	397
240.868	399
240.919	408
240.969	421
241.019	429
241.069	447
241.120	461
241.170	471
241.220	488
241.270	493
241.320	505
241.371	511
241.421	506
241.471	510
241.521	503
241.571	490
241.621	483
241.672	464
241.722	452
241.772	439
241.823	421
241.873	411
241.923	401
241.974	390
242.024	388
242.074	384
242.124	387
242.174	397
242.225	403
242.275	419
242.325	434
242.375	446
242.425	467
242.475	476
242.526	495
242.576	507
242.626	510
242.676	519
242.727	518
242.777	511
242.828	508
242.878	491
242.928	483
242.978	468
243.028	447
243.079	434
243.129	419
243.179	402
243.229	393
243.279	383
243.329	380
243.380	382
243.430	384
243.480	394
243.530	409
243.580	418
243.631	436
243.682	449
243.732	471
243.782	487
243.832	497
243.882	513
243.933	512
243.983	520
244.033	522
244.083	510
244.133	509
244.183	496
244.234	477
244.284	465
244.334	446
244.384	427
244.434	413
244.484	397
244.536	388
244.586	382
244.636	376
244.686	380
244.736	390
244.787	394
244.837	408
244.887	421
244.937	440
244.987	459
245.037	470
245.088	492
245.138	499
245.188	512
245.238	522
245.288	518
245.339	523
245.389	516
245.440	499
245.490	492
245.540	473
245.590	456
245.641	442
245.691	420
245.741	410
245.791	397
245.841	385
245.891	381
245.942	383
245.992	382
246.042	390
246.092	398
246.142	415
246.193	430
246.243	443
246.294	464
246.344	475
246.394	491
246.444	507
246.495	508
246.545	519
246.595	520
246.645	512
246.695	509
246.745	491
246.796	481
246.846	469
246.896	448
246.946	437
246.996	421
247.047	406
247.097	398
247.147	389
247.198	385
247.248	387
247.298	389
247.349	399
247.399	410
247.449	419
247.499	438
247.549	448
247.599	465
247.650	482
247.700	488
247.750	502
247.800	507
247.850	506
247.901	510
247.951	499
248.001	496
248.051	488
248.102	471
248.152	462
248.203	449
248.253	431
248.303	423
248.353	409
248.403	402
248.454	400
248.504	395
248.554	400
248.604	404
248.654	408
248.704	421
248.755	428
248.805	442
248.855	456
248.905	463
248.955	478
249.006	486
249.057	489
249.107	498
249.157	492
249.207	495
249.257	492
249.308	480
249.358	477
249.408	467
249.458	453
249.508	447
249.558	433
249.609	426
249.659	421
249.709	413
249.759	413
249.809	412
249.859	411
249.911	418
249.961	421
250.011	430
250.061	439
250.111	443
250.162	456
250.212	463
250.262	467
250.312	476
250.362	475
250.412	482
250.463	483
250.513	476
250.563	478
250.613	470
250.663	464
250.713	462
250.764	451
250.815	448
250.865	443
250.915	433
250.965	434
251.016	431
251.066	426
251.116	429
251.166	426
251.216	432
251.266	435
251.317	435
251.367	443
251.417	446
251.467	449
251.517	456
251.567	455
251.618	462
251.668	464
251.719	462
251.769	466
251.819	463
251.870	462
251.920	464
251.970	457
252.020	460
252.070	457
252.120	451
252.171	453
252.221	447
252.271	446
252.321	447
252.371	442
252.422	445
252.472	445
252.522	440
252.572	443
252.623	439
252.673	440
252.724	443
252.774	439
252.824	444
252.874	445
252.924	443
252.974	448
253.025	445
253.075	449
253.125	454
253.175	451
253.225	458
253.276	460
253.326	458
253.376	464
253.426	460
253.476	464
253.527	465
253.578	460
253.628	463
253.678	461
253.728	454
253.778	455
253.828	445
253.879	444
253.929	443
253.979	434
254.029	435
254.079	433
254.130	428
254.180	430
254.230	427
254.280	430
254.330	435
254.380	435
254.432	445
254.482	451
254.532	452
254.582	462
254.632	463
254.683	470
254.733	477
254.783	474
254.833	481
254.883	479
254.933	474
254.984	474
255.034	464
255.084	460
255.134	455
255.184	442
255.234	440
255.285	431
255.336	423
255.386	422
255.436	413
255.486	414
255.537	416
255.587	416
255.637	424
255.687	430
255.737	434
255.787	448
255.838	450
255.888	464
255.938	475
255.988	478
256.038	489
256.088	491
256.139	491
256.189	494
256.240	484
256.290	483
256.340	477
256.391	463
256.441	457
256.491	445
256.541	430
256.591	424
256.641	411
256.692	407
256.742	404
256.792	399
256.842	403
256.892	408
256.942	411
256.993	424
257.043	430
257.094	445
257.144	459
257.194	466
257.245	484
257.295	491
257.345	496
257.395	506
257.445	500
257.495	504
257.546	500
257.596	487
257.646	482
257.696	469
257.746	452
257.796	442
257.847	424
257.897	416
257.947	405
257.998	394
258.048	393
258.099	394
258.149	391
258.199	399
258.249	404
258.299	418
258.349	432
258.400	443
258.450	463
258.500	473
258.550	487
258.600	502
258.651	504
258.701	516
258.751	517
258.801	508
258.851	509
258.902	493
258.953	483
259.003	472
259.053	450
259.103	439
259.153	423
259.203	406
259.254	397
259.304	391
259.354	380
259.404	382
259.454	382
259.505	390
259.555	401
259.605	411
259.655	430
259.705	443
259.755	462
259.807	482
259.857	493
259.907	511
259.957	520
260.007	520
260.057	527
260.108	515
260.158	513
260.208	505
260.258	485
260.308	475
260.359	455
260.409	433
260.459	419
260.509	400
260.559	387
260.609	379
260.660	370
260.711	371
260.761	374
260.811	380
260.861	395
260.911	406
260.962	425
261.012	447
261.062	461
261.112	486
261.162	502
261.213	512
261.263	529
261.313	526
261.363	533
261.413	533
261.463	518
261.514	513
261.564	496
261.615	474
261.665	456
261.715	431
261.766	413
261.816	399
261.866	381
261.916	372
261.966	365
262.016	362
262.067	366
262.117	373
262.167	385
262.217	404
262.267	420
262.317	446
262.368	466
262.418	484
262.468	507
262.519	516
262.569	533
262.620	541
262.670	535
262.720	540
262.770	530
262.820	513
262.870	502
262.921	474
262.971	458
263.021	436
263.071	411
263.121	394
263.171	378
263.222	363
263.272	358
263.322	354
263.372	356
263.423	367
263.474	378
263.524	399
263.574	420
263.624	439
263.674	466
263.724	484
263.775	509
263.825	527
263.875	532
263.925	548
263.975	548
264.025	543
264.076	538
264.126	517
264.176	505
264.226	485
264.276	456
264.328	437
264.378	414
264.428	390
264.478	374
264.528	359
264.578	349
264.629	349
264.679	351
264.729	362
264.779	379
264.829	391
264.879	416
264.930	436
264.980	465
265.030	489
265.080	504
265.130	529
265.181	535
265.232	548
265.282	556
265.332	545
265.382	544
265.432	529
265.483	506
265.533	488
265.583	461
265.633	435
265.683	413
265.734	388
265.784	371
265.834	358
265.884	348
265.934	345
265.984	355
266.035	355
266.086	371
266.136	388
266.186	412
266.236	438
266.286	458
266.337	489
266.387	504
266.437	527
266.487	545
266.537	546
266.588	558
266.638	555
266.688	540
266.738	533
266.788	507
266.838	488
266.889	467
266.939	436
266.990	415
267.040	392
267.090	370
267.140	358
267.191	347
267.241	341
267.291	346
267.341	353
267.391	368
267.442	388
267.492	406
267.542	435
267.592	455
267.642	484
267.692	510
267.743	523
267.793	544
267.843	553
267.894	551
267.944	556
267.995	539
268.045	530
268.095	515
268.145	487
268.195	467
268.245	441
268.296	413
268.346	393
268.396	373
268.446	357
268.496	351
268.546	344
268.597	349
268.647	358
268.697	369
268.747	390
268.798	408
268.849	434
268.899	461
268.949	480
268.999	507
269.049	525
269.099	534
269.150	549
269.200	544
269.250	550
269.300	542
269.350	522
269.400	511
269.451	489
269.501	462
269.551	442
269.601	415
269.651	395
269.703	379
269.753	364
269.803	357
269.853	354
269.903	354
269.953	365
270.004	375
270.054	393
270.104	415
270.154	434
270.204	462
270.254	483
270.305	499
270.355	521
270.405	526
270.455	541
270.505	544
270.556	533
270.607	534
270.657	519
270.707	499
270.757	484
270.807	458
270.858	439
270.908	418
270.958	397
271.008	384
271.058	373
271.108	363
271.159	362
271.209	364
271.259	371
271.309	386
271.359	400
271.410	421
271.460	441
271.511	460
271.561	483
271.611	495
271.661	515
271.712	527
271.762	527
271.812	536
271.862	529
271.912	519
271.963	512
272.013	490
272.063	477
272.113	458
272.163	435
272.213	419
272.264	406
272.314	385
272.364	378
272.415	371
272.465	370
272.515	375
272.566	380
272.616	396
272.666	412
272.716	426
272.766	447
272.817	460
272.867	484
272.917	499
272.967	507
273.017	522
273.067	518
273.118	523
273.168	522
273.218	508
273.268	503
273.319	487
273.369	466
273.420	452
273.470	431
273.520	416
273.570	403
273.620	389
273.671	384
273.721	380
273.771	377
273.821	385
273.871	390
273.921	403
273.972	420
274.022	432
274.072	453
274.122	470
274.172	481
274.223	499
274.274	502
274.324	514
274.374	520
274.424	511
274.474	514
274.525	504
274.575	487
274.625	479
274.675	459
274.725	445
274.775	432
274.826	414
274.876	405
274.926	396
274.976	388
275.026	388
275.076	387
275.128	393
275.178	404
275.228	412
275.278	428
275.328	442
275.379	454
275.429	472
275.479	478
275.529	493
275.579	504
275.629	502
275.680	510
275.730	506
275.780	496
275.830	493
275.880	477
275.931	469
275.981	457
276.032	441
276.082	433
276.132	420
276.182	408
276.233	405
276.283	399
276.333	398
276.383	403
276.433	405
276.483	416
276.534	425
276.584	432
276.634	447
276.684	454
276.734	467
276.785	479
276.835	480
276.886	492
276.936	493
276.986	491
277.036	492
277.087	482
277.137	481
277.187	473
277.237	458
277.287	455
277.337	445
277.388	433
277.438	428
277.488	419
277.538	416
277.588	416
277.639	413
277.689	417
277.739	422
277.790	424
277.840	433
277.890	437
277.941	447
277.991	456
278.041	460
278.091	469
278.141	473
278.191	474
278.242	479
278.292	474
278.342	476
278.392	474
278.442	465
278.493	466
278.543	459
278.593	451
278.643	449
278.694	440
278.744	437
278.795	436
278.845	429
278.895	432
278.945	434
278.995	430
279.046	436
279.096	434
279.146	441
279.196	445
279.246	443
279.296	452
279.347	454
279.397	454
279.447	460
279.497	456
279.547	462
279.598	462
279.649	457
279.699	461
279.749	458
279.799	456
279.849	458
279.900	450
279.950	454
280.000	453
280.050	448
280.100	451
280.150	447
280.201	447
280.251	449
280.301	445
280.351	448
280.401	448
280.451	443
280.503	446
280.553	443
280.603	442
280.653	445
280.703	440
280.754	445
280.804	445
280.854	441
280.904	447
280.954	445
281.004	448
281.055	452
281.105	451
281.155	457
281.205	460
281.255	458
281.305	464
281.356	460
281.407	464
281.457	466
281.507	459
281.557	463
281.608	460
281.658	453
281.708	453
281.758	444
281.808	442
281.858	440
281.909	433
281.959	432
282.009	431
282.059	427
282.109	430
282.159	427
282.210	432
282.260	438
282.311	441
282.361	449
282.411	454
282.462	456
282.512	467
282.562	466
282.612	474
282.662	480
282.712	475
282.763	481
282.813	478
282.863	470
282.913	469
282.963	457
283.014	454
283.064	448
283.114	436
283.164	433
283.215	426
283.265	418
283.316	417
283.366	412
283.416	413
283.466	418
283.516	420
283.566	429
283.617	437
283.667	443
283.717	456
283.767	460
283.817	473
283.868	482
283.918	483
283.968	493
284.018	493
284.068	489
284.119	491
284.170	480
284.220	477
284.270	469
284.320	453
284.370	447
284.420	435
284.471	422
284.521	415
284.571	406
284.621	402
284.671	402
284.722	400
284.772	406
284.822	412
284.872	418
284.922	431
284.972	439
285.024	455
285.074	470
285.124	476
285.174	492
285.224	499
285.275	501
285.325	508
285.375	501
285.425	504
285.475	497
285.525	481
285.576	475
285.626	459
285.676	443
285.726	433
285.776	416
285.826	406
285.877	398
285.928	388
285.978	388
286.028	393
286.078	390
286.129	400
286.179	408
286.229	424
286.279	439
286.329	451
286.379	472
286.430	480
286.480	495
286.530	511
286.580	510
286.630	522
286.680	521
286.731	510
286.781	509
286.832	492
286.882	480
286.932	467
286.983	444
287.033	432
287.083	415
287.133	397
287.183	388
287.233	383
287.284	374
287.334	376
287.384	378
287.434	389
287.484	401
287.534	413
287.585	434
287.635	451
287.686	469
287.736	490
287.786	499
287.837	518
287.887	527
287.937	526
287.987	532
288.037	520
288.087	516
288.138	505
288.188	484
288.238	471
288.288	450
288.338	427
288.388	412
288.439	392
288.489	379
288.539	372
288.590	364
288.640	365
288.691	371
288.741	377
288.791	394
288.841	407
288.891	428
288.941	451
288.992	467
289.042	492
289.092	510
289.142	518
289.192	534
289.243	533
289.293	538
289.343	537
289.393	519
289.443	512
289.494	494
289.545	470
289.595	453
289.645	426
289.695	407
289.745	391
289.795	373
289.846	365
289.896	360
289.946	356
289.996	363
290.046	372
290.097	386
290.147	406
290.197	423
290.247	450
290.297	472
290.347	490
290.399	513
290.449	520
290.499	537
290.549	545
290.599	539
290.649	542
290.700	529
290.750	510
290.800	497
290.850	471
290.900	451
290.951	430
291.001	406
291.051	388
291.101	375
291.151	361
291.201	357
291.252	355
291.303	360
291.353	372
291.403	384
291.453	405
291.503	427
291.554	447
291.604	473
291.654	489
291.704	513
291.754	529
291.805	532
291.855	546
291.905	544
291.955	535
292.005	530
292.055	507
292.106	495
292.156	474
292.207	447
292.257	429
292.307	407
292.358	386
292.408	374
292.458	363
292.508	356
292.558	359
292.608	362
292.659	374
292.709	391
292.759	406
292.809	430
292.859	447
292.909	474
292.960	495
293.010	507
293.060	527
293.111	532
293.161	536
293.212	541
293.262	528
293.312	525
293.362	509
293.412	487
293.462	471
293.513	449
293.563	426
293.613	409
293.663	390
293.713	378
293.763	370
293.814	364
293.864	367
293.914	377
293.964	381
294.015	397
294.066	411
294.116	434
294.166	454
294.216	469
294.266	492
294.316	500
294.367	516
294.417	527
294.467	524
294.517	531
294.567	524
294.617	508
294.668	501
294.718	479
294.768	463
294.818	448
294.868	425
294.920	412
294.970	398
295.020	385
295.070	380
295.120	375
295.170	376
295.221	385
295.271	391
295.321	407
295.371	422
295.421	436
295.471	456
295.522	468
295.572	486
295.622	501
295.672	504
295.722	517
295.773	518
295.824	511
295.874	511
295.924	497
295.974	488
296.024	476
296.075	456
296.125	445
296.175	430
296.225	415
296.275	406
296.326	395
296.376	391
296.426	391
296.476	391
296.526	399
296.576	407
296.627	414
296.678	430
296.728	438
296.778	454
296.828	470
296.878	477
296.929	491
296.979	497
297.029	498
297.079	504
297.129	495
297.180	495
297.230	490
297.280	475
297.330	470
297.380	459
297.430	444
297.481	437
297.531	423
297.582	417
297.632	413
297.682	405
297.732	408
297.783	409
297.833	410
297.883	419
297.933	422
297.983	433
298.034	443
298.084	448
298.134	462
298.184	469
298.234	472
298.284	482
298.335	479
298.385	486
298.435	486
298.486	479
298.536	480
298.587	474
298.637	466
298.687	462
298.737	450
298.787	446
298.837	442
298.888	432
298.938	431
298.988	427
299.038	421
