#Creator: pendulumdriveEventBuffer
#Creation time: Tue Mar 21 16:00:21 2017
#Time	Pos
#[s]	[au]
0.050	462
0.101	463
0.151	470
0.201	468
0.251	473
0.301	476
0.351	470
0.402	472
0.452	469
0.502	461
0.552	459
0.602	447
0.653	443
0.703	439
0.754	430
0.804	428
0.854	423
0.904	418
0.955	421
1.005	418
1.055	421
1.105	429
1.155	431
1.206	442
1.256	450
1.306	455
1.356	467
1.406	469
1.456	478
1.507	486
1.557	483
1.608	490
1.658	487
1.708	479
1.758	479
1.809	465
1.859	460
1.909	452
1.959	439
2.009	432
2.060	424
2.110	413
2.160	412
2.210	405
2.260	405
2.310	410
2.361	412
2.411	422
2.461	430
2.512	437
2.562	452
2.612	459
2.663	472
2.713	485
2.763	487
2.813	497
2.863	500
2.914	496
2.964	497
3.014	486
3.064	482
3.114	473
3.164	456
3.215	448
3.265	436
3.315	421
3.365	414
3.416	404
3.466	398
3.517	399
3.567	396
3.617	403
3.667	411
3.717	416
3.768	431
3.818	440
3.868	456
3.918	471
3.968	477
4.018	493
4.069	500
4.119	502
4.169	508
4.219	499
4.269	501
4.321	493
4.371	477
4.421	471
4.471	458
4.521	439
4.571	428
4.622	413
4.672	404
4.722	399
4.772	392
4.822	394
4.872	399
4.923	400
4.973	411
5.023	419
5.073	434
5.123	450
5.174	459
5.225	477
5.275	485
5.325	496
5.375	506
5.425	503
5.476	509
5.526	505
5.576	492
5.626	489
5.676	473
5.726	460
5.777	450
5.827	432
5.877	423
5.927	413
5.977	401
6.028	398
6.078	393
6.129	395
6.179	402
6.229	405
6.279	418
6.330	430
6.380	440
6.430	457
6.480	464
6.530	478
6.580	491
6.631	494
6.681	503
6.731	503
6.781	497
6.831	497
6.882	484
6.932	476
6.982	468
7.033	451
7.083	443
7.133	431
7.184	418
7.234	414
7.284	405
7.334	402
7.384	405
7.434	404
7.485	413
7.535	420
7.585	426
7.635	440
7.685	446
7.736	459
7.786	471
7.836	474
7.886	486
7.937	491
7.987	486
8.038	492
8.088	483
8.138	481
8.188	477
8.238	464
8.289	460
8.339	450
8.389	438
8.439	434
8.489	423
8.539	419
8.590	419
8.640	414
8.690	419
8.740	422
8.790	424
8.841	432
8.892	435
8.942	444
8.992	454
9.042	457
9.092	467
9.143	471
9.193	472
9.243	478
9.293	473
9.343	475
9.393	475
9.444	465
9.494	466
9.544	459
9.594	452
9.644	449
9.694	440
9.746	439
9.796	437
9.846	431
9.896	433
9.946	433
9.997	431
10.047	435
10.097	434
10.147	440
10.197	445
10.247	444
10.298	452
10.348	455
10.398	454
10.448	459
10.498	456
10.548	461
10.599	462
10.650	457
10.700	461
10.750	461
10.800	455
10.851	458
10.901	451
10.951	454
11.001	454
11.051	448
11.101	451
11.152	449
11.202	446
11.252	448
11.302	444
11.352	446
11.402	446
11.453	441
11.503	445
11.554	443
11.604	441
11.654	444
11.705	440
11.755	443
11.805	445
11.855	443
11.905	448
11.955	447
12.006	450
12.056	456
12.106	454
12.156	460
12.206	463
12.257	462
12.307	466
12.357	463
12.407	463
12.458	465
12.508	457
12.559	459
12.609	456
12.659	447
12.709	447
12.759	439
12.809	436
12.860	434
12.910	428
12.960	429
13.010	429
13.060	427
13.111	432
13.161	432
13.211	438
13.261	447
13.312	447
13.362	458
13.413	464
13.463	466
13.513	475
13.563	474
13.613	477
13.663	481
13.714	475
13.764	476
13.814	471
13.864	461
13.914	458
13.965	446
14.015	439
14.065	434
14.115	424
14.165	422
14.216	417
14.267	413
14.317	417
14.367	415
14.417	420
14.467	430
14.518	433
14.568	447
14.618	456
14.668	461
14.718	474
14.768	476
14.819	485
14.869	491
14.919	488
14.969	492
15.019	486
15.069	477
15.121	474
15.171	460
15.221	452
15.271	444
15.321	430
15.372	424
15.422	416
15.472	408
15.522	407
15.572	404
15.622	408
15.673	414
15.723	418
15.773	430
15.823	440
15.873	447
15.923	464
15.974	469
16.025	482
16.075	492
16.125	491
16.175	500
16.226	498
16.276	491
16.326	490
16.376	477
16.426	469
16.476	459
16.527	442
16.577	436
16.627	424
16.677	413
16.727	408
16.777	400
16.828	400
16.878	403
16.929	405
16.979	415
17.029	425
17.080	432
17.130	448
17.180	454
17.230	470
17.280	482
17.330	486
17.381	498
17.431	499
17.481	497
17.531	499
17.581	490
17.631	485
17.682	476
17.732	460
17.782	452
17.833	439
17.883	425
17.934	417
17.984	406
18.034	402
18.084	401
18.134	399
18.184	406
18.235	414
18.285	418
18.335	432
18.385	439
18.435	455
18.486	467
18.536	474
18.586	489
18.636	490
18.686	495
18.737	500
18.788	493
18.838	494
18.888	487
18.938	473
18.988	467
19.038	453
19.089	440
19.139	432
19.189	419
19.239	414
19.289	409
19.340	403
19.390	405
19.440	405
19.490	412
19.540	421
19.590	426
19.642	441
19.692	452
19.742	459
19.792	473
19.842	477
19.892	485
19.943	493
19.993	489
20.043	494
20.093	490
20.143	479
20.194	477
20.244	462
20.294	456
20.344	447
20.394	433
20.444	429
20.495	421
20.546	413
20.596	413
20.646	410
20.696	413
20.746	419
20.797	421
20.847	432
20.897	441
20.947	446
20.997	458
21.048	462
21.098	471
21.148	479
21.198	479
21.248	484
21.298	483
21.349	477
21.399	477
21.450	466
21.500	462
21.550	457
21.601	445
21.651	443
21.701	437
21.751	429
21.801	428
21.851	422
21.902	423
21.952	426
22.002	425
22.052	433
22.102	437
22.152	439
22.203	449
22.253	450
22.303	458
22.354	465
22.404	463
22.455	470
22.505	471
22.555	467
22.605	469
22.655	461
22.705	462
22.756	460
22.806	452
22.856	451
22.906	447
22.956	441
23.006	442
23.057	437
23.107	437
23.157	439
23.207	436
23.258	442
23.309	444
23.359	442
23.409	448
23.459	445
23.509	451
23.559	455
23.610	451
23.660	457
23.710	456
23.760	453
23.810	456
23.860	451
23.911	453
23.961	453
24.011	448
24.061	452
24.111	451
24.163	448
24.213	450
24.263	448
24.313	451
24.363	454
24.413	449
24.464	455
24.514	458
24.564	451
24.614	455
24.664	449
24.714	452
24.765	451
24.815	445
24.865	448
24.915	445
24.965	441
25.016	443
25.067	437
25.117	441
25.167	443
25.217	440
25.267	445
25.318	447
25.368	448
25.418	455
25.468	453
25.518	461
25.569	464
25.619	462
25.669	468
25.719	465
25.769	464
25.819	466
25.870	458
25.921	459
25.971	456
26.021	447
26.071	445
26.121	439
26.172	434
26.222	432
26.272	426
26.322	428
26.372	429
26.423	426
26.473	433
26.523	435
26.573	440
26.623	449
26.673	452
26.724	462
26.774	467
26.825	468
26.875	477
26.925	475
26.975	477
27.026	480
27.076	472
27.126	472
27.176	467
27.226	454
27.277	452
27.327	440
27.377	434
27.427	429
27.477	421
27.527	420
27.578	417
27.628	414
27.678	419
27.729	420
27.779	426
27.830	436
27.880	442
27.930	454
27.980	463
28.030	468
28.080	480
28.131	480
28.181	487
28.231	491
28.281	485
28.331	487
28.381	481
28.432	470
28.482	466
28.532	451
28.582	443
28.633	435
28.684	422
28.734	419
28.784	413
28.834	408
28.884	408
28.934	407
28.985	412
29.035	422
29.085	426
29.135	441
29.185	451
29.235	458
29.286	473
29.336	477
29.386	488
29.436	494
29.486	491
29.538	497
29.588	493
29.638	484
29.688	480
29.738	466
29.788	458
29.839	448
29.889	434
29.939	426
29.989	418
30.039	407
30.089	406
30.140	401
30.190	404
30.240	410
30.290	413
30.340	425
30.391	437
30.442	444
30.492	460
30.542	465
30.592	480
30.642	489
30.693	490
30.743	498
30.793	498
30.843	492
30.893	492
30.943	478
30.994	473
31.044	463
31.094	448
31.144	440
31.194	429
31.245	416
31.295	412
31.346	403
31.396	403
31.446	405
31.496	406
31.547	415
31.597	428
31.647	431
31.697	445
31.747	452
31.798	466
31.848	478
31.898	480
31.948	492
31.998	490
32.048	492
32.099	494
32.149	485
32.199	483
32.250	474
32.300	460
32.350	454
32.401	442
32.451	430
32.501	424
32.551	414
32.601	411
32.652	410
32.702	407
32.752	413
32.802	415
32.852	422
32.902	434
32.953	439
33.003	453
33.053	464
33.103	468
33.154	480
33.204	481
33.255	486
33.305	490
33.355	483
33.405	485
33.455	479
33.506	467
33.556	464
33.606	450
33.656	443
33.706	437
33.756	426
33.807	424
33.857	420
33.907	415
33.957	418
34.007	417
34.058	422
34.109	430
34.159	433
34.209	446
34.259	453
34.309	457
34.360	468
34.410	468
34.460	475
34.510	480
34.560	475
34.610	479
34.661	476
34.711	468
34.761	466
34.811	455
34.861	451
34.911	447
34.963	437
35.013	436
35.063	431
35.113	426
35.163	428
35.214	425
35.264	429
35.314	434
35.364	434
35.414	444
35.464	447
35.515	450
35.565	459
35.615	458
35.665	465
35.715	469
35.766	466
35.816	470
35.867	468
35.917	462
35.967	462
36.017	453
36.068	452
36.118	450
36.168	442
36.218	442
36.268	440
36.318	435
36.369	438
36.419	435
36.469	438
36.519	442
36.569	440
36.620	448
36.670	451
36.721	451
36.771	457
36.821	454
36.871	458
36.922	462
36.972	456
37.022	461
37.072	458
37.122	453
37.172	454
37.223	448
37.273	447
37.323	447
37.373	441
37.423	444
37.474	443
37.524	441
37.574	446
37.625	442
37.675	448
37.725	452
37.776	450
37.826	457
37.876	457
37.926	456
37.976	460
38.026	456
38.077	458
38.127	458
38.177	452
38.227	454
38.277	450
38.328	444
38.378	445
38.428	438
38.478	439
38.529	439
38.579	436
38.630	441
38.680	443
38.730	442
38.780	447
38.830	447
38.881	454
38.931	459
38.981	457
39.031	465
39.081	464
39.131	465
39.182	469
39.232	462
39.282	464
39.332	461
39.382	452
39.433	452
39.484	446
39.534	440
39.584	438
39.634	430
39.684	430
39.735	429
39.785	426
39.835	432
39.885	431
39.935	436
39.985	444
40.036	445
40.086	455
40.136	462
40.186	463
40.236	473
40.286	471
40.338	474
40.388	478
40.438	472
40.488	474
40.538	469
40.589	460
40.639	458
40.689	445
40.739	440
40.789	436
40.839	426
40.890	426
40.940	422
40.990	417
41.040	421
41.090	420
41.140	426
41.191	434
41.242	438
41.292	449
41.342	456
41.392	462
41.443	473
41.493	473
41.543	481
41.593	486
41.643	480
41.693	485
41.744	481
41.794	471
41.844	468
41.894	454
41.944	448
41.994	441
42.045	429
42.095	425
42.146	419
42.196	412
42.246	413
42.297	411
42.347	415
42.397	423
42.447	426
42.497	438
42.547	447
42.598	453
42.648	468
42.698	470
42.748	482
42.798	489
42.849	487
42.899	493
42.949	490
42.999	483
43.050	480
43.100	467
43.151	460
43.201	452
43.251	437
43.301	431
43.351	422
43.401	412
43.452	411
43.502	406
43.552	407
43.602	412
43.652	414
43.703	425
43.753	435
43.803	441
43.853	456
43.903	461
43.954	474
44.005	485
44.055	485
44.105	496
44.155	495
44.205	490
44.255	491
44.306	478
44.356	474
44.406	465
44.456	450
44.506	443
44.557	432
44.607	420
44.657	416
44.707	407
44.757	405
44.807	407
44.859	406
44.909	415
44.959	423
45.009	429
45.059	443
45.110	449
45.160	464
45.210	475
45.260	479
45.310	490
45.360	489
45.411	492
45.461	495
45.511	486
45.561	483
45.611	476
45.661	462
45.712	457
45.763	444
45.813	432
45.863	426
45.913	415
45.964	410
46.014	410
46.064	407
46.114	412
46.164	418
46.214	421
46.265	433
46.315	438
46.365	452
46.415	463
46.465	468
46.515	479
46.566	479
46.616	486
46.667	491
46.717	484
46.767	487
46.818	481
46.868	469
46.918	465
46.968	454
47.018	445
47.068	438
47.119	426
47.169	423
47.219	420
47.269	413
47.319	417
47.369	415
47.420	421
47.470	429
47.521	432
47.571	443
47.621	452
47.672	456
47.722	468
47.772	469
47.822	476
47.872	481
47.922	478
47.973	481
48.023	478
48.073	469
48.123	468
48.173	457
48.223	452
48.274	448
48.324	436
48.374	436
48.425	430
48.475	425
48.526	427
48.576	423
48.626	426
48.676	432
48.726	433
48.776	442
48.827	446
48.877	449
48.927	459
48.977	458
49.027	465
49.078	470
49.128	466
49.178	471
49.228	470
49.278	463
49.329	465
49.380	456
49.430	454
49.480	452
49.530	443
49.580	444
49.630	441
49.681	435
49.731	437
49.781	434
49.831	436
49.881	440
49.932	438
49.982	446
50.032	448
50.082	449
50.132	455
50.182	453
50.234	458
50.284	461
50.334	456
50.384	461
50.434	459
50.484	454
50.535	456
50.585	448
50.635	449
50.685	448
50.735	444
50.786	446
50.836	445
50.886	441
50.936	447
50.986	444
51.036	448
51.087	451
51.138	449
51.188	455
51.238	456
51.288	453
51.338	458
51.389	453
51.439	456
51.489	457
51.539	451
51.589	453
51.640	450
51.690	444
51.740	445
51.790	440
51.840	441
51.890	441
51.941	438
51.991	443
52.042	444
52.092	443
52.142	449
52.193	449
52.243	455
52.293	461
52.343	458
52.393	466
52.443	467
52.494	464
52.544	467
52.594	460
52.644	461
52.694	460
52.744	452
52.795	451
52.845	445
52.895	438
52.946	437
52.996	430
53.047	430
53.097	430
53.147	427
53.197	433
53.247	436
53.297	437
53.348	445
53.398	447
53.448	456
53.498	463
53.548	464
53.598	473
53.649	472
53.699	475
53.749	479
53.799	472
53.850	474
53.901	469
53.951	460
54.001	457
54.051	447
54.101	440
54.151	435
54.202	424
54.252	423
54.302	421
54.352	416
54.402	420
54.452	419
54.503	424
54.553	434
54.603	436
54.653	449
54.703	457
54.755	462
54.805	474
54.855	474
54.905	482
54.955	488
55.005	483
55.056	488
55.106	483
55.156	473
55.206	470
55.256	457
55.306	449
55.357	441
55.407	428
55.457	424
55.507	417
55.557	409
55.608	410
55.659	407
55.709	411
55.759	419
55.809	422
55.859	434
55.910	444
55.960	451
56.010	466
56.060	471
56.110	481
56.161	491
56.211	489
56.261	498
56.311	496
56.361	489
56.411	486
56.462	473
56.513	465
56.563	455
56.613	440
56.663	433
56.713	422
56.764	411
56.814	408
56.864	401
56.914	402
56.964	404
57.015	407
57.065	417
57.115	427
57.165	436
57.215	451
57.265	458
57.316	473
57.366	485
57.417	487
57.467	500
57.517	502
57.567	498
57.618	500
57.668	487
57.718	482
57.768	474
57.818	457
57.869	449
57.919	435
57.969	422
58.019	415
58.069	404
58.119	400
58.170	399
58.220	398
58.270	405
58.321	412
58.371	418
58.422	433
58.472	441
58.522	457
58.572	471
58.622	478
58.672	492
58.723	498
58.773	499
58.823	505
58.873	496
58.923	497
58.973	490
59.024	474
59.074	467
59.124	454
59.174	438
59.225	429
59.276	415
59.326	407
59.376	403
59.426	397
59.476	399
59.526	408
59.577	406
59.627	418
59.677	425
59.727	440
59.777	453
59.827	461
59.878	477
59.928	483
59.978	493
60.028	501
60.078	497
60.130	502
60.180	498
60.230	486
60.280	481
60.330	467
60.380	455
60.431	446
60.481	430
60.531	422
60.581	413
60.631	404
60.681	403
60.732	399
60.782	402
60.832	409
60.882	413
60.932	425
60.983	438
61.034	444
61.084	462
61.134	469
61.184	478
61.234	491
61.285	490
61.335	498
61.385	498
61.435	490
61.485	489
61.535	477
61.586	469
61.636	461
61.686	444
61.736	438
61.786	428
61.837	417
61.887	413
61.938	406
61.988	406
62.038	409
62.088	409
62.139	419
62.189	427
62.239	433
62.289	448
62.339	453
62.390	466
62.440	477
62.490	479
62.540	490
62.590	492
62.640	489
62.691	490
62.741	480
62.791	475
62.842	470
62.892	455
62.942	451
62.993	442
63.043	429
63.093	425
63.143	415
63.193	412
63.244	414
63.294	412
63.344	419
63.394	425
63.444	428
63.494	439
63.545	443
63.595	455
63.645	465
63.695	468
63.746	478
63.796	483
63.847	482
63.897	485
63.947	477
63.997	478
64.047	473
64.098	461
64.148	459
64.198	450
64.248	439
64.298	436
64.348	427
64.399	424
64.449	423
64.499	418
64.549	424
64.599	426
64.650	427
64.701	436
64.751	438
64.801	448
64.851	457
64.901	459
64.952	468
65.002	472
65.052	471
65.102	477
65.152	470
65.202	473
65.253	472
65.303	462
65.353	461
65.403	454
65.453	446
65.503	443
65.555	435
65.605	433
65.655	433
65.705	428
65.755	432
65.806	433
65.856	432
65.906	440
65.956	439
66.006	448
66.056	454
66.107	454
66.157	462
66.207	465
66.257	464
66.307	468
66.358	463
66.408	464
66.459	463
66.509	457
66.559	457
66.609	453
66.660	446
66.710	447
66.760	439
66.810	440
66.860	440
66.910	436
66.961	441
67.011	442
67.061	442
67.111	447
67.161	446
67.212	451
67.262	456
67.313	454
67.363	460
67.413	459
67.463	458
67.514	461
67.564	455
67.614	457
67.664	455
67.714	448
67.764	449
67.815	445
67.865	440
67.915	442
67.965	437
68.015	440
68.066	443
68.116	440
68.166	447
68.217	447
68.267	448
68.317	456
68.368	453
68.418	461
68.468	463
68.518	460
68.568	466
68.618	461
68.669	460
68.719	460
68.769	452
68.819	453
68.869	449
68.920	441
68.970	442
69.020	434
69.070	432
69.121	435
69.171	431
69.222	436
69.272	437
69.322	438
69.372	445
69.422	445
69.473	453
69.523	460
69.573	460
69.623	469
69.673	472
69.723	468
69.774	474
69.824	468
69.874	467
69.924	465
69.974	456
70.025	456
70.076	449
70.126	440
70.176	437
70.226	430
70.276	426
70.327	426
70.377	422
70.427	426
70.477	429
70.527	430
70.577	439
70.628	441
70.678	450
70.728	459
70.778	462
70.828	473
70.878	477
70.930	476
70.980	482
71.030	476
71.080	477
71.130	476
71.181	466
71.231	463
71.281	455
71.331	443
71.381	439
71.431	428
71.482	423
71.532	420
71.582	415
71.632	418
71.682	419
71.732	419
71.783	428
71.834	431
71.884	441
71.934	452
71.984	456
72.035	470
72.085	477
72.135	480
72.185	489
72.235	484
72.285	488
72.336	487
72.386	477
72.436	475
72.486	464
72.536	453
72.586	447
72.637	433
72.687	427
72.738	421
72.788	412
72.838	412
72.889	412
72.939	410
72.989	417
73.039	420
73.089	430
73.139	441
73.190	447
73.240	461
73.290	468
73.340	476
73.390	487
73.441	486
73.491	492
73.541	494
73.591	485
73.642	485
73.692	474
73.743	465
73.793	458
73.843	443
73.893	436
73.943	428
73.993	417
74.044	414
74.094	412
74.144	407
74.194	411
74.244	412
74.295	420
74.345	430
74.395	435
74.445	450
74.495	457
74.546	466
74.597	480
74.647	481
74.697	492
74.747	494
74.797	488
74.847	490
74.898	482
74.948	475
74.998	470
75.048	455
75.098	448
75.149	439
75.199	426
75.249	422
75.299	412
75.349	410
75.399	412
75.451	410
75.501	416
75.551	423
75.601	426
75.651	440
75.702	445
75.752	456
75.802	468
75.852	472
75.902	483
75.952	487
76.003	484
76.053	489
76.103	482
76.153	479
76.203	475
76.253	462
76.304	459
76.355	450
76.405	437
76.455	433
76.505	423
76.556	419
76.606	419
76.656	414
76.706	419
76.756	422
76.806	425
76.857	434
76.907	437
76.957	448
77.007	458
77.057	460
77.107	472
77.158	476
77.208	476
77.259	482
77.309	476
77.359	476
77.410	475
77.460	464
77.510	464
77.560	457
77.610	446
77.660	443
77.711	432
77.761	430
77.811	429
77.861	424
77.911	427
77.961	428
78.012	427
78.062	435
78.113	436
78.163	445
78.213	452
78.264	453
78.314	463
78.364	467
78.414	466
78.464	472
78.514	467
78.565	470
78.615	469
78.665	460
78.715	461
78.765	456
78.815	448
78.866	447
78.916	438
78.966	438
79.017	437
79.067	432
79.118	435
79.168	436
79.218	435
79.268	441
79.318	440
79.368	448
79.419	453
79.469	453
79.519	461
79.569	462
79.619	461
79.670	466
79.720	461
79.770	462
79.820	462
79.870	454
79.921	455
79.972	451
80.022	444
80.072	445
80.122	439
80.172	439
80.222	440
80.273	437
80.323	441
80.373	443
80.423	443
80.473	449
80.524	447
80.574	454
80.624	459
80.674	456
80.724	463
80.774	461
80.826	460
80.876	463
80.926	457
80.976	459
81.026	455
81.076	448
81.127	447
81.177	444
81.227	439
81.277	439
81.327	434
81.378	436
81.428	437
81.478	435
81.528	442
81.578	444
81.628	447
81.679	453
81.730	453
81.780	462
81.830	466
81.880	464
81.930	470
81.981	467
82.031	465
82.081	466
82.131	458
82.181	458
82.232	454
82.282	446
82.332	444
82.382	435
82.432	432
82.482	432
82.533	427
82.583	430
82.634	432
82.684	431
82.734	439
82.785	439
82.835	446
82.885	455
82.935	457
82.985	466
83.035	470
83.086	469
83.136	477
83.186	470
83.236	473
83.286	473
83.336	464
83.387	463
83.437	457
83.487	446
83.538	443
83.588	434
83.639	429
83.689	427
83.739	422
83.789	424
83.839	424
83.889	424
83.940	431
83.990	433
84.040	441
84.090	451
84.140	454
84.190	466
84.241	472
84.291	473
84.341	481
84.391	478
84.442	481
84.493	480
84.543	471
84.593	471
84.643	463
84.693	451
84.743	448
84.794	435
84.844	430
84.894	426
84.944	417
84.994	417
85.044	418
85.095	417
85.145	423
85.195	426
85.245	434
85.295	443
85.347	449
85.397	461
85.447	469
85.497	472
85.547	483
85.597	480
85.648	486
85.698	487
85.748	479
85.798	479
85.848	471
85.898	460
85.949	455
85.999	442
86.049	434
86.099	429
86.149	418
86.200	417
86.251	415
86.301	412
86.351	416
86.401	418
86.451	425
86.502	435
86.552	440
86.602	454
86.652	462
86.702	468
86.753	479
86.803	479
86.853	488
86.903	490
86.953	483
87.003	486
87.054	479
87.105	469
87.155	463
87.205	450
87.255	444
87.305	436
87.356	424
87.406	422
87.456	417
87.506	411
87.556	414
87.607	413
87.657	419
87.707	427
87.757	431
87.807	445
87.857	452
87.908	460
87.958	472
88.009	474
88.059	484
88.109	489
88.159	483
88.210	488
88.260	481
88.310	475
88.360	472
88.410	459
88.461	453
88.511	445
88.561	432
88.611	428
88.661	423
88.711	415
88.762	415
88.812	412
88.862	417
88.913	423
88.963	426
89.014	437
89.064	445
89.114	452
89.164	463
89.214	466
89.264	478
89.315	483
89.365	481
89.415	488
89.465	479
89.515	479
89.565	476
89.616	465
89.666	461
89.716	452
89.766	440
89.817	436
89.868	426
89.918	422
89.968	421
90.018	417
90.068	420
90.118	423
90.169	425
90.219	434
90.269	436
90.319	447
90.369	456
90.419	460
90.470	471
90.520	475
90.570	473
90.620	481
90.670	475
90.722	475
90.772	475
90.822	465
90.872	464
90.922	456
90.972	446
91.023	443
91.073	433
91.123	430
91.173	429
91.223	423
91.273	427
91.324	427
91.374	429
91.424	435
91.474	436
91.524	444
91.575	453
91.626	454
91.676	463
91.726	467
91.776	467
91.826	473
91.877	468
91.927	470
91.977	469
92.027	461
92.077	462
92.127	456
92.178	448
92.228	446
92.278	436
92.328	436
92.378	435
92.429	430
92.479	434
92.530	434
92.580	433
92.630	441
92.680	440
92.731	447
92.781	454
92.831	453
92.881	462
92.931	464
92.982	463
93.032	468
93.082	463
93.132	465
93.182	464
93.232	456
93.283	457
93.333	452
93.383	445
93.434	445
93.484	437
93.534	437
93.585	437
93.635	433
93.685	437
93.735	439
93.785	439
93.836	446
93.886	445
93.936	452
93.986	457
94.036	457
94.086	464
94.137	468
94.187	464
94.237	467
94.287	460
94.338	462
94.388	460
94.439	452
94.489	452
94.539	446
94.589	441
94.639	440
94.690	434
94.740	433
94.790	434
94.840	433
94.890	438
94.940	440
94.991	442
95.041	449
95.091	449
95.141	458
95.191	463
95.242	461
95.293	470
95.343	468
95.393	468
95.443	470
95.493	463
95.544	464
95.594	461
95.644	452
95.694	449
95.744	439
95.794	436
95.845	434
95.895	427
95.945	428
95.995	428
96.045	426
96.095	432
96.147	431
96.197	438
96.247	447
96.297	450
96.347	459
96.398	466
96.448	465
96.498	476
96.548	473
96.598	477
96.648	480
96.699	472
96.749	473
96.799	467
96.849	456
96.899	453
96.950	442
97.000	436
97.051	432
97.101	422
97.151	422
97.201	420
97.252	417
97.302	422
97.352	422
97.402	429
97.452	438
97.502	440
97.553	454
97.603	462
97.653	466
97.703	478
97.753	478
97.804	484
97.854	487
97.905	482
97.955	484
98.005	478
98.055	466
98.106	464
98.156	450
98.206	442
98.256	436
98.306	425
98.356	421
98.407	415
98.457	411
98.507	413
98.557	412
98.607	416
98.658	426
98.708	431
98.758	444
98.809	453
98.859	459
98.909	473
98.960	476
99.010	486
99.060	492
99.110	488
99.160	493
99.210	489
99.261	480
99.311	476
99.361	461
99.411	454
99.461	446
99.512	432
99.562	426
99.612	418
99.662	410
99.713	409
99.763	404
99.814	407
99.864	414
99.914	418
99.964	430
100.014	440
100.065	448
100.115	463
100.165	468
100.215	481
100.265	490
100.315	489
100.366	498
100.416	496
100.466	491
100.516	488
100.566	475
100.617	469
100.668	459
100.718	444
100.768	436
100.818	426
100.868	415
100.919	410
100.969	404
101.019	403
101.069	406
101.119	408
101.169	417
101.220	431
101.270	434
101.320	449
101.370	455
101.420	470
101.470	481
101.522	483
101.572	496
101.622	493
101.672	495
101.722	496
101.773	485
101.823	481
101.873	473
101.923	458
101.973	450
102.023	438
102.074	425
102.124	420
102.174	409
102.224	406
102.274	406
102.324	404
102.375	410
102.426	415
102.476	423
102.526	436
102.576	442
102.627	457
102.677	468
102.727	473
102.777	486
102.827	487
102.877	492
102.928	496
102.978	489
103.028	489
103.078	482
103.128	469
103.178	462
103.229	448
103.279	439
103.330	432
103.380	419
103.430	416
103.481	412
103.531	407
103.581	410
103.631	410
103.681	417
103.731	427
103.782	431
103.832	446
103.882	455
103.932	461
103.982	474
104.033	475
104.083	484
104.133	490
104.183	485
104.234	489
104.284	484
104.335	474
104.385	471
104.435	457
104.485	451
104.535	444
104.585	432
104.636	428
104.686	423
104.736	416
104.786	417
104.836	414
104.887	419
104.937	425
104.987	428
105.037	438
105.087	447
105.138	451
105.189	463
105.239	464
105.289	473
105.339	479
105.389	477
105.439	482
105.490	480
105.540	473
105.590	472
105.640	460
105.690	457
105.741	452
105.791	442
105.841	439
105.891	433
105.941	427
105.991	427
106.043	423
106.093	425
106.143	430
106.193	431
106.243	439
106.294	443
106.344	446
106.394	456
106.444	456
106.494	464
106.544	469
106.595	467
106.645	473
106.695	471
106.745	467
106.795	467
106.845	458
106.896	456
106.947	454
106.997	444
107.047	444
107.097	441
107.148	435
107.198	436
107.248	431
107.298	435
107.348	437
107.398	436
107.449	444
107.499	447
107.549	448
107.599	455
107.649	454
107.699	460
107.750	464
107.800	460
107.851	465
107.901	463
107.951	459
108.002	459
108.052	451
108.102	452
108.152	450
108.202	443
108.252	444
108.303	446
108.353	438
108.403	442
108.453	438
108.503	442
108.553	445
108.604	444
108.654	451
108.705	453
108.755	453
108.805	460
108.856	457
108.906	461
108.956	463
109.006	457
109.056	461
109.106	457
109.157	451
109.207	452
109.257	444
109.307	444
109.357	443
109.407	436
109.458	439
109.508	438
109.558	436
109.609	441
109.659	439
109.710	446
109.760	450
109.810	449
109.860	458
109.910	459
109.960	462
110.011	467
110.061	463
110.111	468
110.161	468
110.211	461
110.262	462
110.312	453
110.362	450
110.412	447
110.462	439
110.513	438
110.564	435
110.614	428
110.664	431
110.714	427
110.764	428
110.814	433
110.865	433
110.915	442
110.965	448
111.015	450
111.065	460
111.116	461
111.166	469
111.216	476
111.266	472
111.316	480
111.366	479
111.418	473
111.468	473
111.518	463
111.568	458
111.618	455
111.668	442
111.719	439
111.769	432
111.819	423
111.869	422
111.919	415
111.970	414
112.020	420
112.070	419
112.120	428
112.170	435
112.220	439
112.271	452
112.322	456
112.372	467
112.422	477
112.472	479
112.522	489
112.573	490
112.623	486
112.673	489
112.723	478
112.773	475
112.824	469
112.874	456
112.924	449
112.974	439
113.024	426
113.074	421
113.125	411
113.175	408
113.226	407
113.276	406
113.326	411
113.377	417
113.427	421
113.477	434
113.527	441
113.577	455
113.627	468
113.678	474
113.728	488
113.778	494
113.828	495
113.878	502
113.928	493
113.979	494
114.029	489
114.079	474
114.130	469
114.180	456
114.231	441
114.281	432
114.331	417
114.381	409
114.431	404
114.481	397
114.532	400
114.582	402
114.632	405
114.682	415
114.732	421
114.782	436
114.833	451
114.883	458
114.933	476
114.983	486
115.034	491
115.085	503
115.135	499
115.185	505
115.235	503
115.285	492
115.335	488
115.386	474
115.436	460
115.486	449
115.536	434
115.586	422
115.636	413
115.687	401
115.737	399
115.787	399
115.837	394
115.887	401
115.939	406
115.989	417
116.039	430
116.089	439
116.139	457
116.189	468
116.240	479
116.290	493
116.340	494
116.390	505
116.440	506
116.490	500
116.541	499
116.591	487
116.641	478
116.691	469
116.741	452
116.792	442
116.843	430
116.893	416
116.943	410
116.993	405
117.043	398
117.094	400
117.144	400
117.194	407
117.244	417
117.294	423
117.345	440
117.395	447
117.445	462
117.495	476
117.545	480
117.595	494
117.646	499
117.697	496
117.747	501
117.797	491
117.847	488
117.897	482
117.948	466
117.998	460
118.048	448
118.098	433
118.148	426
118.199	414
118.249	408
118.299	407
118.349	403
118.399	408
118.449	412
118.500	416
118.550	427
118.601	432
118.651	445
118.701	459
118.751	464
118.802	478
118.852	484
118.902	485
118.952	492
119.002	486
119.053	488
119.103	485
119.153	473
119.203	470
119.253	461
119.303	448
119.354	443
119.404	430
119.454	426
119.505	422
119.555	415
119.606	417
119.656	418
119.706	418
119.756	426
119.806	427
119.856	436
119.907	447
119.957	449
120.007	461
120.057	467
120.107	470
120.157	477
120.208	474
120.258	478
120.308	478
120.358	470
120.409	472
120.460	466
120.510	456
120.560	454
120.610	444
120.660	442
120.710	438
120.761	431
120.811	432
120.861	430
120.911	429
120.961	433
121.011	432
121.062	437
121.112	443
121.162	444
121.212	451
121.262	454
121.314	455
121.364	463
121.414	459
121.464	464
121.514	465
121.564	459
121.615	463
121.665	461
121.715	455
121.765	457
121.815	448
121.865	450
121.916	449
121.966	444
122.016	447
122.066	446
122.116	442
122.167	447
122.218	443
122.268	447
122.318	449
122.368	446
122.418	451
122.469	451
122.519	450
122.569	452
122.619	447
122.669	450
122.719	451
122.770	446
122.820	450
122.870	449
122.920	445
122.970	450
123.021	446
123.071	450
123.122	452
123.172	449
123.222	455
123.272	455
123.323	456
123.373	460
123.423	456
123.473	461
123.523	461
123.574	456
123.624	458
123.674	454
123.724	448
123.774	450
123.824	442
123.875	443
123.925	440
123.975	434
124.026	437
124.076	431
124.126	433
124.177	437
124.227	434
124.277	443
124.327	447
124.377	447
124.428	457
124.478	456
124.528	463
124.578	470
124.628	468
124.678	475
124.729	475
124.779	469
124.829	472
124.879	464
124.930	460
124.980	457
125.031	446
125.081	443
125.131	438
125.181	429
125.231	427
125.282	420
125.332	420
125.382	423
125.432	421
125.482	428
125.532	433
125.583	436
125.633	447
125.683	452
125.733	461
125.783	471
125.834	471
125.885	482
125.935	486
125.985	483
126.035	487
126.085	478
126.136	476
126.186	472
126.236	459
126.286	455
126.336	445
126.386	433
126.437	428
126.487	418
126.537	413
126.587	412
126.637	407
126.687	413
126.739	416
126.789	419
126.839	431
126.889	437
126.939	449
126.990	462
127.040	466
127.090	481
127.140	488
127.190	490
127.240	497
127.291	489
127.341	493
127.391	489
127.441	476
127.491	473
127.542	460
127.592	447
127.643	438
127.693	424
127.743	416
127.793	410
127.844	402
127.894	403
127.944	404
127.994	404
128.044	413
128.094	419
128.145	432
128.195	445
128.245	453
128.295	470
128.345	480
128.396	487
128.446	498
128.497	496
128.547	503
128.597	501
128.647	492
128.698	490
128.748	479
128.798	464
128.848	456
128.898	439
128.948	428
128.999	419
129.049	407
129.099	402
129.149	399
129.199	396
129.250	401
129.300	404
129.350	414
129.401	426
129.451	435
129.501	451
129.552	464
129.602	474
129.652	488
129.702	491
129.752	503
129.802	506
129.853	500
129.903	502
129.953	490
130.003	483
130.053	474
130.104	457
130.154	448
130.204	435
130.254	419
130.305	412
130.355	407
130.406	397
130.456	398
130.506	396
130.556	402
130.606	411
130.657	417
130.707	433
130.757	445
130.807	456
130.857	472
130.907	478
130.958	493
131.008	500
131.058	498
131.108	505
131.158	497
131.209	494
131.260	488
131.310	473
131.360	466
131.410	453
131.460	436
131.511	428
131.561	415
131.611	408
131.661	403
131.711	397
131.761	401
131.812	405
131.862	408
131.912	419
131.962	427
132.012	439
132.062	454
132.114	461
132.164	478
132.214	486
132.264	489
132.314	499
132.365	494
132.415	497
132.465	495
132.515	481
132.565	479
132.615	468
132.666	453
132.716	446
132.766	431
132.816	422
132.866	416
132.916	408
132.967	407
133.018	406
133.068	406
133.118	415
133.168	417
133.219	428
133.269	441
133.319	447
133.369	462
133.419	472
133.469	477
133.520	488
133.570	486
133.620	491
133.670	493
133.720	485
133.770	484
133.821	476
133.871	464
133.922	459
133.972	444
134.022	437
134.073	430
134.123	420
134.173	418
134.223	415
134.273	411
134.323	416
134.374	415
134.424	424
134.474	434
134.524	437
134.574	450
134.625	458
134.675	463
134.725	474
134.775	474
134.826	482
134.876	484
134.927	480
134.977	482
135.027	476
135.077	468
135.127	465
135.177	453
135.228	448
135.278	442
135.328	432
135.378	430
135.428	427
135.479	422
135.529	424
135.579	422
135.629	427
135.679	434
135.730	435
135.781	445
135.831	451
135.881	454
135.931	463
135.981	462
136.031	470
136.082	473
136.132	470
136.182	474
136.232	469
136.282	465
136.333	464
136.383	455
136.433	452
136.483	449
136.533	440
136.583	440
136.635	437
136.685	433
136.735	436
136.785	432
136.835	435
136.886	440
136.936	439
136.986	447
137.036	447
137.086	451
137.136	458
137.187	455
137.237	461
137.287	463
137.337	459
137.387	462
137.437	459
137.488	456
137.539	457
137.589	449
137.639	451
137.689	449
137.740	444
137.790	445
137.840	443
137.890	442
137.940	446
137.990	441
138.041	448
138.091	450
138.141	448
138.191	454
138.241	451
138.291	456
138.342	459
138.392	454
138.443	458
138.493	457
138.543	451
138.594	453
138.644	446
138.694	446
138.744	447
138.794	440
138.844	443
138.895	442
138.945	439
138.995	443
139.045	441
139.095	444
139.145	450
139.196	449
139.246	456
139.297	459
139.347	459
139.397	464
139.448	461
139.498	464
139.548	466
139.598	460
139.648	463
139.698	459
139.749	452
139.799	451
139.849	441
139.899	440
139.949	438
139.999	430
140.050	433
140.100	432
140.150	430
140.201	435
140.251	433
140.302	439
140.352	447
140.402	447
140.452	458
140.502	463
140.552	464
140.603	473
140.653	471
140.703	475
140.753	477
140.803	470
140.854	472
140.904	467
140.954	458
141.004	455
141.054	444
141.105	439
141.156	435
141.206	427
141.256	425
141.306	422
141.356	418
141.406	423
141.457	422
141.507	428
141.557	437
141.607	440
141.657	452
141.708	459
141.758	463
141.808	474
141.858	474
141.908	483
141.958	487
142.010	482
142.060	485
142.110	479
142.160	470
142.210	466
142.260	453
142.311	448
142.361	439
142.411	427
142.461	423
142.511	418
142.562	411
142.612	413
142.662	411
142.712	416
142.762	423
142.812	428
142.863	439
142.914	449
142.964	456
143.014	469
143.064	473
143.114	485
143.165	491
143.215	489
143.265	494
143.315	490
143.365	484
143.416	480
143.466	465
143.516	460
143.566	450
143.616	435
143.666	430
143.717	422
143.767	410
143.818	409
143.868	403
143.918	406
143.969	410
144.019	414
144.069	425
144.119	435
144.169	442
144.219	458
144.270	463
144.320	479
144.370	487
144.420	488
144.470	497
144.520	493
144.571	493
144.621	492
144.671	478
144.722	475
144.772	465
144.823	449
144.873	442
144.923	431
144.973	418
145.023	413
145.073	405
145.124	404
145.174	405
145.224	406
145.274	414
145.324	419
145.374	429
145.425	443
145.475	450
145.525	466
145.575	477
145.626	480
145.677	493
145.727	490
145.777	496
145.827	497
145.877	487
145.927	486
145.978	477
146.028	464
146.078	456
146.128	441
146.178	432
146.228	424
146.279	414
146.329	411
146.379	408
146.429	405
146.479	411
146.531	412
146.581	420
146.631	432
146.681	438
146.731	454
146.781	461
146.832	469
146.882	482
146.932	481
146.982	489
147.032	494
147.082	487
147.133	489
147.183	483
147.233	471
147.283	466
147.333	453
147.384	445
147.435	438
147.485	425
147.535	423
147.585	418
147.635	412
147.686	414
147.736	414
147.786	419
147.836	427
147.886	430
147.937	443
147.987	451
148.037	456
148.087	468
148.137	469
148.187	478
148.238	483
148.289	479
148.339	485
148.389	479
148.439	472
148.489	471
148.540	459
148.590	455
148.640	449
148.690	438
148.740	436
148.791	431
148.841	424
148.891	427
148.941	422
148.991	425
149.041	430
149.092	430
149.142	440
149.193	445
149.243	448
149.293	457
149.343	457
149.394	464
149.444	469
149.494	466
149.544	472
149.594	470
149.645	465
149.695	466
149.745	458
149.795	457
149.845	455
149.895	446
149.946	447
149.996	443
150.046	438
150.097	440
150.147	436
150.198	438
150.248	440
150.298	438
150.348	445
150.398	447
150.448	448
150.499	452
150.549	449
150.599	456
150.649	457
150.699	454
150.749	458
150.800	456
150.850	454
150.900	456
150.950	449
151.001	452
151.052	452
151.102	448
151.152	450
151.202	449
151.252	448
151.302	451
151.353	448
151.403	452
151.453	453
151.503	450
151.553	455
151.603	454
151.654	453
151.704	454
151.754	450
151.804	452
151.854	451
151.906	445
151.956	447
152.006	445
152.056	441
152.106	443
152.156	438
152.207	443
152.257	443
152.307	441
152.357	447
152.407	447
152.457	450
152.508	456
152.558	455
152.608	464
152.658	464
152.708	463
152.759	467
152.810	462
152.860	463
152.910	465
152.960	455
153.010	456
153.061	452
153.111	444
153.161	443
153.211	435
153.261	432
153.311	432
153.362	427
153.412	431
153.462	431
153.512	431
153.562	438
153.613	439
153.663	446
153.714	454
153.764	457
153.814	467
153.864	472
153.915	472
153.965	479
154.015	474
154.065	476
154.115	476
154.166	467
154.216	467
154.266	460
154.316	449
154.366	445
154.416	435
154.467	429
154.517	426
154.567	419
154.618	420
154.668	419
154.718	418
154.769	425
154.819	426
154.869	436
154.919	446
154.969	450
155.020	463
155.070	470
155.120	475
155.170	484
155.220	481
155.270	487
155.321	488
155.371	480
155.421	480
155.471	471
155.522	460
155.572	455
155.623	441
155.673	434
155.723	426
155.773	417
155.823	415
155.874	412
155.924	410
155.974	413
156.024	415
156.074	422
156.124	433
156.175	438
156.225	453
156.275	462
156.325	469
156.375	481
156.426	482
156.477	492
156.527	495
156.577	489
156.627	491
156.677	484
156.728	473
156.778	468
156.828	452
156.878	446
156.928	437
156.978	422
157.029	419
157.079	417
157.129	406
157.179	408
157.229	406
157.279	412
157.331	421
157.381	426
157.431	439
157.481	451
157.531	458
157.582	472
157.632	475
157.682	488
157.732	494
157.782	490
157.832	496
157.883	489
157.933	484
157.983	480
158.033	465
158.083	460
158.134	449
158.184	435
158.235	428
158.285	420
158.335	411
158.385	410
158.436	405
158.486	408
158.536	414
158.586	417
158.636	429
158.686	438
158.737	445
158.787	460
158.837	466
158.887	479
158.937	486
158.988	487
159.038	494
159.089	488
159.139	487
159.189	486
159.239	474
159.290	470
159.340	460
159.390	446
159.440	441
159.490	427
159.540	420
159.591	418
159.641	410
159.691	412
159.741	414
159.791	415
159.842	424
159.892	427
159.942	437
159.993	449
160.043	453
160.093	467
160.144	474
160.194	476
160.244	484
160.294	482
160.344	484
160.394	484
160.445	475
160.495	474
160.545	467
160.595	455
160.645	450
160.696	439
160.746	433
160.796	430
160.846	421
160.897	422
160.947	422
160.998	420
161.048	426
161.098	426
161.148	434
161.198	443
161.249	446
161.299	457
161.349	463
161.399	465
161.449	473
161.499	471
161.550	476
161.600	478
161.650	470
161.700	472
161.750	467
161.801	457
161.852	456
161.902	445
161.952	442
162.002	440
162.052	432
162.103	434
162.153	432
162.203	430
162.253	434
162.303	433
162.353	437
162.404	444
162.454	444
162.504	453
162.554	456
162.604	457
162.654	464
162.706	460
162.756	464
162.806	466
162.856	460
162.906	463
162.957	460
163.007	453
163.057	454
163.107	447
163.157	446
163.207	446
163.258	439
163.308	443
163.358	443
163.408	440
163.458	446
163.508	442
163.559	447
163.610	451
163.660	448
163.710	455
163.760	457
163.811	454
163.861	457
163.911	454
163.961	456
164.011	456
164.061	450
164.112	452
164.162	449
164.212	446
164.262	447
164.312	442
164.362	444
164.413	446
164.463	443
164.514	448
164.564	449
164.614	449
164.665	454
164.715	451
164.765	457
164.815	461
164.865	457
164.915	462
164.966	459
165.016	457
165.066	458
165.116	451
165.166	452
165.217	449
165.267	442
165.317	443
165.367	439
165.418	435
165.468	438
165.519	433
165.569	438
165.619	441
165.669	440
165.719	447
165.769	447
165.820	453
165.870	461
165.920	459
165.970	468
166.020	470
166.071	467
166.121	472
166.171	466
166.221	465
166.271	464
166.322	456
166.373	454
166.423	448
166.473	440
166.523	437
166.573	429
166.623	427
166.674	428
166.724	423
166.774	428
166.824	431
166.874	431
166.925	440
166.975	442
167.025	451
167.075	460
167.125	462
167.175	473
167.227	477
167.277	475
167.327	482
167.377	476
167.427	476
167.478	475
167.528	464
167.578	463
167.628	455
167.678	443
167.728	439
167.779	429
167.829	424
167.879	422
167.929	416
167.979	418
168.029	420
168.080	420
168.131	429
168.181	433
168.231	442
168.281	453
168.332	457
168.382	471
168.432	477
168.482	479
168.532	487
168.582	483
168.633	485
168.683	486
168.733	474
168.783	473
168.833	464
168.883	451
168.934	445
168.984	433
169.035	427
169.085	422
169.135	414
169.186	414
169.236	414
169.286	413
169.336	421
169.386	423
169.436	432
169.487	444
169.537	449
169.587	463
169.637	471
169.687	475
169.737	486
169.788	484
169.838	490
169.889	490
169.939	482
169.989	481
170.040	473
170.090	462
170.140	456
170.190	442
170.240	434
170.290	428
170.341	418
170.391	416
170.441	414
170.491	410
170.541	416
170.591	416
170.642	426
170.692	435
170.742	441
170.793	454
170.843	462
170.894	467
170.944	480
170.994	480
171.044	488
171.094	490
171.144	484
171.195	486
171.245	478
171.295	468
171.345	465
171.395	451
171.446	444
171.496	437
171.546	427
171.596	422
171.646	424
171.697	415
171.748	417
171.798	417
171.848	423
171.898	430
171.948	433
171.998	445
172.049	452
172.099	459
172.149	470
172.199	470
172.249	480
172.300	483
172.350	479
172.400	483
172.450	476
172.500	472
172.550	468
172.602	456
172.652	453
172.702	446
172.752	435
172.802	434
172.852	429
172.903	424
172.953	425
173.003	422
173.053	427
173.103	431
173.154	432
173.204	442
173.254	445
173.304	452
173.354	461
173.404	461
173.455	469
173.506	472
173.556	470
173.606	474
173.656	467
173.706	467
173.757	466
173.807	457
173.857	456
173.907	451
173.957	442
174.008	442
174.058	435
174.108	434
174.158	435
174.208	432
174.258	437
174.309	438
174.359	438
174.410	445
174.460	445
174.510	449
174.561	456
174.611	454
174.661	462
174.711	463
174.761	460
174.811	463
174.862	458
174.912	458
174.962	458
175.012	451
175.062	453
175.112	450
175.163	445
175.213	447
175.263	441
175.314	443
175.364	446
175.415	442
175.465	448
175.515	449
175.565	448
175.615	453
175.665	449
175.716	454
175.766	457
175.816	454
175.866	458
175.916	456
175.966	452
176.017	454
176.067	447
176.117	448
176.167	448
176.218	441
176.269	444
176.319	444
176.369	440
176.419	445
176.469	443
176.519	446
176.570	451
176.620	449
176.670	457
176.720	459
176.770	458
176.820	463
176.871	460
176.921	463
176.971	464
177.021	458
177.071	460
177.123	457
177.173	449
177.223	449
177.273	441
177.323	440
177.373	438
177.424	432
177.474	436
177.524	434
177.574	432
177.624	437
177.674	437
177.725	444
177.775	450
177.825	450
177.875	458
177.925	464
177.976	465
178.027	473
178.077	470
178.127	474
178.177	474
178.227	468
178.278	469
178.328	463
178.378	454
178.428	452
178.478	441
178.529	438
178.579	433
178.629	425
178.679	425
178.729	425
178.779	422
178.830	427
178.881	426
178.931	434
178.981	442
179.031	445
179.081	456
179.132	462
179.182	468
179.232	477
179.282	476
179.332	483
179.383	486
179.433	480
179.483	481
179.533	471
179.583	466
179.633	461
179.684	449
179.734	442
179.785	435
179.835	425
179.885	421
179.935	415
179.986	412
180.036	415
180.086	413
180.136	421
180.186	429
180.237	433
180.287	446
180.337	451
180.387	463
180.437	475
180.487	477
180.538	489
180.588	493
180.638	488
180.689	493
180.739	483
180.790	479
180.840	474
180.890	461
180.940	454
180.990	444
181.040	431
181.091	424
181.141	413
181.191	409
181.241	409
181.291	405
181.341	411
181.392	415
181.442	420
181.492	432
181.542	438
181.593	451
181.644	464
181.694	469
181.744	484
181.794	490
181.844	491
181.894	498
181.945	491
181.995	490
182.045	487
182.095	475
182.145	469
182.195	457
182.246	442
182.296	435
182.346	421
182.396	414
182.446	410
182.498	404
182.548	405
182.598	408
182.648	409
182.698	420
182.748	426
182.799	437
182.849	451
182.899	458
182.949	474
182.999	482
183.049	487
183.100	496
183.150	493
183.200	496
183.250	495
183.300	484
183.351	481
183.402	470
183.452	456
183.502	449
183.552	434
183.602	426
183.653	419
183.703	410
183.753	408
183.803	407
183.853	406
183.903	412
183.954	416
184.004	426
184.054	438
184.104	445
184.154	460
184.205	469
184.255	476
184.306	488
184.356	487
184.406	494
184.456	495
184.507	488
184.557	487
184.607	479
184.657	468
184.707	461
184.758	446
184.808	439
184.858	431
184.908	420
184.958	417
185.008	414
185.059	409
185.109	413
185.159	413
185.210	420
185.260	430
185.310	436
185.361	448
185.411	459
185.461	464
185.511	476
185.561	476
185.612	486
185.662	489
185.712	484
185.762	487
185.812	478
185.862	473
185.913	469
185.963	455
186.013	450
186.063	443
186.114	432
186.164	429
186.215	423
186.265	418
186.315	419
186.365	417
186.415	422
186.466	428
186.516	431
186.566	442
186.616	447
186.666	455
186.716	465
186.767	466
186.817	476
186.867	479
186.917	476
186.967	481
187.018	475
187.069	472
187.119	470
187.169	458
187.219	457
187.269	451
187.320	440
187.370	438
187.420	429
187.470	427
187.520	428
187.570	425
187.621	429
187.671	432
187.721	433
187.771	441
187.821	441
187.871	450
187.923	458
187.973	458
188.023	466
188.073	469
188.123	468
188.174	472
188.224	466
188.274	466
188.324	465
188.374	457
188.424	458
188.475	452
188.525	444
188.575	446
188.625	437
188.675	437
188.726	438
188.776	434
188.827	439
188.877	441
188.927	440
188.977	446
189.028	445
189.078	451
189.128	456
189.178	454
189.228	460
189.278	461
189.329	458
189.379	462
189.429	456
189.479	456
189.529	457
189.580	450
189.630	452
189.681	449
189.731	443
189.781	447
189.831	441
189.882	441
189.932	446
189.982	441
190.032	448
190.082	451
190.132	448
190.183	455
190.233	453
190.283	457
190.333	460
190.383	457
190.434	460
190.484	459
190.534	453
190.585	455
190.635	447
190.685	448
190.736	447
190.786	440
190.836	442
190.886	441
190.936	438
190.986	441
191.037	438
191.087	443
191.137	448
191.187	447
191.237	454
191.288	458
191.338	458
191.388	464
191.438	462
191.489	466
191.539	469
191.590	463
191.640	465
191.690	461
191.740	455
191.790	454
191.841	445
191.891	443
191.941	440
191.991	433
192.041	433
192.091	432
192.142	428
192.192	432
192.242	431
192.292	438
192.342	443
192.393	445
192.444	455
192.494	460
192.544	464
192.594	471
192.644	470
192.695	476
192.745	478
192.795	472
192.845	475
192.895	467
192.945	462
192.996	458
193.046	448
193.096	444
193.146	438
193.196	430
193.246	428
193.298	425
193.348	420
193.398	423
193.448	422
193.498	428
193.549	434
193.599	437
193.649	449
193.699	454
193.749	461
193.799	472
193.850	472
193.900	482
193.950	485
194.000	482
194.050	484
194.100	476
194.151	472
194.202	469
194.252	455
194.302	451
194.352	442
194.403	430
194.453	427
194.503	417
194.553	416
194.603	416
194.653	413
194.704	419
194.754	424
194.804	428
194.854	439
194.904	444
194.954	455
195.005	467
195.055	470
195.106	482
195.156	487
195.206	485
195.257	491
195.307	484
195.357	482
195.407	479
195.457	466
195.507	461
195.558	451
195.608	438
195.658	433
195.708	420
195.758	416
195.809	414
195.859	409
195.909	413
195.959	417
196.010	419
196.060	430
196.111	434
196.161	446
196.211	458
196.261	463
196.311	477
196.361	483
196.412	485
196.462	492
196.512	487
196.562	488
196.612	486
196.663	474
196.713	471
196.763	460
196.813	448
196.863	441
196.914	429
196.965	422
197.015	418
197.065	411
197.115	413
197.165	413
197.215	414
197.266	423
197.316	425
197.366	436
197.416	448
197.466	454
197.517	467
197.567	475
197.617	478
197.667	488
197.717	484
197.767	489
197.819	489
197.869	479
197.919	479
197.969	469
198.019	457
198.070	451
198.120	438
198.170	432
198.220	426
198.270	417
198.320	417
198.371	416
198.421	414
198.471	420
198.521	421
198.571	430
198.621	440
198.672	445
198.723	459
198.773	466
198.823	470
198.873	480
198.924	478
198.974	486
199.024	486
199.074	478
199.124	479
199.174	474
199.225	463
199.275	459
199.325	446
199.375	441
199.425	435
199.475	426
199.526	425
199.576	423
199.627	419
199.677	423
199.727	423
199.778	430
199.828	437
199.878	440
199.928	451
199.978	456
200.028	462
200.079	470
200.129	470
200.179	478
200.229	479
200.279	474
200.329	475
200.380	469
200.430	463
200.481	461
200.531	450
200.581	448
200.632	443
200.682	436
200.732	434
200.782	431
200.832	427
200.882	431
200.933	428
200.983	435
201.033	440
201.083	441
201.133	450
201.183	451
201.234	456
201.284	463
201.334	463
201.385	468
201.435	469
201.486	465
201.536	468
201.586	461
201.636	458
201.686	458
201.736	450
201.787	449
201.837	446
201.887	440
201.937	441
201.987	436
202.038	436
202.088	440
202.138	437
202.188	444
202.238	446
202.289	447
202.340	452
202.390	451
202.440	457
202.490	460
202.540	458
202.590	462
202.641	461
202.691	457
202.741	459
202.791	452
202.841	452
202.892	451
202.942	444
202.992	446
203.042	443
203.092	439
203.142	442
203.194	439
203.244	442
203.294	447
203.344	445
203.394	452
203.444	454
203.495	454
203.545	460
203.595	457
203.645	462
203.695	464
203.746	460
203.796	462
203.846	460
203.896	454
203.946	454
203.996	445
204.047	445
204.098	443
204.148	436
204.198	438
204.248	437
204.298	434
204.349	438
204.399	438
204.449	442
204.499	448
204.549	448
204.600	457
204.650	460
204.700	462
204.750	468
204.800	465
204.850	470
204.901	471
204.951	465
205.002	467
205.052	463
205.102	456
205.153	453
205.203	443
205.253	440
205.303	437
205.353	429
205.403	430
205.454	429
205.504	427
205.554	431
205.604	430
205.654	437
205.704	444
205.755	446
205.805	457
205.855	462
205.906	464
205.956	474
206.007	472
206.057	478
206.107	480
206.157	473
206.207	475
206.257	470
206.308	461
206.358	457
206.408	446
206.458	441
206.508	436
206.558	426
206.609	425
206.659	424
206.709	419
206.759	423
206.810	422
206.861	429
206.911	436
206.961	440
207.011	451
207.061	457
207.111	464
207.162	474
207.212	474
207.262	483
207.312	485
207.362	480
207.412	483
207.463	474
207.513	468
207.563	465
207.613	452
207.663	448
207.715	439
207.765	428
207.815	425
207.865	421
207.915	416
207.965	417
208.016	416
208.066	422
208.116	429
208.166	432
208.216	444
208.266	449
208.317	459
208.367	471
208.417	474
208.467	484
208.517	487
208.568	484
208.619	488
208.669	481
208.719	477
208.769	474
208.819	460
208.870	455
208.920	446
208.970	433
209.020	429
209.070	419
209.121	415
209.171	415
209.221	412
209.271	417
209.321	421
209.371	423
209.422	435
209.473	440
209.523	452
209.573	463
209.623	467
209.673	480
209.724	485
209.774	483
209.824	490
209.874	483
209.924	483
209.975	480
210.025	467
210.075	464
210.125	454
210.175	441
210.225	437
210.276	425
210.326	420
210.377	418
210.427	412
210.477	416
210.527	418
210.578	420
210.628	429
210.678	433
210.728	443
210.778	455
210.829	458
210.879	472
210.929	478
210.979	479
211.029	487
211.079	482
211.130	484
211.180	483
211.230	471
211.281	470
211.331	462
211.382	450
211.432	445
211.482	434
211.532	428
211.582	424
211.632	417
211.683	418
211.733	419
211.783	419
211.833	427
211.883	428
211.933	438
211.984	448
212.034	451
212.084	464
212.134	470
212.185	473
212.236	481
212.286	477
212.336	482
212.386	481
212.436	472
212.486	473
212.537	465
212.587	455
212.637	451
212.687	441
212.737	436
212.787	432
212.838	425
212.888	426
212.938	425
212.988	424
213.038	429
213.090	430
213.140	437
213.190	445
213.240	447
213.290	458
213.340	463
213.391	467
213.441	473
213.491	470
213.541	474
213.591	475
213.641	469
213.692	469
213.742	462
213.792	456
213.842	453
213.892	443
213.943	440
213.994	438
214.044	431
214.094	433
214.144	433
214.194	431
214.245	434
214.295	434
214.345	440
214.395	447
214.445	447
214.495	457
214.546	459
214.596	462
214.646	468
214.696	464
214.746	469
214.797	468
214.847	463
214.898	464
214.948	458
214.998	453
215.048	451
215.099	443
215.149	443
215.199	441
215.249	435
215.299	437
215.350	433
215.400	436
215.450	440
215.500	440
215.550	448
215.600	451
215.651	451
215.701	459
215.751	457
215.802	461
215.852	466
215.902	461
215.953	466
216.003	465
216.053	457
216.103	457
216.153	450
216.204	448
216.254	447
216.304	438
216.354	441
216.404	438
216.454	434
216.505	438
216.555	437
216.605	440
216.655	445
216.706	444
216.756	453
216.807	456
216.857	456
216.907	464
216.957	461
217.007	466
217.058	468
217.108	463
217.158	466
217.208	462
217.258	454
217.308	454
217.359	445
217.409	443
217.459	441
217.509	434
217.559	435
217.610	434
217.661	431
217.711	436
217.761	435
217.811	440
217.861	447
217.912	448
217.962	456
218.012	461
218.062	461
218.112	469
218.162	466
218.213	471
218.263	472
218.313	466
218.363	469
218.413	463
218.463	456
218.515	454
218.565	442
218.615	440
218.665	437
218.715	430
218.766	430
218.816	428
218.866	426
218.916	431
218.966	431
219.016	437
219.067	445
219.117	447
219.167	457
219.217	462
219.267	465
219.318	474
219.368	471
219.419	477
219.469	478
219.519	472
219.569	473
219.620	467
219.670	460
219.720	455
219.770	444
219.820	441
219.870	435
219.921	427
219.971	426
220.021	423
220.071	420
220.121	424
220.172	424
220.222	431
220.273	438
220.323	442
220.373	453
220.423	460
220.474	464
220.524	475
220.574	475
220.624	483
220.674	484
220.724	478
220.775	480
220.825	473
220.875	467
220.925	463
220.975	449
221.026	444
221.076	438
221.126	427
221.177	425
221.227	422
221.277	416
221.328	419
221.378	417
221.428	424
221.478	430
221.528	435
221.578	447
221.629	454
221.679	460
221.729	472
221.779	474
221.829	484
221.880	487
221.930	483
221.980	487
222.030	478
222.081	474
222.131	470
222.182	456
222.232	452
222.282	444
222.332	432
222.382	427
222.433	419
222.483	416
222.533	415
222.583	413
222.633	418
222.683	424
222.734	427
222.784	438
222.834	442
222.884	454
222.934	466
222.985	468
223.036	480
223.086	485
223.136	484
223.186	489
223.236	481
223.287	481
223.337	477
223.387	464
223.437	460
223.487	451
223.537	439
223.588	434
223.638	423
223.688	419
223.738	418
223.788	413
223.838	416
223.890	421
223.940	422
223.990	432
224.040	436
224.090	446
224.141	457
224.191	461
224.241	474
224.291	479
224.341	480
224.391	487
224.442	481
224.492	483
224.542	481
224.592	470
224.642	467
224.692	458
224.743	447
224.794	442
224.844	431
224.894	426
224.944	423
224.995	418
225.045	419
225.095	421
225.145	421
225.195	429
225.245	432
225.296	441
225.346	451
225.396	455
225.446	466
225.496	472
225.546	473
225.597	480
225.647	477
225.698	480
225.748	479
225.798	469
225.849	469
225.899	461
225.949	452
225.999	449
226.049	438
226.099	434
226.150	431
226.200	425
226.250	426
226.300	427
226.350	425
226.401	432
226.451	433
226.501	441
226.551	448
226.602	449
226.652	460
226.703	465
226.753	466
226.803	473
226.853	469
226.903	474
226.953	474
227.004	466
227.054	465
227.104	463
227.154	452
227.204	450
227.255	441
227.305	440
227.355	437
227.405	430
227.455	432
227.506	433
227.557	430
227.607	436
227.657	436
227.707	442
227.757	450
227.807	451
227.858	459
227.908	461
227.958	464
228.008	469
228.058	464
228.109	469
228.159	468
228.209	461
228.259	462
228.309	455
228.359	450
228.411	448
228.461	441
228.511	439
228.561	438
228.611	433
228.662	436
228.712	436
228.762	436
228.812	442
228.862	441
228.912	449
228.963	454
229.013	454
229.063	462
229.113	460
229.163	464
229.213	468
229.264	463
229.315	467
229.365	464
229.415	457
229.465	457
229.516	448
229.566	445
229.616	445
229.666	436
229.716	438
229.766	436
229.817	432
229.867	435
229.917	434
229.967	438
230.017	444
230.067	444
230.118	453
230.168	458
230.219	458
230.269	466
230.319	463
230.370	467
230.420	470
230.470	465
230.520	468
230.570	464
230.620	456
230.671	454
230.721	445
230.771	442
230.821	441
230.871	432
230.921	433
230.972	432
231.022	429
231.073	433
231.123	432
231.173	437
231.224	444
231.274	445
231.324	455
231.374	461
231.424	463
231.474	470
231.525	469
231.575	473
231.625	475
231.675	468
231.725	471
231.775	466
231.826	458
231.876	456
231.926	445
231.977	441
232.027	437
232.078	428
232.128	429
232.178	427
232.228	424
232.278	428
232.328	428
232.379	432
232.429	440
232.479	444
232.529	454
232.579	461
232.630	464
232.680	473
232.730	471
232.780	477
232.830	480
232.881	473
232.932	476
232.982	470
233.032	461
233.082	459
233.132	449
233.182	442
233.233	437
233.283	428
233.333	426
233.383	424
233.433	419
233.484	423
233.534	422
233.584	429
233.634	436
233.684	439
233.734	451
233.786	457
233.836	462
233.886	472
233.936	472
233.986	480
234.036	483
234.087	479
234.137	481
234.187	476
234.237	467
234.287	464
234.338	452
234.388	448
234.438	440
234.488	430
234.538	427
234.588	424
234.639	417
234.690	420
234.740	418
234.790	423
234.840	430
234.890	433
234.941	445
234.991	452
235.041	458
235.091	470
235.141	471
235.192	481
235.242	484
235.292	480
235.342	485
235.392	478
235.442	473
235.493	470
235.543	459
235.594	454
235.644	446
235.694	434
235.745	430
235.795	426
235.845	419
235.895	419
235.945	415
235.995	420
236.046	426
236.096	429
236.146	439
236.196	443
236.246	453
236.296	464
236.347	464
236.397	477
236.447	481
236.498	479
236.548	485
236.599	479
236.649	476
236.699	474
236.749	463
236.799	460
236.849	452
236.900	440
236.950	436
237.000	425
237.050	422
237.100	421
237.150	417
237.201	421
237.251	425
237.301	426
237.351	435
237.402	438
237.453	448
237.503	458
237.553	461
237.603	473
237.653	477
237.703	476
237.754	483
237.804	477
237.854	478
237.904	475
237.954	466
238.004	464
238.055	456
238.105	446
238.155	441
238.205	431
238.255	427
238.307	425
238.357	420
238.407	424
238.457	425
238.507	424
238.557	433
238.608	436
238.658	444
238.708	455
238.758	456
238.808	467
238.858	472
238.909	471
238.959	479
239.009	474
239.059	476
239.109	475
239.160	465
239.211	465
239.261	459
239.311	448
239.361	445
239.411	435
239.462	433
239.512	431
239.562	425
239.612	428
239.662	428
239.713	428
239.763	435
239.813	436
239.863	444
239.913	452
239.963	453
240.014	464
240.065	467
240.115	468
240.165	474
240.215	470
240.265	472
240.316	471
240.366	463
240.416	463
240.466	457
240.516	448
240.567	447
240.617	438
240.667	435
240.717	434
240.767	428
240.817	432
240.868	432
240.918	431
240.969	439
241.019	439
241.069	446
241.119	453
241.170	454
241.220	463
241.270	466
241.320	465
241.370	472
241.421	466
241.471	469
241.521	468
241.571	460
241.621	460
241.671	454
241.722	448
241.772	445
241.822	435
241.873	436
241.923	434
241.974	430
242.024	433
242.074	435
242.124	434
242.174	441
242.224	441
242.275	450
242.325	456
242.375	456
242.425	464
242.475	465
242.525	467
242.576	471
242.626	467
242.676	470
242.726	466
242.777	458
242.828	458
242.878	447
242.928	444
242.978	443
243.028	434
243.078	434
243.129	434
243.179	428
243.229	433
243.279	431
243.329	435
243.379	443
243.430	444
243.480	453
243.530	458
243.580	459
243.630	468
243.682	467
243.732	471
243.782	474
243.832	468
243.882	471
243.932	468
243.983	458
244.033	457
244.083	448
244.133	443
244.183	440
244.233	431
244.284	432
244.334	429
244.384	426
244.434	429
244.484	429
244.535	433
244.586	442
244.636	442
244.686	453
244.736	458
244.786	462
244.837	470
244.887	469
244.937	475
244.987	478
245.037	472
245.087	476
245.138	471
245.188	462
245.238	460
245.288	449
245.338	443
245.389	439
245.439	430
245.490	429
245.540	426
245.590	421
245.640	425
245.691	424
245.741	429
245.791	436
245.841	438
245.891	450
245.942	456
245.992	460
246.042	470
246.092	471
246.142	478
246.192	483
246.243	478
246.293	481
246.343	476
246.394	468
246.444	466
246.494	454
246.545	448
246.595	442
246.645	432
246.695	429
246.745	423
246.796	418
246.846	419
246.896	417
246.946	422
246.996	429
247.046	432
247.097	443
247.147	451
247.197	456
247.247	468
247.298	470
247.348	480
247.399	485
247.449	482
247.499	488
247.549	483
247.599	475
247.650	473
247.700	460
247.750	456
247.800	448
247.850	435
247.900	432
247.951	430
248.001	417
248.051	416
248.101	411
248.151	416
248.202	421
248.253	423
248.303	434
248.353	446
248.403	449
248.453	461
248.504	465
248.554	477
248.604	485
248.654	483
248.704	491
248.754	486
248.805	484
248.855	483
248.905	470
248.955	466
249.005	456
249.055	444
249.107	439
249.157	430
249.207	420
249.257	416
249.307	410
249.358	411
249.408	415
249.458	415
249.508	425
249.558	431
249.608	439
249.659	452
249.709	458
249.759	472
249.809	479
249.859	481
249.910	491
249.960	489
250.011	489
250.061	488
250.111	477
250.161	476
250.212	467
250.262	454
250.312	448
250.362	436
250.412	426
250.462	421
250.513	413
250.563	412
250.613	412
250.663	411
250.713	418
250.764	421
250.814	429
250.865	442
250.915	447
250.965	462
251.015	471
251.066	476
251.116	486
251.166	485
251.216	489
251.266	491
251.316	483
251.367	484
251.417	476
251.467	463
251.517	457
251.567	443
251.618	435
251.668	429
251.718	418
251.769	417
251.819	414
251.869	410
251.920	415
251.970	416
252.020	423
252.070	434
252.120	440
252.170	452
252.221	462
252.271	466
252.321	479
252.371	479
252.421	486
252.472	489
252.522	485
252.572	486
252.622	480
252.673	469
252.723	466
252.774	452
252.824	445
252.874	438
252.924	428
252.974	424
253.025	421
253.075	414
253.125	417
253.175	416
253.225	422
253.275	429
253.326	433
253.376	445
253.426	452
253.476	456
253.526	468
253.577	470
253.628	478
253.678	483
253.728	478
253.778	482
253.828	479
253.879	471
253.929	469
253.979	458
254.029	452
254.079	447
254.129	436
254.180	435
254.230	430
254.280	423
254.330	425
254.380	422
254.430	426
254.482	431
254.532	432
254.582	442
254.632	447
254.682	450
254.733	460
254.783	461
254.833	469
254.883	473
254.933	471
254.983	474
255.034	471
255.084	467
255.134	466
255.184	457
255.234	456
255.284	451
255.335	442
255.386	443
255.436	439
255.486	434
255.536	435
255.587	432
255.637	434
255.687	439
255.737	436
255.787	445
255.837	447
255.888	450
255.938	456
255.988	455
256.038	462
256.088	464
256.138	460
256.189	464
256.239	460
256.290	458
256.340	458
256.390	452
256.441	452
256.491	451
256.541	445
256.591	445
256.641	444
256.691	441
256.742	444
256.792	441
256.842	447
256.892	448
256.942	446
256.993	453
257.043	451
257.093	454
257.143	459
257.194	454
257.244	459
257.295	459
257.345	453
257.395	456
257.445	449
257.495	449
257.545	449
257.596	442
257.646	445
257.696	441
257.746	438
257.796	442
257.847	439
