#Creator: pendulumdriveEventBuffer
#Creation time: Tue Mar 21 16:00:21 2017
#Time	Pos
#[s]	[au]
0.050	499
0.100	503
0.150	507
0.200	499
0.251	498
0.301	490
0.351	477
0.401	470
0.451	455
0.501	445
0.552	436
0.602	423
0.652	417
0.702	411
0.753	406
0.803	407
0.854	407
0.904	410
0.954	417
1.004	422
1.054	433
1.105	443
1.155	450
1.205	462
1.255	467
1.305	476
1.355	486
1.406	486
1.456	492
1.506	491
1.556	491
1.606	490
1.657	483
1.708	477
1.758	471
1.808	459
1.858	452
1.908	444
1.959	432
2.009	426
2.059	415
2.109	411
2.159	410
2.209	406
2.260	408
2.310	414
2.360	416
2.410	426
2.460	433
2.510	444
2.562	458
2.612	466
2.662	480
2.712	486
2.762	494
2.813	502
2.863	499
2.913	501
2.963	499
3.013	488
3.063	484
3.114	469
3.164	458
3.214	448
3.264	432
3.314	422
3.364	413
3.415	402
3.466	400
3.516	397
3.566	399
3.616	405
3.667	410
3.717	421
3.767	435
3.817	444
3.867	461
3.917	470
3.968	481
4.018	493
4.068	496
4.118	501
4.168	504
4.219	496
4.269	497
4.319	484
4.370	475
4.420	468
4.470	452
4.521	443
4.571	434
4.621	422
4.671	418
4.721	409
4.771	407
4.822	409
4.872	409
4.922	412
4.972	421
5.022	426
5.073	438
5.123	444
5.173	453
5.223	464
5.274	468
5.324	477
5.375	484
5.425	484
5.475	490
5.525	487
5.575	486
5.625	485
5.676	477
5.726	472
5.776	466
5.826	456
5.876	451
5.927	439
5.977	432
6.027	428
6.077	419
6.127	416
6.178	415
6.229	413
6.279	416
6.329	417
6.379	422
6.429	431
6.479	435
6.530	448
6.580	458
6.630	464
6.680	477
6.730	480
6.781	488
6.831	496
6.881	492
6.931	496
6.981	492
7.031	483
7.083	480
7.133	467
7.183	456
7.233	448
7.283	433
7.334	424
7.384	417
7.434	409
7.484	407
7.534	403
7.584	404
7.635	411
7.685	416
7.735	426
7.785	438
7.835	446
7.885	462
7.936	469
7.987	480
8.037	491
8.087	493
8.137	499
8.188	498
8.238	492
8.288	492
8.338	479
8.388	472
8.438	464
8.489	450
8.539	441
8.589	432
8.639	422
8.689	418
8.739	410
8.790	410
8.840	412
8.891	413
8.941	420
8.991	428
9.042	432
9.092	444
9.142	449
9.192	458
9.242	469
9.292	471
9.343	480
9.393	481
9.443	482
9.493	487
9.543	480
9.593	479
9.644	477
9.694	468
9.745	466
9.795	457
9.845	449
9.896	445
9.946	436
9.996	431
10.046	429
10.096	424
10.146	423
10.197	423
10.247	421
10.297	424
10.347	426
10.397	431
10.447	439
10.498	443
10.548	453
10.598	456
10.649	465
10.699	475
10.750	476
10.800	482
10.850	488
10.900	484
10.950	488
11.000	480
11.051	476
11.101	473
11.151	460
11.201	454
11.251	446
11.302	433
11.352	428
11.402	417
11.452	413
11.502	413
11.553	410
11.604	413
11.654	420
11.704	424
11.754	435
11.804	442
11.854	452
11.905	466
11.955	470
12.005	481
12.055	489
12.105	489
12.156	495
12.206	489
12.256	486
12.306	484
12.356	471
12.406	465
12.458	455
12.508	444
12.558	436
12.608	427
12.658	420
12.708	418
12.759	413
12.809	414
12.859	417
12.909	418
12.959	427
13.010	431
13.060	440
13.110	451
13.160	454
13.210	465
13.260	472
13.311	474
13.362	481
13.412	478
13.462	480
13.512	483
13.563	475
13.613	475
13.663	470
13.713	462
13.763	459
13.813	450
13.864	444
13.914	442
13.964	433
14.014	432
14.064	429
14.114	424
14.165	426
14.215	423
14.266	425
14.316	430
14.366	433
14.417	437
14.467	445
14.517	447
14.567	458
14.617	460
14.667	468
14.718	476
14.768	477
14.818	483
14.868	485
14.918	480
14.968	483
15.019	474
15.069	471
15.119	466
15.170	455
15.220	448
15.271	441
15.321	431
15.371	426
15.421	418
15.471	415
15.521	415
15.572	415
15.622	418
15.672	426
15.722	429
15.772	440
15.822	446
15.873	457
15.923	467
15.973	472
16.023	483
16.074	484
16.125	487
16.175	490
16.225	484
16.275	481
16.325	478
16.375	466
16.426	461
16.476	451
16.526	440
16.576	435
16.626	427
16.676	423
16.727	420
16.777	416
16.827	420
16.877	421
16.927	425
16.979	432
17.029	437
17.079	444
17.129	454
17.179	456
17.229	466
17.280	467
17.330	471
17.380	477
17.430	475
17.480	476
17.531	476
17.581	471
17.631	471
17.681	463
17.731	459
17.781	458
17.832	450
17.883	445
17.933	443
17.983	435
18.033	435
18.083	429
18.134	427
18.184	429
18.234	427
18.284	428
18.334	432
18.385	433
18.435	440
18.485	441
18.535	448
18.585	457
18.635	460
18.686	468
18.736	474
18.787	475
18.837	482
18.887	478
18.937	480
18.988	479
19.038	471
19.088	467
19.138	462
19.188	451
19.239	447
19.289	435
19.339	430
19.389	426
19.439	419
19.489	418
19.540	420
19.590	420
19.641	426
19.691	429
19.741	436
19.791	447
19.842	452
19.892	461
19.942	470
19.992	473
20.042	482
20.093	479
20.143	481
20.193	483
20.243	477
20.293	474
20.343	469
20.394	458
20.444	455
20.494	445
20.545	440
20.595	437
20.646	430
20.696	428
20.746	429
20.796	426
20.846	430
20.896	429
20.947	433
20.997	440
21.047	441
21.097	448
21.147	454
21.197	455
21.248	463
21.298	463
21.348	466
21.398	471
21.449	468
21.500	471
21.550	471
21.600	466
21.650	469
21.700	462
21.750	460
21.801	459
21.851	452
21.901	450
21.951	446
22.001	438
22.051	437
22.102	432
22.152	430
22.202	430
22.252	427
22.302	430
22.354	433
22.404	433
22.454	441
22.504	443
22.554	451
22.604	459
22.655	461
22.705	470
22.755	473
22.805	476
22.855	481
22.905	478
22.956	477
23.006	476
23.056	468
23.106	465
23.156	456
23.207	447
23.258	442
23.308	433
23.358	427
23.408	426
23.458	420
23.509	421
23.559	424
23.609	424
23.659	432
23.709	434
23.759	443
23.810	453
23.860	456
23.910	467
23.960	470
24.010	474
24.061	481
24.111	477
24.162	478
24.212	479
24.262	470
24.312	469
24.363	459
24.413	455
24.463	450
24.513	442
24.563	437
24.614	436
24.664	430
24.714	431
24.764	428
24.814	429
24.864	433
24.915	434
24.965	439
25.015	444
25.066	445
25.116	452
25.166	453
25.217	456
25.267	464
25.317	462
25.367	465
25.417	468
25.468	466
25.518	469
25.568	465
25.618	465
25.668	466
25.718	460
25.769	459
25.819	456
25.869	451
25.919	450
25.970	444
26.020	439
26.071	439
26.121	433
26.171	432
26.221	433
26.271	431
26.322	435
26.372	433
26.422	436
26.472	444
26.522	447
26.572	453
26.623	460
26.673	462
26.723	471
26.773	471
26.823	474
26.875	479
26.925	475
26.975	475
27.025	472
27.075	464
27.125	462
27.176	451
27.226	446
27.276	442
27.326	432
27.376	430
27.426	428
27.477	423
27.527	426
27.577	425
27.627	429
27.677	437
27.727	439
27.779	448
27.829	456
27.879	459
27.929	468
27.979	469
28.030	473
28.080	478
28.130	473
28.180	475
28.230	472
28.280	464
28.331	464
28.381	456
28.431	452
28.481	449
28.531	441
28.582	440
28.632	438
28.683	434
28.733	436
28.783	433
28.833	434
28.884	439
28.934	439
28.984	443
29.034	447
29.084	447
29.134	453
29.185	452
29.235	456
29.285	461
29.335	459
29.385	463
29.436	465
29.486	463
29.537	466
29.587	462
29.637	463
29.687	464
29.738	459
29.788	459
29.838	456
29.888	451
29.938	451
29.988	443
30.039	441
30.089	441
30.139	435
30.189	435
30.239	435
30.290	431
30.340	436
30.390	436
30.441	438
30.491	446
30.541	447
30.592	456
30.642	460
30.692	463
30.742	471
30.792	471
30.843	472
30.893	477
30.943	472
30.993	473
31.043	467
31.093	461
31.144	458
31.194	448
31.244	443
31.294	440
31.345	432
31.395	430
31.446	427
31.496	426
31.546	430
31.596	430
31.646	434
31.697	442
31.747	444
31.797	454
31.847	456
31.897	462
31.947	469
31.998	469
32.048	472
32.098	475
32.148	470
32.198	471
32.249	464
32.300	460
32.350	460
32.400	451
32.450	449
32.500	446
32.551	439
32.601	440
32.651	436
32.701	437
32.751	438
32.801	437
32.852	439
32.902	442
32.952	443
33.002	448
33.052	447
33.102	450
33.154	455
33.204	454
33.254	457
33.304	459
33.354	458
33.405	462
33.455	459
33.505	461
33.555	463
33.605	460
33.655	461
33.706	461
33.756	457
33.806	458
33.856	452
33.906	450
33.956	449
34.007	443
34.058	442
34.108	441
34.158	436
34.208	437
34.259	433
34.309	434
34.359	438
34.409	438
34.459	443
34.509	449
34.560	451
34.610	458
34.660	460
34.710	465
34.760	470
34.811	470
34.861	473
34.911	474
34.962	468
35.012	469
35.062	461
35.113	457
35.163	454
35.213	445
35.263	441
35.313	438
35.363	432
35.414	431
35.464	428
35.514	429
35.564	433
35.614	434
35.665	440
35.715	447
35.765	450
35.815	457
35.866	459
35.916	464
35.967	470
36.017	468
36.067	472
36.117	470
36.167	467
36.217	467
36.268	459
36.318	456
36.368	455
36.418	447
36.468	446
36.519	444
36.569	440
36.619	441
36.669	437
36.719	438
36.770	441
36.821	439
36.871	445
36.921	447
36.971	446
37.021	452
37.071	450
37.122	452
37.172	456
37.222	455
37.272	458
37.322	457
37.373	456
37.423	459
37.473	456
37.523	458
37.573	461
37.623	457
37.675	459
37.725	457
37.775	454
37.825	456
37.875	451
37.926	451
37.976	451
38.026	445
38.076	446
38.126	441
38.176	439
38.227	440
38.277	436
38.327	438
38.377	441
38.427	441
38.477	448
38.528	447
38.579	451
38.629	458
38.679	458
38.729	464
38.780	468
38.830	467
38.880	471
38.930	467
38.980	465
39.030	466
39.081	458
39.131	456
39.181	452
39.231	444
39.281	442
39.331	436
39.382	432
39.432	434
39.483	431
39.533	433
39.583	438
39.634	438
39.684	446
39.734	446
39.784	452
39.834	460
39.884	460
39.935	465
39.985	469
40.035	467
40.085	470
40.135	465
40.185	464
40.236	463
40.286	456
40.337	453
40.387	451
40.437	445
40.488	446
40.538	440
40.588	440
40.638	442
40.688	439
40.738	441
40.789	445
40.839	443
40.889	449
40.939	448
40.989	451
41.039	454
41.090	452
41.140	455
41.190	457
41.241	454
41.291	458
41.342	454
41.392	455
41.442	457
41.492	454
41.542	456
41.592	457
41.643	454
41.693	458
41.743	454
41.793	453
41.843	456
41.894	452
41.944	452
41.994	451
42.044	447
42.094	448
42.145	444
42.196	442
42.246	444
42.296	439
42.346	441
42.396	443
42.446	442
42.497	448
42.547	447
42.597	451
42.647	458
42.697	456
42.748	462
42.798	466
42.848	464
42.898	469
42.948	464
42.998	464
43.050	464
43.100	459
43.150	456
43.200	452
43.250	446
43.300	444
43.351	436
43.401	436
43.451	436
43.501	433
43.551	435
43.602	439
43.652	439
43.702	446
43.752	447
43.802	452
43.852	459
43.903	460
43.954	466
44.004	466
44.054	466
44.104	470
44.155	464
44.205	462
44.255	462
44.305	455
44.355	454
44.405	451
44.456	445
44.506	445
44.556	439
44.606	440
44.656	442
44.706	439
44.757	442
44.807	444
44.858	443
44.908	450
44.958	448
45.009	451
45.059	455
45.109	452
45.159	457
45.209	455
45.259	455
45.310	458
45.360	454
45.410	456
45.460	457
45.510	453
45.560	457
45.611	453
45.661	454
45.711	457
45.762	453
45.812	454
45.863	456
45.913	452
45.963	453
46.013	448
46.063	447
46.113	448
46.164	443
46.214	444
46.264	444
46.314	440
46.364	444
46.414	441
46.465	444
46.515	448
46.565	448
46.615	453
46.666	458
46.717	458
46.767	464
46.817	463
46.867	464
46.917	468
46.967	463
47.018	461
47.068	461
47.118	454
47.168	454
47.218	447
47.268	443
47.319	442
47.369	437
47.419	437
47.469	438
47.519	436
47.571	440
47.621	440
47.671	443
47.721	450
47.771	450
47.821	456
47.872	461
47.922	460
47.972	466
48.022	464
48.072	463
48.123	465
48.173	460
48.223	459
48.273	457
48.323	451
48.373	451
48.424	446
48.475	444
48.525	445
48.575	441
48.625	443
48.675	445
48.726	443
48.776	448
48.826	446
48.876	448
48.926	453
48.977	451
49.027	454
49.077	455
49.127	453
49.177	456
49.227	452
49.278	453
49.328	454
49.379	450
49.429	453
49.479	454
49.529	451
49.580	456
49.630	453
49.680	454
49.730	457
49.780	454
49.831	456
49.881	455
49.931	453
49.981	454
50.031	448
50.081	448
50.132	448
50.182	443
50.233	444
50.283	444
50.333	440
50.383	445
50.434	443
50.484	446
50.534	450
50.584	450
50.634	454
50.685	459
50.735	460
50.785	465
50.835	462
50.885	463
50.935	464
50.986	459
51.036	461
51.086	457
51.137	452
51.187	451
51.238	444
51.288	442
51.338	441
51.388	437
51.438	438
51.488	441
51.539	439
51.589	444
51.639	444
51.689	449
51.739	454
51.789	455
51.840	460
51.890	461
51.940	461
51.990	464
52.041	461
52.092	460
52.142	461
52.192	455
52.242	456
52.292	452
52.342	448
52.393	449
52.443	444
52.493	445
52.543	447
52.593	444
52.643	447
52.694	445
52.744	447
52.794	452
52.844	449
52.894	450
52.946	454
52.996	452
53.046	454
53.096	450
53.146	451
53.196	452
53.247	449
53.297	451
53.347	453
53.397	449
53.447	454
53.497	452
53.548	454
53.598	458
53.648	454
53.698	456
53.748	457
53.799	455
53.850	458
53.900	452
53.950	451
54.000	453
54.050	446
54.101	446
54.151	445
54.201	440
54.251	443
54.301	440
54.351	441
54.402	446
54.452	443
54.502	448
54.552	453
54.602	453
54.653	460
54.703	458
54.754	461
54.804	465
54.854	463
54.904	463
54.955	463
55.005	458
55.055	457
55.105	451
55.155	448
55.206	447
55.256	440
55.306	441
55.356	441
55.406	439
55.456	442
55.507	440
55.557	443
55.607	448
55.658	448
55.708	453
55.758	457
55.809	456
55.859	462
55.909	459
55.959	460
56.009	462
56.060	457
56.110	458
56.160	457
56.210	451
56.260	452
56.310	447
56.361	446
56.411	448
56.461	444
56.511	448
56.562	449
56.612	446
56.663	450
56.713	448
56.763	451
56.813	453
56.863	451
56.914	454
56.964	454
57.014	451
57.064	453
57.114	450
57.164	450
57.215	451
57.265	448
57.315	451
57.365	451
57.415	450
57.467	454
57.517	452
57.567	454
57.617	459
57.667	456
57.717	459
57.768	458
57.818	456
57.868	458
57.918	452
57.968	451
58.018	451
58.069	445
58.119	446
58.169	443
58.219	441
58.269	443
58.319	442
58.371	442
58.421	448
58.471	446
58.521	452
58.571	455
58.622	455
58.672	462
58.722	459
58.772	461
58.822	464
58.872	461
58.923	462
58.973	459
59.023	454
59.073	454
59.123	447
59.174	446
59.224	445
59.275	441
59.325	442
59.375	442
59.425	441
59.476	446
59.526	444
59.576	448
59.626	453
59.676	452
59.726	457
59.777	457
59.827	457
59.877	460
59.927	457
59.977	457
60.028	458
60.078	453
60.129	454
60.179	450
60.229	449
60.279	450
60.330	446
60.380	448
60.430	450
60.480	448
60.530	452
60.580	449
60.631	450
60.681	455
60.731	451
60.781	453
60.831	454
60.882	450
60.932	452
60.982	448
61.033	448
61.083	450
61.133	445
61.184	448
61.234	449
61.284	446
61.334	452
61.384	449
61.435	451
61.485	457
61.535	456
61.585	459
61.635	460
61.685	458
61.736	461
61.786	455
61.836	455
61.886	455
61.937	448
61.987	448
62.038	447
62.088	441
62.138	443
62.188	439
62.238	441
62.289	444
62.339	443
62.389	447
62.439	451
62.489	451
62.539	458
62.590	455
62.640	458
62.690	464
62.740	459
62.790	462
62.841	462
62.892	458
62.942	457
62.992	450
63.042	448
63.092	449
63.143	445
63.193	444
63.243	444
63.293	442
63.343	445
63.393	444
63.444	445
63.494	451
63.544	449
63.594	454
63.644	456
63.694	455
63.746	458
63.796	455
63.846	456
63.896	458
63.946	453
63.997	454
64.047	453
64.097	448
64.147	451
64.197	447
64.247	447
64.298	450
64.348	448
64.398	451
64.448	452
64.498	450
64.548	456
64.599	452
64.650	454
64.700	456
64.750	453
64.800	454
64.851	452
64.901	449
64.951	450
65.001	444
65.051	445
65.101	447
65.152	443
65.202	448
65.252	447
65.302	448
65.352	453
65.403	452
65.453	456
65.503	459
65.554	457
65.604	462
65.654	459
65.705	458
65.755	460
65.805	455
65.855	453
65.905	453
65.955	446
66.006	447
66.056	443
66.106	441
66.156	443
66.206	440
66.257	442
66.307	446
66.357	445
66.407	451
66.458	451
66.508	454
66.559	459
66.609	459
66.659	461
66.709	463
66.759	460
66.809	461
66.860	457
66.910	455
66.960	455
67.010	449
67.060	448
67.111	448
67.161	441
67.211	446
67.261	441
67.311	443
67.362	446
67.413	445
67.463	449
67.513	452
67.563	452
67.613	457
67.663	454
67.714	456
67.764	459
67.814	455
67.864	455
67.914	455
67.965	451
68.015	454
68.065	448
68.115	448
68.165	450
68.215	446
68.267	448
68.317	450
68.367	447
68.417	453
68.467	450
68.518	453
68.568	456
68.618	454
68.668	456
68.718	456
68.768	453
68.819	455
68.869	449
68.919	448
68.969	450
69.019	445
69.069	446
69.120	446
69.171	443
69.221	448
69.271	445
69.321	449
69.372	453
69.422	450
69.472	456
69.522	458
69.572	458
69.622	461
69.673	457
69.723	458
69.773	460
69.823	454
69.873	454
69.923	452
69.974	446
70.024	447
70.075	441
70.125	441
70.175	443
70.226	440
70.276	443
70.326	446
70.376	445
70.426	452
70.476	450
70.527	455
70.577	460
70.627	458
70.677	462
70.727	462
70.777	459
70.828	461
70.878	456
70.929	455
70.979	454
71.029	448
71.080	448
71.130	447
71.180	443
71.230	444
71.280	441
71.330	443
71.381	447
71.431	446
71.481	449
71.531	453
71.581	452
71.631	458
71.682	455
71.732	457
71.782	459
71.833	455
71.883	456
71.934	455
71.984	451
72.034	452
72.084	448
72.134	448
72.184	448
72.235	446
72.285	448
72.335	447
72.385	448
72.435	453
72.486	450
72.536	453
72.586	456
72.636	454
72.686	457
72.737	456
72.788	453
72.838	455
72.888	450
72.938	449
72.988	450
73.038	446
73.089	448
73.139	446
73.189	445
73.239	448
73.289	447
73.340	449
73.390	454
73.440	452
73.490	458
73.540	455
73.590	457
73.642	462
73.692	458
73.742	459
73.792	459
73.842	454
73.892	455
73.943	448
73.993	447
74.043	447
74.093	442
74.143	441
74.194	442
74.244	440
74.294	445
74.344	444
74.394	446
74.444	452
74.495	451
74.546	456
74.596	460
74.646	458
74.696	463
74.747	459
74.797	459
74.847	462
74.897	456
74.947	454
74.997	454
75.048	447
75.098	448
75.148	443
75.198	442
75.248	444
75.298	440
75.349	442
75.399	444
75.450	444
75.500	450
75.550	450
75.601	453
75.651	458
75.701	456
75.751	459
75.801	460
75.851	458
75.902	459
75.952	454
76.002	452
76.052	453
76.102	449
76.152	448
76.203	448
76.253	445
76.303	448
76.354	445
76.404	447
76.455	451
76.505	448
76.555	453
76.605	455
76.655	453
76.705	457
76.756	453
76.806	455
76.856	456
76.906	451
76.956	452
77.006	452
77.057	447
77.107	449
77.157	445
77.207	446
77.258	448
77.309	446
77.359	450
77.409	452
77.459	450
77.509	456
77.559	454
77.610	456
77.660	460
77.710	457
77.760	459
77.810	459
77.860	454
77.911	455
77.961	450
78.011	448
78.061	448
78.111	443
78.163	444
78.213	444
78.263	441
78.313	446
78.363	443
78.413	447
78.464	452
78.514	453
78.564	456
78.614	458
78.664	458
78.715	462
78.765	459
78.815	460
78.865	461
78.915	456
78.965	456
79.016	453
79.067	447
79.117	449
79.167	443
79.217	443
79.267	444
79.318	441
79.368	444
79.418	445
79.468	446
79.518	451
79.569	450
79.619	454
79.669	458
79.719	456
79.769	460
79.819	458
79.870	457
79.920	459
79.971	454
80.021	454
80.071	453
80.121	448
80.172	449
80.222	447
80.272	445
80.322	447
80.372	444
80.423	446
80.473	451
80.523	448
80.573	454
80.623	453
80.673	454
80.724	458
80.774	454
80.825	455
80.875	457
80.925	453
80.975	454
81.026	449
81.076	449
81.126	450
81.176	446
81.226	445
81.277	448
81.327	446
81.377	450
81.427	448
81.477	450
81.527	456
81.578	454
81.628	457
81.678	459
81.729	457
81.779	460
81.830	455
81.880	455
81.930	455
81.980	449
82.030	449
82.080	448
82.131	444
82.181	446
82.231	442
82.281	442
82.331	446
82.381	444
82.432	448
82.482	452
82.532	451
82.582	458
82.633	456
82.684	458
82.734	463
82.784	459
82.834	460
82.884	461
82.934	455
82.985	456
83.035	449
83.085	448
83.135	448
83.185	442
83.235	444
83.286	444
83.336	442
83.386	445
83.436	444
83.486	448
83.538	452
83.588	451
83.638	455
83.688	457
83.738	457
83.788	460
83.839	458
83.889	457
83.939	459
83.989	455
84.039	454
84.089	453
84.140	448
84.190	450
84.240	444
84.290	445
84.340	447
84.391	444
84.442	448
84.492	450
84.542	449
84.592	454
84.642	451
84.693	454
84.743	458
84.793	455
84.843	458
84.893	457
84.943	452
84.994	456
85.044	450
85.094	449
85.144	449
85.194	446
85.245	446
85.295	447
85.346	445
85.396	449
85.446	446
85.496	450
85.547	454
85.597	453
85.647	457
85.697	458
85.747	456
85.798	461
85.848	456
85.898	456
85.948	456
85.998	451
86.048	452
86.099	447
86.149	445
86.199	447
86.250	442
86.300	444
86.350	446
86.401	444
86.451	448
86.501	450
86.551	451
86.601	456
86.652	455
86.702	458
86.752	461
86.802	458
86.852	461
86.902	458
86.953	454
87.003	456
87.053	450
87.103	449
87.154	449
87.204	444
87.255	446
87.305	443
87.355	443
87.405	447
87.455	446
87.506	448
87.556	452
87.606	452
87.656	457
87.706	455
87.756	457
87.807	461
87.857	457
87.907	459
87.957	459
88.007	454
88.059	455
88.109	449
88.159	448
88.209	449
88.259	445
88.309	446
88.360	447
88.410	444
88.460	449
88.510	448
88.560	448
88.610	454
88.661	452
88.711	456
88.761	458
88.811	456
88.861	459
88.911	455
88.963	455
89.013	456
89.063	449
89.113	450
89.163	450
89.214	445
89.264	448
89.314	445
89.364	445
89.414	449
89.464	448
89.515	451
89.565	454
89.615	453
89.665	458
89.715	455
89.766	455
89.816	460
89.867	456
89.917	456
89.967	457
90.017	451
90.068	452
90.118	447
90.168	447
90.218	448
90.268	443
90.318	444
90.369	447
90.419	444
90.469	450
90.519	448
90.569	452
90.620	457
90.670	455
90.721	459
90.771	461
90.821	458
90.871	461
90.922	456
90.972	455
91.022	455
91.072	450
91.122	450
91.172	448
91.223	444
91.273	446
91.323	442
91.373	443
91.423	446
91.474	446
91.524	450
91.574	452
91.625	452
91.675	457
91.725	456
91.776	457
91.826	460
91.876	458
91.926	460
91.976	458
92.027	453
92.077	454
92.127	448
92.177	448
92.227	449
92.277	444
92.328	446
92.378	447
92.428	445
92.478	450
92.529	448
92.579	451
92.630	456
92.680	453
92.730	456
92.780	458
92.830	457
92.881	459
92.931	455
92.981	454
93.031	455
93.081	450
93.131	451
93.182	447
93.232	445
93.282	448
93.332	444
93.382	446
93.433	449
93.484	447
93.534	452
93.584	454
93.634	453
93.684	458
93.735	456
93.785	458
93.835	460
93.885	455
93.935	458
93.985	455
94.036	451
94.086	452
94.136	447
94.186	446
94.236	446
94.286	442
94.338	445
94.388	443
94.438	444
94.488	450
94.538	448
94.589	452
94.639	457
94.689	454
94.739	460
94.789	458
94.839	458
94.890	461
94.940	455
94.990	457
95.040	456
95.090	451
95.140	451
95.191	445
95.242	444
95.292	446
95.342	442
95.392	444
95.443	446
95.493	446
95.543	451
95.593	450
95.643	451
95.693	457
95.744	455
95.794	459
95.844	460
95.894	457
95.944	461
95.995	455
96.045	454
96.095	455
96.146	450
96.196	449
96.246	449
96.297	445
96.347	447
96.397	443
96.447	444
96.497	449
96.547	448
96.598	451
96.648	455
96.698	451
96.748	458
96.798	455
96.849	457
96.899	460
96.949	455
96.999	456
97.050	456
97.100	451
97.151	452
97.201	447
97.251	446
97.301	448
97.351	444
97.401	446
97.452	448
97.502	447
97.552	452
97.602	450
97.652	452
97.703	457
97.753	454
97.803	458
97.853	460
97.903	456
97.954	459
98.005	454
98.055	453
98.105	452
98.155	448
98.205	448
98.255	447
98.306	442
98.356	447
98.406	443
98.456	445
98.506	450
98.557	447
98.607	452
98.657	456
98.707	455
98.757	460
98.807	458
98.859	459
98.909	462
98.959	457
99.009	458
99.059	456
99.110	451
99.160	452
99.210	446
99.260	444
99.310	446
99.360	442
99.411	445
99.461	445
99.511	445
99.561	450
99.611	448
99.661	452
99.712	458
99.763	455
99.813	460
99.863	460
99.913	459
99.964	462
100.014	456
100.064	455
100.114	456
100.164	451
100.214	451
100.265	447
100.315	444
100.365	446
100.415	442
100.465	443
100.515	446
100.566	445
100.616	450
100.667	452
100.717	452
100.767	457
100.818	455
100.868	457
100.918	461
100.968	458
101.018	460
101.068	455
101.119	453
101.169	454
101.219	449
101.269	449
101.319	448
101.369	444
101.420	447
101.470	443
101.521	445
101.571	449
101.621	447
101.672	450
101.722	455
101.772	453
101.822	458
101.872	455
101.922	456
101.973	460
102.023	456
102.073	456
102.123	455
102.173	450
102.223	451
102.274	445
102.324	446
102.374	447
102.425	443
102.475	445
102.526	447
102.576	445
102.626	451
102.676	449
102.726	454
102.776	458
102.827	455
102.877	459
102.927	461
102.977	457
103.027	460
103.078	455
103.128	453
103.178	455
103.228	448
103.278	448
103.329	447
103.380	444
103.430	445
103.480	443
103.530	443
103.580	448
103.630	446
103.681	450
103.731	454
103.781	452
103.831	458
103.881	457
103.932	459
103.982	461
104.032	457
104.082	457
104.132	457
104.182	452
104.234	453
104.284	446
104.334	446
104.384	448
104.434	443
104.484	445
104.535	446
104.585	444
104.635	449
104.685	448
104.735	450
104.786	455
104.836	454
104.886	458
104.936	459
104.986	457
105.036	461
105.087	455
105.138	454
105.188	456
105.238	450
105.288	450
105.339	448
105.389	445
105.439	447
105.489	443
105.539	444
105.589	448
105.640	446
105.690	450
105.740	453
105.790	453
105.840	457
105.890	456
105.941	457
105.991	460
106.042	457
106.092	459
106.142	457
106.193	452
106.243	453
106.293	447
106.343	447
106.393	447
106.443	443
106.494	444
106.544	446
106.594	444
106.644	448
106.694	448
106.744	452
106.795	455
106.845	455
106.895	459
106.946	458
106.996	458
107.047	462
107.097	458
107.147	457
107.197	456
107.247	450
107.297	452
107.348	447
107.398	444
107.448	446
107.498	442
107.548	444
107.598	446
107.649	444
107.699	449
107.749	449
107.799	450
107.850	457
107.901	454
107.951	457
108.001	460
108.051	457
108.101	460
108.151	457
108.202	455
108.252	456
108.302	450
108.352	449
108.402	448
108.452	444
108.503	446
108.553	443
108.603	443
108.653	449
108.703	447
108.755	449
108.805	455
108.855	452
108.905	458
108.955	455
109.005	456
109.056	460
109.106	456
109.156	456
109.206	456
109.256	452
109.307	452
109.357	447
109.407	447
109.457	448
109.507	443
109.557	445
109.608	448
109.659	445
109.709	450
109.759	449
109.809	451
109.859	457
109.910	455
109.960	458
110.010	460
110.060	458
110.110	460
110.161	456
110.211	455
110.261	455
110.311	449
110.361	448
110.411	448
110.462	444
110.512	446
110.563	443
110.613	442
110.663	448
110.713	446
110.764	449
110.814	453
110.864	453
110.914	458
110.964	456
111.015	458
111.065	462
111.115	458
111.165	458
111.215	458
111.265	454
111.316	454
111.366	448
111.417	448
111.467	448
111.517	442
111.567	445
111.618	445
111.668	444
111.718	448
111.768	446
111.818	448
111.869	454
111.919	453
111.969	457
112.019	460
112.069	457
112.119	461
112.170	457
112.220	456
112.270	458
112.321	452
112.371	452
112.422	450
112.472	447
112.522	447
112.572	443
112.622	444
112.672	447
112.723	444
112.773	448
112.823	450
112.873	449
112.923	455
112.973	453
113.024	456
113.074	460
113.124	456
113.174	459
113.225	458
113.276	455
113.326	455
113.376	450
113.426	449
113.476	449
113.526	445
113.577	446
113.627	447
113.677	444
113.727	449
113.777	447
113.827	451
113.878	454
113.928	453
113.978	457
114.028	458
114.078	456
114.130	461
114.180	457
114.230	457
114.280	457
114.330	450
114.380	451
114.431	447
114.481	445
114.531	447
114.581	443
114.631	444
114.681	447
114.732	447
114.782	449
114.832	452
114.882	450
114.932	457
114.983	454
115.034	459
115.084	461
115.134	458
115.184	462
115.234	458
115.285	454
115.335	455
115.385	449
115.435	448
115.485	448
115.535	442
115.586	447
115.636	442
115.686	443
115.736	447
115.786	445
115.837	448
115.887	454
115.938	453
115.988	457
116.038	456
116.088	459
116.139	461
116.189	458
116.239	458
116.289	459
116.339	453
116.390	454
116.440	449
116.490	447
116.540	448
116.590	444
116.640	445
116.691	445
116.741	444
116.791	447
116.842	446
116.892	449
116.942	454
116.993	453
117.043	456
117.093	459
117.143	457
117.193	460
117.244	456
117.294	456
117.344	456
117.394	451
117.444	451
117.494	450
117.545	445
117.595	448
117.645	443
117.695	445
117.746	448
117.796	445
117.847	448
117.897	452
117.947	451
117.997	456
118.047	454
118.098	456
118.148	460
118.198	456
118.248	457
118.298	457
118.348	452
118.399	454
118.449	448
118.499	447
118.549	447
118.599	444
118.651	445
118.701	447
118.751	445
118.801	449
118.851	447
118.901	450
118.952	455
119.002	454
119.052	458
119.102	460
119.152	457
119.202	461
119.253	456
119.303	456
119.353	456
119.403	451
119.453	451
119.503	449
119.555	445
119.605	446
119.655	442
119.705	443
119.755	446
119.806	444
119.856	449
119.906	451
119.956	451
120.006	456
120.056	454
120.107	458
120.157	461
120.207	458
120.257	459
120.307	458
120.358	454
120.408	456
120.459	449
120.509	449
120.559	449
120.609	445
120.660	445
120.710	446
120.760	443
120.810	448
120.860	446
120.910	448
120.961	453
121.011	451
121.061	456
121.111	457
121.161	456
121.212	460
121.262	455
121.313	456
121.363	457
121.413	451
121.463	452
121.514	450
121.564	446
121.614	448
121.664	444
121.714	445
121.764	447
121.815	445
121.865	450
121.915	450
121.965	451
122.015	455
122.066	454
122.116	456
122.166	460
122.217	455
122.267	459
122.317	455
122.368	454
122.418	455
122.468	450
122.518	449
122.568	448
122.619	443
122.669	447
122.719	443
122.769	443
122.819	448
122.869	447
122.920	450
122.970	454
123.020	452
123.070	459
123.121	456
123.171	458
123.222	461
123.272	457
123.322	457
123.372	457
123.422	451
123.473	453
123.523	447
123.573	445
123.623	446
123.673	442
123.723	444
123.774	445
123.824	444
123.874	448
123.924	447
123.974	449
124.025	455
124.076	453
124.126	457
124.176	461
124.226	458
124.276	461
124.327	457
124.377	456
124.427	457
124.477	450
124.527	451
124.577	449
124.628	445
124.678	446
124.728	443
124.778	442
124.828	446
124.878	444
124.930	448
124.980	451
125.030	450
125.080	456
125.130	454
125.181	457
125.231	460
125.281	457
125.331	458
125.381	458
125.431	453
125.482	455
125.532	449
125.582	448
125.632	449
125.682	445
125.732	446
125.783	447
125.834	445
125.884	449
125.934	447
125.984	449
126.035	454
126.085	453
126.135	457
126.185	458
126.235	456
126.285	459
126.336	455
126.386	453
126.436	455
126.486	450
126.536	450
126.587	450
126.637	445
126.687	446
126.738	444
126.788	445
126.838	448
126.889	446
126.939	450
126.989	453
127.039	453
127.089	457
127.139	455
127.190	459
127.240	460
127.290	456
127.340	459
127.390	456
127.441	452
127.491	454
127.541	448
127.591	447
127.642	447
127.692	443
127.743	444
127.793	445
127.843	444
127.893	449
127.943	447
127.993	451
128.044	455
128.094	454
128.144	459
128.194	459
128.244	458
128.295	461
128.345	456
128.395	457
128.445	457
128.495	452
128.546	452
128.597	447
128.647	445
128.697	447
128.747	443
128.797	444
128.847	448
128.898	445
128.948	449
128.998	449
129.048	451
129.098	457
129.149	454
129.199	457
129.249	459
129.299	456
129.349	459
129.399	453
129.451	453
129.501	454
129.551	448
129.601	449
129.651	449
129.702	444
129.752	448
129.802	444
129.852	446
129.902	451
129.952	448
130.003	452
130.053	455
130.103	453
130.153	458
130.203	455
130.253	456
130.304	458
130.355	453
130.405	454
130.455	454
130.505	450
130.556	451
130.606	446
130.656	444
130.706	447
130.756	444
130.806	447
130.857	449
130.907	448
130.957	454
131.007	451
131.057	454
131.107	459
131.158	455
131.208	458
131.259	459
131.309	455
131.359	457
131.410	450
131.460	449
131.510	450
131.560	445
131.610	445
131.660	447
131.711	443
131.761	446
131.811	445
131.861	446
131.911	451
131.961	450
132.012	454
132.062	458
132.113	456
132.163	460
132.213	457
132.264	456
132.314	458
132.364	453
132.414	453
132.464	452
132.514	448
132.565	448
132.615	444
132.665	444
132.715	446
132.765	444
132.815	447
132.866	450
132.916	448
132.966	454
133.017	451
133.067	455
133.118	459
133.168	457
133.218	458
133.268	459
133.318	455
133.368	456
133.419	451
133.469	449
133.519	451
133.569	446
133.619	446
133.670	447
133.720	445
133.770	448
133.820	446
133.870	448
133.921	452
133.972	451
134.022	456
134.072	458
134.122	455
134.172	460
134.222	456
134.273	455
134.323	457
134.373	452
134.423	453
134.473	450
134.524	445
134.574	448
134.624	443
134.674	444
134.724	447
134.774	446
134.826	449
134.876	451
134.926	451
134.976	456
135.026	455
135.076	457
135.127	459
135.177	456
135.227	459
135.277	457
135.327	453
135.378	454
135.428	449
135.478	448
135.528	448
135.578	444
135.628	448
135.679	446
135.730	444
135.780	448
135.830	447
135.880	451
135.931	454
135.981	452
136.031	458
136.081	455
136.131	456
136.181	460
136.232	454
136.282	454
136.332	456
136.382	450
136.432	452
136.482	446
136.533	445
136.583	447
136.634	443
136.684	445
136.734	448
136.785	447
136.835	451
136.885	450
136.935	451
136.985	457
137.035	454
137.086	458
137.136	460
137.186	456
137.236	458
137.286	454
137.336	452
137.387	453
137.437	448
137.487	448
137.538	448
137.588	443
137.639	447
137.689	443
137.739	446
137.789	450
137.839	449
137.889	452
137.940	455
137.990	455
138.040	459
138.090	457
138.140	458
138.190	461
138.241	455
138.291	456
138.341	454
138.391	450
138.442	451
138.493	445
138.543	444
138.593	446
138.643	442
138.693	445
138.743	448
138.794	447
138.844	451
138.894	450
138.944	453
138.994	457
139.044	457
139.095	459
139.145	460
139.195	457
139.245	459
139.295	454
139.347	454
139.397	454
139.447	448
139.497	448
139.547	447
139.597	443
139.648	446
139.698	442
139.748	444
139.798	448
139.848	448
139.899	452
139.949	454
139.999	453
140.049	459
140.099	455
140.149	458
140.200	460
140.251	455
140.301	456
140.351	456
140.401	450
140.451	452
140.502	446
140.552	445
140.602	447
140.652	443
140.702	445
140.753	447
140.803	446
140.853	451
140.903	449
140.953	453
141.003	457
141.054	455
141.104	457
141.155	459
141.205	456
141.255	458
141.305	454
141.356	453
141.406	454
141.456	448
141.506	449
141.556	447
141.607	444
141.657	447
141.707	444
141.757	447
141.807	450
141.857	448
141.908	453
141.958	454
142.009	455
142.059	459
142.109	456
142.159	457
142.210	460
142.260	454
142.310	456
142.360	453
142.410	449
142.461	450
142.511	445
142.561	445
142.611	447
142.661	443
142.711	448
142.762	447
142.812	448
142.862	452
142.913	451
142.963	454
143.014	458
143.064	455
143.114	460
143.164	458
143.214	456
143.264	456
143.315	452
143.365	452
143.415	452
143.465	446
143.515	448
143.565	445
143.616	443
143.666	446
143.716	444
143.766	447
143.817	450
143.868	448
143.918	454
143.968	453
144.018	455
144.068	460
144.118	456
144.169	459
144.219	459
144.269	454
144.319	456
144.369	450
144.419	449
144.470	450
144.520	445
144.570	445
144.620	447
144.670	444
144.722	447
144.772	445
144.822	448
144.872	453
144.922	451
144.972	454
145.023	458
145.073	456
145.123	459
145.173	456
145.223	454
145.273	457
145.324	452
145.374	452
145.424	451
145.474	446
145.524	449
145.575	444
145.626	444
145.676	448
145.726	446
145.776	448
145.826	451
145.877	450
145.927	457
145.977	454
146.027	456
146.077	460
146.127	456
146.178	458
146.228	458
146.278	453
146.328	455
146.378	450
146.429	448
146.479	448
146.530	444
146.580	444
146.630	447
146.680	444
146.731	448
146.781	446
146.831	449
146.881	454
146.931	453
146.982	457
147.032	460
147.082	456
147.132	461
147.182	457
147.232	457
147.283	457
147.333	452
147.383	452
147.434	450
147.484	446
147.534	447
147.585	442
147.635	442
147.685	445
147.735	443
147.785	448
147.836	450
147.886	450
147.936	455
147.986	454
148.036	457
148.086	460
148.137	456
148.187	459
148.237	458
148.287	455
148.338	457
148.388	451
148.439	450
148.489	451
148.539	445
148.589	447
148.639	446
148.690	444
148.740	447
148.790	446
148.840	448
148.890	452
148.940	451
148.991	455
149.041	455
149.091	456
149.141	459
149.191	456
149.243	456
149.293	457
149.343	452
149.393	452
149.443	450
149.493	447
149.544	449
149.594	444
149.644	446
149.694	448
149.744	446
149.794	450
149.845	450
149.895	451
149.945	456
149.995	453
150.045	457
150.095	459
150.147	456
150.197	459
150.247	455
150.297	453
150.347	454
150.398	448
150.448	448
150.498	448
150.548	444
150.598	447
150.648	442
150.699	444
150.749	449
150.799	447
150.849	450
150.899	454
150.950	453
151.000	459
151.051	456
151.101	457
151.151	461
151.201	456
151.252	458
151.302	457
151.352	452
151.402	452
151.452	447
151.502	445
151.553	447
151.603	442
151.653	444
151.703	446
151.753	444
151.804	450
151.854	448
151.905	449
151.955	456
152.005	456
152.055	458
152.106	461
152.156	456
152.206	460
152.256	456
152.306	455
152.356	455
152.407	449
152.457	450
152.507	448
152.557	445
152.607	446
152.658	443
152.708	443
152.758	448
152.809	446
152.859	449
152.909	453
152.960	452
153.010	457
153.060	455
153.110	456
153.160	459
153.211	456
153.261	456
153.311	457
153.361	452
153.411	453
153.461	447
153.512	446
153.562	448
153.612	443
153.662	445
153.713	447
153.763	446
153.814	450
153.864	448
153.914	452
153.964	457
154.014	454
154.065	458
154.115	458
154.165	456
154.215	459
154.265	454
154.315	452
154.366	453
154.416	448
154.466	448
154.516	448
154.566	444
154.617	446
154.668	444
154.718	445
154.768	449
154.818	447
154.868	452
154.919	455
154.969	454
155.019	459
155.069	457
155.119	458
155.169	461
155.220	455
155.270	457
155.320	455
155.370	450
155.420	451
155.470	446
155.522	445
155.572	446
155.622	444
155.672	445
155.722	446
155.773	446
155.823	451
155.873	450
155.923	453
155.973	457
156.023	456
156.074	460
156.124	459
156.174	458
156.224	460
156.274	455
156.324	454
156.375	454
156.426	449
156.476	449
156.526	447
156.576	444
156.627	447
156.677	442
156.727	445
156.777	448
156.827	446
156.877	452
156.928	451
156.978	453
157.028	458
157.078	455
157.128	457
157.179	460
157.229	456
157.279	456
157.330	453
157.380	452
157.430	453
157.481	447
157.531	446
157.581	447
157.631	444
157.681	447
157.731	445
157.782	445
157.832	451
157.882	450
157.932	453
157.982	456
158.033	455
158.083	459
158.133	456
158.183	457
158.234	459
158.284	454
158.335	454
158.385	454
158.435	448
158.485	449
158.535	445
158.585	444
158.636	446
158.686	443
158.736	446
158.786	448
158.836	447
158.887	453
158.937	451
158.987	454
159.037	459
159.087	457
159.138	459
159.189	460
159.239	457
159.289	459
159.339	452
159.389	452
159.439	451
159.490	446
159.540	446
159.590	446
159.640	442
159.690	446
159.741	443
159.791	445
159.841	450
159.891	448
159.941	453
159.991	456
160.043	454
160.093	460
160.143	458
160.193	458
160.243	461
160.294	455
160.344	457
160.394	455
160.444	449
160.494	450
160.544	445
160.595	444
160.645	447
160.695	443
160.745	446
160.795	447
160.845	447
160.896	451
160.947	450
160.997	453
161.047	457
161.097	456
161.148	458
161.198	459
161.248	456
161.298	458
161.348	452
161.398	452
161.449	453
161.499	446
161.549	448
161.599	447
161.649	445
161.699	447
161.750	444
161.800	447
161.851	451
161.901	450
161.951	454
162.002	456
162.052	455
162.102	460
162.152	456
162.202	457
162.252	459
162.303	454
162.353	453
162.403	452
162.453	448
162.503	450
162.553	443
162.604	445
162.654	447
162.705	443
162.755	447
162.805	448
162.856	448
162.906	453
162.956	451
163.006	454
163.056	459
163.106	456
163.157	460
163.207	458
163.257	456
163.307	458
163.357	453
163.407	451
163.458	451
163.508	446
163.558	448
163.609	446
163.659	444
163.710	446
163.760	443
163.810	447
163.860	450
163.910	450
163.960	455
164.011	455
164.061	456
164.111	460
164.161	456
164.211	457
164.262	458
164.312	453
164.362	455
164.412	451
164.462	448
164.513	449
164.564	444
164.614	445
164.664	447
164.714	444
164.764	448
164.814	446
164.865	449
164.915	453
164.965	451
165.015	455
165.065	458
165.116	456
165.166	459
165.216	455
165.266	455
165.316	455
165.366	451
165.418	450
165.468	450
165.518	445
165.568	448
165.618	444
165.668	444
165.719	447
165.769	444
165.819	448
165.869	452
165.919	451
165.970	457
166.020	454
166.070	456
166.120	460
166.170	457
166.220	458
166.271	458
166.322	453
166.372	454
166.422	449
166.472	447
166.523	448
166.573	444
166.623	444
166.673	445
166.723	444
166.773	449
166.824	447
166.874	449
166.924	455
166.974	452
167.024	457
167.074	459
167.125	457
167.175	460
167.226	456
167.276	455
167.326	457
167.377	451
167.427	451
167.477	449
167.527	445
167.577	447
167.627	443
167.678	444
167.728	448
167.778	445
167.828	449
167.878	452
167.928	451
167.979	456
168.029	454
168.079	457
168.130	460
168.180	456
168.231	457
168.281	457
168.331	452
168.381	454
168.431	448
168.481	447
168.532	448
168.582	445
168.632	446
168.682	447
168.732	445
168.782	450
168.833	449
168.883	452
168.933	456
168.983	454
169.034	457
169.085	458
169.135	455
169.185	458
169.235	454
169.285	453
169.335	453
169.386	448
169.436	449
169.486	448
169.536	444
169.586	448
169.636	444
169.687	446
169.737	450
169.787	448
169.837	453
169.887	454
169.939	454
169.989	459
170.039	456
170.089	458
170.139	460
170.189	455
170.240	457
170.290	454
170.340	450
170.390	451
170.440	444
170.491	445
170.541	447
170.591	443
170.641	446
170.691	446
170.741	446
170.792	451
170.843	450
170.893	453
170.943	459
170.993	456
171.043	460
171.094	458
171.144	456
171.194	459
171.244	455
171.294	452
171.345	453
171.395	448
171.445	449
171.495	444
171.545	443
171.595	447
171.646	443
171.696	445
171.747	449
171.797	447
171.847	453
171.897	453
171.948	454
171.998	459
172.048	457
172.098	457
172.148	460
172.199	456
172.249	457
172.299	450
172.349	450
172.399	451
172.449	445
172.500	445
172.550	446
172.601	442
172.651	445
172.701	444
172.751	446
172.802	451
172.852	449
172.902	453
172.952	457
173.002	455
173.053	461
173.103	458
173.153	458
173.203	460
173.253	456
173.303	455
173.354	455
173.404	449
173.454	449
173.505	443
173.555	443
173.606	445
173.656	441
173.706	444
173.756	446
173.806	446
173.856	451
173.907	451
173.957	454
174.007	458
174.057	457
174.107	460
174.157	461
174.208	458
174.258	461
174.308	455
174.358	454
174.409	454
174.460	447
174.510	448
174.560	447
174.610	442
174.660	446
174.710	442
174.761	443
174.811	448
174.861	447
174.911	450
174.961	454
175.011	453
175.062	458
175.112	456
175.162	458
175.212	461
175.262	457
175.314	457
175.364	457
175.414	451
175.464	453
175.514	447
175.564	447
175.615	447
175.665	444
175.715	445
175.765	446
175.815	445
175.865	450
175.916	448
175.966	451
176.016	455
176.066	454
176.116	457
176.167	459
176.218	456
176.268	459
176.318	454
176.368	453
176.418	453
176.469	448
176.519	449
176.569	448
176.619	444
176.669	447
176.719	444
176.770	444
176.820	448
176.870	447
176.920	452
176.970	453
177.021	452
177.071	458
177.122	456
177.172	458
177.222	460
177.272	455
177.323	458
177.373	455
177.423	451
177.473	452
177.523	446
177.574	447
177.624	447
177.674	442
177.724	445
177.774	445
177.824	444
177.875	450
177.925	448
177.975	452
178.026	456
178.076	454
178.126	460
178.177	458
178.227	458
178.277	461
178.327	456
178.377	457
178.428	456
178.478	449
178.528	452
178.578	446
178.628	444
178.678	446
178.729	442
178.779	443
178.829	446
178.879	445
178.930	450
178.980	448
179.031	452
179.081	457
179.131	455
179.181	458
179.231	461
179.282	458
179.332	461
179.382	456
179.432	454
179.482	456
179.532	450
179.583	449
179.633	448
179.683	444
179.733	445
179.783	442
179.835	442
179.885	447
179.935	445
179.985	449
180.035	453
180.085	451
180.136	457
180.186	454
180.236	457
180.286	460
180.336	456
180.386	458
180.437	457
180.487	452
180.537	454
180.587	448
180.637	447
180.687	447
180.739	443
180.789	445
180.839	446
180.889	444
180.939	449
180.990	447
181.040	451
181.090	455
181.140	454
181.190	457
181.240	459
181.291	457
181.341	459
181.391	456
181.441	455
181.491	455
181.542	450
181.592	450
181.643	449
181.693	444
181.743	446
181.793	442
181.844	444
181.894	447
181.944	445
181.994	449
182.044	453
182.094	452
182.145	457
182.195	456
182.245	457
182.295	461
182.345	457
182.396	459
182.446	458
182.497	453
182.547	455
182.597	449
182.647	448
182.698	447
182.748	443
182.798	444
182.848	445
182.898	442
182.948	447
182.999	444
183.049	448
183.099	453
183.149	453
183.199	457
183.250	459
183.300	458
183.350	461
183.401	458
183.451	458
183.501	459
183.552	453
183.602	452
183.652	451
183.702	446
183.752	446
183.803	442
183.853	442
183.903	445
183.953	443
184.003	447
184.053	450
184.104	449
184.154	454
184.204	452
184.254	456
184.305	460
184.355	457
184.406	461
184.456	459
184.506	455
184.556	457
184.606	451
184.657	450
184.707	450
184.757	445
184.807	446
184.857	445
184.907	443
184.958	447
185.008	443
185.058	447
185.108	451
185.158	450
185.209	456
185.260	455
185.310	455
185.360	460
185.410	457
185.460	458
185.511	459
185.561	453
185.611	455
185.661	450
185.711	448
185.761	448
185.812	443
185.862	444
185.912	446
185.962	443
186.012	448
186.062	445
186.114	448
186.164	453
186.214	451
186.264	455
186.314	459
186.365	457
186.415	461
186.465	456
186.515	457
186.565	458
186.615	453
186.666	452
186.716	451
186.766	446
186.816	448
186.866	442
186.916	443
186.967	445
187.018	443
187.068	446
187.118	449
187.168	448
187.219	454
187.269	453
187.319	455
187.369	460
187.419	457
187.469	458
187.520	460
187.570	455
187.620	457
187.670	451
187.720	450
187.771	450
187.821	445
187.871	444
187.922	445
187.972	442
188.022	446
188.073	444
188.123	446
188.173	451
188.223	450
188.273	454
188.323	457
188.374	456
188.424	460
188.474	457
188.524	457
188.574	459
188.625	453
188.675	455
188.725	453
188.775	448
188.826	449
188.876	444
188.927	444
188.977	446
189.027	443
189.077	446
189.127	450
189.177	448
189.228	452
189.278	451
189.328	454
189.378	458
189.428	456
189.479	459
189.529	459
189.579	456
189.629	458
189.679	453
189.730	452
189.781	451
189.831	446
189.881	446
189.931	447
189.981	443
190.031	447
190.082	444
190.132	446
190.182	451
190.232	450
190.282	454
190.333	456
190.383	456
190.433	459
190.483	456
190.533	457
190.583	458
190.635	454
190.685	454
190.735	453
190.785	448
190.835	449
190.886	444
190.936	444
190.986	446
191.036	443
191.086	447
191.136	447
191.187	448
191.237	453
191.287	452
191.337	455
191.387	459
191.437	456
191.488	460
191.539	458
191.589	455
191.639	458
191.689	452
191.740	451
191.790	451
191.840	446
191.890	447
191.940	443
191.990	443
192.041	446
192.091	444
192.141	446
192.191	451
192.241	449
192.291	456
192.342	454
192.392	456
192.443	460
192.493	457
192.543	458
192.594	458
192.644	454
192.694	456
192.744	450
192.794	448
192.844	449
192.895	445
192.945	445
192.995	447
193.045	444
193.095	448
193.145	445
193.196	449
193.246	454
193.297	452
193.347	455
193.397	459
193.448	455
193.498	460
193.548	456
193.598	455
193.648	456
193.698	451
193.749	451
193.799	450
193.849	446
193.899	448
193.949	443
193.999	444
194.050	447
194.100	444
194.150	448
194.201	451
194.251	451
194.302	456
194.352	454
194.402	456
194.452	460
194.502	457
194.552	458
194.603	458
194.653	454
194.703	455
194.753	450
194.803	448
194.854	449
194.904	444
194.954	445
195.004	445
195.054	442
195.105	446
195.156	445
195.206	448
195.256	453
195.306	451
195.356	456
195.406	458
195.457	458
195.507	462
195.557	457
195.607	458
195.657	458
195.708	453
195.758	452
195.808	452
195.858	446
195.908	447
195.958	443
196.010	442
196.060	446
196.110	443
196.160	446
196.210	449
196.260	448
196.311	454
196.361	453
196.411	455
196.461	460
196.511	457
196.562	459
196.612	459
196.662	455
196.712	458
196.762	451
196.812	450
196.863	451
196.914	445
196.964	446
197.014	446
197.064	443
197.115	447
197.165	444
197.215	447
197.265	452
197.315	450
197.365	454
197.416	457
197.466	456
197.516	459
197.566	455
197.616	456
197.666	458
197.717	452
197.767	454
197.818	451
197.868	448
197.918	449
197.969	444
198.019	444
198.069	447
198.119	444
198.169	448
198.219	447
198.270	449
198.320	454
198.370	453
198.420	456
198.470	459
198.520	457
198.571	459
198.621	455
198.671	455
198.722	456
198.772	451
198.823	451
198.873	449
198.923	444
198.973	447
199.023	443
199.073	444
199.124	446
199.174	445
199.224	448
199.274	453
199.324	451
199.374	456
199.425	455
199.475	457
199.525	461
199.575	457
199.626	459
199.677	458
199.727	453
199.777	454
199.827	449
199.877	448
199.927	448
199.978	444
200.028	444
200.078	445
200.128	443
200.178	447
200.228	445
200.279	448
200.329	454
200.379	452
200.429	456
200.479	459
200.531	457
200.581	461
200.631	457
200.681	456
200.731	458
200.781	451
200.832	452
200.882	451
200.932	446
200.982	447
201.032	443
201.083	444
201.133	446
201.183	443
201.233	446
201.283	451
201.333	449
201.384	455
201.435	453
201.485	455
201.535	459
201.585	457
201.635	458
201.686	459
201.736	453
201.786	455
201.836	449
201.886	449
201.937	449
201.987	444
202.037	445
202.087	447
202.137	445
202.187	449
202.238	446
202.288	450
202.339	454
202.389	453
202.439	456
202.489	459
202.540	456
202.590	460
202.640	456
202.690	455
202.740	455
202.791	451
202.841	450
202.891	450
202.941	444
202.991	446
203.041	444
203.092	444
203.142	447
203.193	444
203.243	449
203.293	451
203.343	450
203.394	456
203.444	456
203.494	457
203.544	461
203.594	457
203.645	459
203.695	458
203.745	454
203.795	455
203.845	450
203.895	448
203.946	448
203.996	442
204.046	444
204.097	445
204.147	443
204.198	447
204.248	445
204.298	449
204.348	453
204.398	453
204.448	457
204.499	459
204.549	457
204.599	461
204.649	456
204.699	457
204.749	458
204.800	454
204.850	453
204.900	451
204.950	446
205.001	448
205.052	443
205.102	444
205.152	447
205.202	444
205.252	448
205.302	450
205.353	449
205.403	454
205.453	453
205.503	456
205.553	459
205.603	457
205.654	459
205.704	457
205.754	454
205.804	455
205.854	450
205.906	449
