#Creator: pendulumdriveEventBuffer
#Creation time: Tue Mar 21 16:00:21 2017
#Time	Pos
#[s]	[au]
0.050	548
0.101	538
0.151	518
0.201	497
0.251	477
0.301	450
0.351	426
0.402	406
0.452	385
0.502	368
0.552	365
0.602	353
0.653	353
0.703	358
0.753	369
0.803	387
0.853	407
0.903	430
0.955	455
1.005	479
1.055	507
1.105	525
1.155	542
1.205	559
1.256	560
1.306	567
1.356	556
1.406	546
1.456	535
1.507	508
1.557	487
1.607	464
1.657	435
1.707	411
1.757	391
1.808	374
1.859	363
1.909	356
1.959	354
2.009	361
2.060	371
2.110	386
2.160	405
2.210	428
2.260	454
2.310	475
2.361	498
2.411	521
2.461	531
2.511	547
2.561	548
2.611	549
2.662	550
2.712	536
2.763	523
2.813	509
2.863	487
2.914	469
2.964	444
3.014	426
3.064	409
3.114	394
3.164	383
3.215	375
3.265	373
3.315	374
3.365	381
3.415	391
3.465	406
3.516	420
3.566	438
3.616	458
3.667	475
3.717	496
3.768	507
3.818	522
3.868	536
3.918	535
3.968	540
4.018	538
4.069	527
4.119	521
4.169	502
4.219	485
4.269	469
4.319	446
4.370	428
4.420	411
4.470	395
4.520	384
4.571	375
4.622	371
4.672	374
4.722	380
4.772	389
4.822	407
4.872	423
4.923	445
4.973	463
5.023	485
5.073	508
5.123	519
5.173	536
5.224	544
5.274	545
5.324	548
5.374	536
5.424	526
5.476	512
5.526	490
5.576	471
5.626	453
5.676	426
5.726	409
5.777	392
5.827	380
5.877	374
5.927	370
5.977	372
6.028	383
6.078	392
6.128	409
6.178	425
6.228	444
6.278	467
6.329	483
6.380	503
6.430	515
6.480	526
6.530	538
6.580	536
6.631	535
6.681	533
6.731	519
6.781	507
6.831	490
6.882	473
6.932	457
6.982	438
7.032	422
7.082	411
7.132	397
7.183	388
7.233	387
7.284	384
7.334	386
7.384	393
7.434	403
7.485	418
7.535	430
7.585	448
7.635	465
7.685	480
7.736	499
7.786	508
7.836	520
7.886	533
7.936	531
7.986	535
8.037	526
8.087	521
8.138	512
8.188	493
8.238	476
8.288	462
8.339	439
8.389	422
8.439	407
8.489	393
8.539	383
8.590	377
8.640	376
8.690	380
8.740	387
8.790	400
8.840	415
8.891	434
8.941	455
8.991	472
9.042	493
9.092	513
9.143	522
9.193	537
9.243	537
9.293	538
9.343	540
9.393	526
9.444	515
9.494	501
9.544	480
9.594	462
9.644	442
9.694	423
9.745	407
9.795	394
9.845	385
9.895	381
9.946	379
9.997	382
10.047	391
10.097	402
10.147	418
10.197	433
10.247	451
10.298	470
10.348	484
10.398	503
10.448	511
10.498	520
10.548	530
10.599	526
10.649	527
10.699	523
10.749	511
10.799	502
10.851	485
10.901	471
10.951	458
11.001	441
11.051	426
11.101	416
11.152	404
11.202	396
11.252	391
11.302	390
11.352	394
11.402	398
11.453	408
11.503	421
11.553	432
11.603	449
11.653	462
11.704	478
11.755	496
11.805	505
11.855	518
11.905	526
11.955	526
12.006	531
12.056	521
12.106	515
12.156	507
12.206	489
12.256	474
12.307	458
12.357	438
12.407	424
12.457	408
12.507	396
12.558	389
12.608	384
12.659	384
12.709	390
12.759	398
12.809	409
12.860	423
12.910	440
12.960	461
13.010	476
13.060	495
13.111	506
13.161	518
13.211	531
13.261	529
13.311	530
13.361	528
13.412	515
13.462	505
13.512	488
13.563	472
13.613	457
13.663	439
13.714	423
13.764	411
13.814	400
13.864	393
13.914	394
13.965	391
14.015	397
14.065	403
14.115	414
14.165	429
14.215	441
14.266	457
14.316	470
14.366	483
14.416	499
14.467	504
14.517	512
14.568	520
14.618	515
14.668	517
14.718	509
14.768	501
14.819	495
14.869	480
14.919	468
14.969	457
15.019	441
15.069	430
15.120	419
15.170	410
15.220	404
15.270	399
15.320	398
15.372	402
15.422	406
15.472	414
15.522	424
15.572	437
15.622	454
15.673	465
15.723	481
15.773	496
15.823	503
15.873	517
15.923	520
15.974	521
16.024	525
16.074	513
16.124	507
16.174	498
16.224	481
16.276	467
16.326	450
16.376	434
16.426	421
16.476	406
16.527	398
16.577	393
16.627	390
16.677	392
16.727	398
16.777	407
16.828	422
16.878	434
16.928	451
16.978	470
17.028	482
17.079	500
17.129	506
17.180	516
17.230	525
17.280	521
17.330	520
17.381	515
17.431	503
17.481	495
17.531	477
17.581	464
17.631	451
17.682	434
17.732	423
17.782	415
17.832	405
17.882	402
17.933	400
17.983	402
18.034	408
18.084	414
18.134	425
18.184	436
18.235	447
18.285	461
18.335	470
18.385	482
18.435	496
18.485	500
18.536	508
18.586	512
18.636	509
18.686	511
18.736	502
18.787	496
18.837	492
18.887	476
18.938	466
18.988	456
19.038	441
19.089	431
19.139	419
19.189	411
19.239	407
19.289	402
19.340	401
19.390	406
19.440	410
19.490	420
19.540	429
19.590	443
19.641	459
19.691	469
19.741	485
19.791	498
19.842	506
19.892	517
19.943	517
19.993	519
20.043	520
20.093	510
20.143	501
20.194	487
20.244	473
20.294	461
20.344	443
20.394	429
20.444	418
20.495	406
20.545	400
20.595	399
20.645	396
20.695	400
20.746	407
20.797	417
20.847	432
20.897	444
20.947	459
20.997	474
21.048	486
21.098	501
21.148	506
21.198	514
21.248	519
21.298	514
21.349	513
21.399	503
21.449	494
21.499	486
21.549	469
21.599	458
21.651	448
21.701	434
21.751	425
21.801	419
21.851	411
21.902	409
21.952	407
22.002	410
22.052	416
22.102	421
22.152	430
22.203	438
22.253	449
22.303	463
22.353	470
22.403	481
22.453	492
22.504	496
22.555	504
22.605	505
22.655	505
22.705	507
22.756	498
22.806	493
22.856	487
22.906	474
22.956	466
23.006	452
23.057	440
23.107	432
23.157	420
23.207	413
23.257	409
23.308	404
23.358	405
23.408	408
23.459	415
23.509	425
23.559	434
23.610	447
23.660	462
23.710	473
23.760	489
23.810	497
23.860	506
23.911	515
23.961	515
24.011	516
24.061	513
24.111	502
24.162	496
24.212	481
24.262	466
24.312	455
24.363	438
24.413	426
24.464	417
24.514	407
24.564	403
24.614	400
24.664	402
24.714	409
24.765	415
24.815	427
24.865	440
24.915	450
24.965	466
25.016	476
25.066	487
25.116	501
25.166	503
25.216	508
25.267	511
25.318	506
25.368	506
25.418	495
25.468	486
25.518	479
25.568	465
25.619	457
25.669	447
25.719	436
25.769	429
25.819	420
25.870	416
25.920	415
25.970	414
26.020	416
26.070	422
26.120	426
26.172	435
26.222	442
26.272	451
26.322	464
26.372	470
26.423	480
26.473	490
26.523	493
26.573	502
26.623	500
26.673	502
26.724	504
26.774	496
26.824	491
26.874	482
26.924	471
26.974	463
27.025	448
27.076	440
27.126	431
27.176	419
27.226	413
27.277	412
27.327	407
27.377	410
27.427	412
27.477	420
27.527	432
27.578	440
27.628	455
27.678	467
27.728	479
27.778	493
27.828	498
27.879	506
27.929	513
27.980	510
28.030	512
28.080	503
28.131	494
28.181	487
28.231	471
28.281	459
28.331	449
28.381	434
28.432	425
28.482	415
28.532	409
28.582	409
28.632	407
28.682	411
28.733	418
28.783	425
28.834	436
28.884	447
28.934	458
28.985	471
29.035	479
29.085	489
29.135	497
29.185	499
29.235	503
29.286	500
29.336	499
29.386	497
29.436	488
29.486	480
29.536	474
29.587	462
29.637	455
29.687	445
29.738	436
29.788	432
29.839	424
29.889	421
29.939	421
29.989	419
30.039	421
30.089	424
30.140	430
30.190	439
30.240	443
30.290	453
30.340	464
30.391	470
30.441	480
30.491	486
30.541	491
30.591	501
30.642	498
30.693	500
30.743	500
30.793	492
30.843	488
30.893	478
30.943	469
30.994	461
31.044	448
31.094	438
31.144	429
31.194	419
31.245	414
31.295	411
31.345	410
31.395	414
31.445	417
31.495	425
31.547	437
31.597	446
31.647	460
31.697	469
31.747	481
31.797	494
31.848	500
31.898	506
31.948	510
31.998	506
32.048	507
32.099	496
32.149	488
32.199	481
32.249	465
32.299	455
32.349	445
32.400	432
32.451	426
32.501	417
32.551	413
32.601	414
32.652	413
32.702	417
32.752	426
32.802	432
32.852	443
32.902	450
32.953	460
33.003	474
33.053	478
33.103	487
33.153	493
33.203	494
33.254	499
33.304	495
33.355	492
33.405	493
33.455	482
33.506	477
33.556	471
33.606	461
33.656	456
33.706	445
33.756	439
33.807	435
33.857	428
33.907	425
33.957	426
34.007	422
34.057	426
34.108	427
34.158	433
34.208	441
34.259	446
34.309	454
34.360	463
34.410	470
34.460	481
34.510	486
34.560	493
34.610	499
34.661	497
34.711	500
34.761	494
34.811	490
34.861	486
34.911	473
34.962	466
35.012	458
35.062	444
35.112	435
35.163	429
35.214	419
35.264	416
35.314	412
35.364	413
35.414	418
35.464	422
35.515	432
35.565	442
35.615	451
35.665	465
35.715	473
35.765	485
35.816	495
35.866	497
35.916	505
35.966	502
36.016	500
36.068	500
36.118	490
36.168	481
36.218	473
36.268	460
36.318	451
36.369	440
36.419	431
36.469	427
36.519	420
36.569	417
36.620	420
36.670	420
36.720	426
36.770	431
36.820	438
36.870	449
36.921	454
36.972	464
37.022	473
37.072	478
37.122	486
37.172	487
37.223	490
37.273	493
37.323	490
37.373	488
37.423	486
37.474	478
37.524	476
37.574	467
37.624	461
37.674	455
37.724	446
37.775	440
37.825	436
37.876	429
37.926	426
37.976	425
38.026	425
38.077	428
38.127	429
38.177	434
38.227	442
38.277	447
38.328	458
38.378	464
38.428	472
38.478	484
38.528	487
38.578	492
38.629	498
38.679	496
38.730	498
38.780	491
38.830	486
38.880	481
38.931	469
38.981	460
39.031	452
39.081	440
39.131	433
39.182	424
39.232	419
39.282	418
39.332	416
39.382	419
39.432	425
39.483	431
39.533	441
39.583	449
39.634	459
39.684	472
39.735	478
39.785	487
39.835	494
39.885	496
39.935	500
39.985	495
40.036	493
40.086	490
40.136	480
40.186	474
40.236	466
40.286	455
40.337	450
40.387	439
40.437	435
40.487	431
40.538	426
40.589	426
40.639	428
40.689	428
40.739	434
40.789	436
40.839	443
40.890	451
40.940	455
40.990	462
41.040	472
41.090	473
41.140	481
41.191	481
41.241	484
41.291	489
41.341	486
41.391	486
41.443	482
41.493	478
41.543	477
41.593	468
41.643	462
41.693	457
41.744	448
41.794	442
41.844	438
41.894	430
41.944	428
41.994	425
42.045	424
42.095	428
42.145	429
42.195	437
42.245	444
42.296	449
42.347	461
42.397	468
42.447	476
42.497	487
42.547	490
42.598	496
42.648	495
42.698	496
42.748	496
42.798	488
42.848	482
42.899	475
42.949	462
42.999	455
43.049	443
43.099	436
43.150	430
43.200	423
43.251	420
43.301	421
43.351	421
43.401	425
43.452	431
43.502	438
43.552	449
43.602	456
43.652	465
43.703	476
43.753	479
43.803	488
43.853	489
43.903	491
43.953	494
44.004	488
44.054	486
44.104	483
44.155	473
44.205	469
44.255	459
44.306	452
44.356	449
44.406	440
44.456	436
44.506	435
44.557	432
44.607	432
44.657	432
44.707	434
44.757	439
44.807	440
44.858	446
44.908	452
44.958	455
45.008	463
45.059	466
45.109	471
45.160	479
45.210	479
45.260	483
45.310	487
45.360	483
45.411	486
45.461	480
45.511	477
45.561	476
45.611	467
45.661	461
45.712	456
45.762	446
45.812	442
45.862	434
45.912	429
45.964	429
46.014	425
46.064	426
46.114	431
46.164	432
46.214	441
46.265	446
46.315	455
46.365	466
46.415	471
46.465	480
46.515	489
46.566	490
46.616	497
46.666	493
46.716	492
46.766	491
46.816	481
46.868	474
46.918	468
46.968	456
47.018	450
47.068	440
47.119	433
47.169	429
47.219	425
47.269	424
47.319	427
47.369	426
47.420	435
47.470	437
47.520	446
47.570	455
47.620	462
47.671	470
47.721	479
47.772	481
47.822	486
47.872	484
47.922	485
47.973	488
48.023	481
48.073	480
48.123	475
48.173	467
48.223	464
48.274	456
48.324	452
48.374	450
48.424	442
48.474	440
48.525	440
48.575	436
48.626	438
48.676	436
48.726	439
48.776	443
48.827	444
48.877	448
48.927	453
48.977	456
49.027	463
49.077	465
49.128	470
49.178	477
49.228	478
49.278	482
49.328	482
49.379	482
49.429	485
49.479	478
49.530	476
49.580	473
49.630	464
49.681	461
49.731	453
49.781	446
49.831	441
49.881	434
49.932	431
49.982	430
50.032	427
50.082	429
50.132	433
50.182	437
50.233	446
50.283	449
50.333	459
50.383	469
50.434	474
50.484	483
50.535	485
50.585	490
50.635	494
50.685	490
50.735	487
50.786	486
50.836	475
50.886	471
50.936	460
50.986	453
51.036	448
51.087	437
51.137	433
51.187	432
51.237	427
51.287	429
51.338	429
51.389	434
51.439	440
51.489	443
51.539	450
51.589	459
51.640	463
51.690	472
51.740	474
51.790	477
51.840	483
51.890	481
51.941	481
51.991	481
52.041	476
52.091	476
52.141	469
52.191	466
52.243	464
52.293	457
52.343	453
52.393	451
52.443	446
52.494	444
52.544	439
52.594	439
52.644	440
52.694	437
52.744	439
52.795	443
52.845	443
52.895	448
52.945	450
52.995	456
53.045	463
53.096	465
53.147	472
53.197	477
53.247	479
53.297	484
53.348	482
53.398	483
53.448	484
53.498	477
53.548	475
53.598	470
53.649	462
53.699	458
53.749	449
53.799	442
53.849	438
53.900	432
53.950	429
54.000	431
54.051	429
54.101	434
54.151	435
54.202	442
54.252	452
54.302	456
54.352	466
54.402	474
54.452	478
54.503	486
54.553	485
54.603	488
54.653	490
54.703	485
54.754	481
54.804	476
54.854	468
54.904	464
54.955	455
55.005	449
55.056	445
55.106	438
55.156	435
55.206	436
55.256	433
55.306	437
55.357	437
55.407	441
55.457	447
55.507	449
55.557	456
55.608	461
55.658	463
55.708	471
55.758	470
55.808	473
55.859	478
55.910	475
55.960	477
56.010	474
56.060	473
56.110	473
56.160	467
56.211	465
56.261	465
56.311	458
56.361	457
56.411	451
56.462	448
56.512	448
56.562	442
56.612	440
56.662	441
56.712	439
56.764	441
56.814	442
56.864	442
56.914	449
56.964	450
57.015	456
57.065	464
57.115	466
57.165	473
57.215	475
57.265	479
57.316	485
57.366	483
57.416	482
57.466	482
57.516	476
57.566	473
57.617	464
57.668	458
57.718	454
57.768	445
57.818	439
57.869	436
57.919	431
57.969	431
58.019	430
58.069	432
58.119	439
58.170	441
58.220	448
58.270	457
58.320	461
58.370	471
58.420	473
58.471	479
58.521	485
58.572	483
58.622	484
58.672	484
58.723	477
58.773	476
58.823	467
58.873	463
58.923	460
58.973	451
59.024	446
59.074	445
59.124	440
59.174	440
59.224	438
59.274	439
59.325	442
59.375	442
59.426	447
59.476	452
59.526	453
59.577	459
59.627	460
59.677	462
59.727	469
59.777	468
59.827	470
59.878	473
59.928	470
59.978	475
60.028	471
60.078	471
60.128	472
60.179	467
60.229	466
60.279	464
60.330	459
60.380	459
60.431	452
60.481	450
60.531	449
60.581	443
60.631	442
60.681	442
60.732	439
60.782	442
60.832	441
60.882	445
60.932	450
60.983	451
61.033	458
61.083	464
61.133	467
61.183	474
61.234	476
61.285	480
61.335	484
61.385	481
61.435	481
61.485	479
61.535	473
61.586	470
61.636	461
61.686	455
61.736	451
61.786	442
61.837	439
61.887	438
61.937	432
61.987	434
62.037	433
62.087	436
62.139	443
62.189	445
62.239	453
62.289	459
62.339	465
62.389	474
62.440	475
62.490	480
62.540	484
62.590	481
62.640	482
62.691	478
62.741	473
62.791	472
62.841	464
62.891	459
62.941	456
62.992	450
63.043	446
63.093	445
63.143	441
63.193	442
63.244	440
63.294	441
63.344	447
63.394	447
63.444	450
63.494	454
63.545	456
63.595	462
63.645	461
63.695	464
63.745	468
63.795	467
63.846	470
63.896	470
63.947	469
63.997	471
64.047	468
64.098	467
64.148	469
64.198	464
64.248	464
64.298	460
64.348	458
64.399	458
64.449	453
64.499	451
64.549	450
64.599	446
64.649	445
64.700	443
64.750	442
64.800	445
64.851	444
64.901	447
64.952	452
65.002	453
65.052	460
65.102	462
65.152	467
65.202	474
65.253	474
65.303	477
65.353	481
65.403	478
65.453	480
65.503	474
65.554	471
65.604	468
65.654	460
65.704	454
65.755	450
65.806	442
65.856	440
65.906	435
65.956	434
66.006	437
66.056	436
66.107	440
66.157	446
66.207	448
66.257	457
66.307	460
66.357	466
66.408	474
66.458	474
66.508	480
66.558	481
66.608	478
66.660	480
66.710	475
66.760	471
66.810	469
66.860	460
66.910	458
66.961	455
67.011	448
67.061	447
67.111	444
67.161	443
67.212	445
67.262	443
67.312	446
67.362	449
67.412	450
67.462	455
67.513	455
67.564	458
67.614	462
67.664	462
67.714	465
67.764	467
67.815	466
67.865	469
67.915	466
67.965	466
68.015	468
68.066	466
68.116	466
68.166	466
68.216	463
68.266	464
68.316	459
68.367	458
68.417	458
68.468	453
68.518	453
68.568	451
68.618	448
68.669	449
68.719	445
68.769	445
68.819	447
68.869	445
68.920	449
68.970	453
69.020	453
69.070	461
69.120	462
69.170	466
69.221	473
69.271	473
69.322	476
69.372	479
69.422	475
69.472	478
69.523	472
69.573	468
69.623	466
69.673	458
69.723	455
69.774	450
69.824	443
69.874	442
69.924	438
69.974	437
70.024	439
70.075	439
70.125	443
70.175	449
70.226	451
70.276	459
70.327	461
70.377	467
70.427	474
70.477	474
70.527	478
70.577	478
70.628	476
70.678	477
70.728	470
70.778	468
70.828	465
70.878	458
70.929	456
70.979	451
71.029	448
71.079	447
71.130	444
71.181	444
71.231	447
71.281	445
71.331	448
71.381	449
71.431	452
71.482	457
71.532	456
71.582	461
71.632	464
71.682	463
71.732	465
71.783	464
71.833	464
71.883	467
71.933	464
71.983	465
72.035	467
72.085	464
72.135	465
72.185	462
72.235	461
72.285	464
72.336	459
72.386	458
72.436	459
72.486	454
72.536	453
72.586	450
72.637	449
72.687	450
72.737	446
72.787	446
72.837	448
72.888	447
72.939	451
72.989	452
73.039	456
73.089	461
73.139	462
73.190	468
73.240	472
73.290	472
73.340	476
73.390	474
73.440	473
73.491	476
73.541	469
73.591	466
73.641	464
73.691	456
73.742	454
73.792	448
73.843	443
73.893	443
73.943	438
73.993	439
74.044	441
74.094	442
74.144	447
74.194	448
74.244	454
74.295	462
74.345	463
74.395	469
74.445	473
74.495	473
74.545	479
74.596	474
74.646	475
74.696	474
74.747	467
74.797	465
74.847	463
74.898	456
74.948	455
74.998	449
75.048	447
75.098	449
75.149	445
75.199	446
75.249	449
75.299	448
75.349	453
75.399	453
75.450	456
75.500	459
75.550	458
75.600	461
75.651	464
75.701	463
75.752	465
75.802	462
75.852	463
75.902	465
75.952	462
76.003	464
76.053	464
76.103	462
76.153	465
76.203	462
76.253	462
76.304	463
76.354	459
76.404	458
76.454	458
76.504	455
76.556	456
76.606	451
76.656	450
76.706	451
76.756	447
76.806	448
76.857	447
76.907	448
76.957	453
77.007	452
77.057	457
77.107	462
77.158	462
77.208	468
77.258	470
77.308	472
77.358	475
77.408	472
77.460	473
77.510	473
77.560	466
77.610	465
77.660	461
77.711	455
77.761	453
77.811	446
77.861	444
77.911	443
77.961	440
78.012	442
78.062	441
78.112	444
78.162	451
78.212	452
78.263	458
78.313	464
78.364	465
78.414	471
78.464	471
78.514	473
78.565	476
78.615	472
78.665	471
78.715	471
78.765	465
78.815	462
78.866	457
78.916	454
78.966	453
79.016	448
79.066	448
79.117	449
79.167	447
79.218	449
79.268	449
79.318	451
79.368	455
79.419	455
79.469	459
79.519	461
79.569	460
79.619	462
79.669	461
79.720	462
79.770	464
79.820	461
79.870	461
79.920	463
79.971	461
80.021	463
80.071	460
80.122	460
80.172	463
80.222	460
80.273	461
80.323	463
80.373	460
80.423	460
80.473	456
80.524	456
80.574	457
80.624	452
80.674	451
80.724	451
80.774	448
80.825	450
80.875	448
80.925	450
80.975	455
81.026	455
81.076	458
81.127	463
81.177	463
81.227	470
81.277	468
81.327	471
81.378	474
81.428	471
81.478	470
81.528	470
81.578	464
81.628	463
81.679	456
81.729	453
81.779	450
81.829	446
81.879	445
81.930	445
81.981	442
82.031	446
82.081	445
82.131	449
82.181	455
82.232	456
82.282	461
82.332	466
82.382	467
82.432	472
82.482	470
82.533	470
82.583	474
82.633	469
82.683	468
82.733	465
82.783	461
82.835	461
82.885	454
82.935	453
82.985	453
83.035	449
83.086	450
83.136	451
83.186	450
83.236	454
83.286	453
83.336	455
83.387	459
83.437	457
83.487	460
83.537	460
83.587	460
83.637	463
83.688	459
83.739	460
83.789	462
83.839	459
83.889	460
83.940	460
83.990	459
84.040	462
84.090	460
84.140	461
84.190	463
84.241	460
84.291	464
84.341	463
84.391	461
84.441	461
84.492	457
84.542	455
84.592	457
84.643	450
84.693	451
84.743	451
84.794	448
84.844	451
84.894	449
84.944	451
84.994	455
85.044	455
85.095	460
85.145	462
85.195	465
85.245	470
85.295	469
85.346	471
85.396	473
85.446	469
85.496	469
85.547	464
85.597	460
85.648	460
85.698	453
85.748	451
85.798	450
85.848	446
85.898	446
85.949	445
85.999	445
86.049	450
86.099	451
86.149	454
86.200	458
86.250	460
86.300	465
86.350	465
86.400	466
86.451	471
86.502	469
86.552	467
86.602	469
86.652	464
86.702	464
86.752	459
86.803	457
86.853	457
86.903	452
86.953	453
87.003	454
87.054	451
87.104	454
87.154	453
87.204	455
87.254	458
87.304	456
87.356	459
87.406	460
87.456	458
87.506	461
87.556	457
87.607	458
87.657	459
87.707	455
87.757	457
87.807	459
87.857	456
87.908	460
87.958	458
88.008	460
88.058	463
88.108	461
88.158	463
88.209	466
88.260	464
88.310	466
88.360	462
88.410	462
88.461	462
88.511	456
88.561	455
88.611	454
88.661	449
88.711	451
88.762	446
88.812	447
88.862	450
88.912	449
88.962	453
89.012	457
89.063	459
89.113	464
89.164	464
89.214	467
89.264	471
89.315	470
89.365	471
89.415	471
89.465	468
89.515	468
89.565	461
89.616	458
89.666	458
89.716	450
89.766	450
89.816	449
89.866	445
89.917	448
89.967	446
90.018	448
90.068	452
90.118	453
90.169	457
90.219	461
90.269	462
90.319	467
90.369	466
90.419	467
90.470	470
90.520	467
90.570	466
90.620	465
90.670	461
90.720	462
90.771	457
90.821	456
90.871	457
90.922	453
90.972	454
91.023	455
91.073	452
91.123	457
91.173	455
91.223	456
91.273	460
91.324	457
91.374	459
91.424	460
91.474	459
91.524	461
91.575	457
91.625	457
91.675	459
91.725	456
91.775	457
91.826	458
91.877	456
91.927	460
91.977	458
92.027	461
92.077	464
92.127	463
92.178	465
92.228	465
92.278	463
92.328	465
92.378	461
92.429	460
92.479	460
92.529	455
92.579	454
92.629	450
92.679	450
92.731	449
92.781	447
92.831	449
92.881	452
92.931	451
92.981	456
93.032	457
93.082	460
93.132	466
93.182	465
93.232	469
93.283	472
93.333	470
93.383	471
93.433	466
93.483	464
93.533	464
93.584	458
93.635	456
93.685	454
93.735	450
93.785	448
93.836	446
93.886	446
93.936	449
93.986	448
94.036	451
94.086	455
94.137	456
94.187	461
94.237	461
94.287	464
94.337	468
94.387	466
94.438	468
94.488	468
94.539	463
94.589	465
94.639	460
94.690	459
94.740	459
94.790	455
94.840	455
94.890	455
94.940	453
94.991	456
95.041	453
95.091	456
95.141	459
95.191	457
95.241	459
95.292	461
95.342	459
95.392	461
95.443	457
95.493	458
95.544	459
95.594	455
95.644	457
95.694	457
95.744	455
95.794	458
95.845	455
95.895	457
95.945	461
95.995	460
96.045	463
96.095	465
96.146	463
96.196	467
96.246	463
96.296	464
96.347	465
96.398	461
96.448	460
96.498	458
96.548	454
96.598	453
96.648	448
96.699	448
96.749	450
96.799	448
96.849	450
96.899	452
96.949	454
97.000	459
97.050	459
97.100	463
97.150	468
97.200	466
97.252	469
97.302	470
97.352	468
97.402	469
97.452	464
97.502	463
97.553	462
97.603	455
97.653	455
97.703	452
97.753	448
97.804	450
97.854	448
97.904	448
97.954	451
98.004	451
98.054	455
98.105	458
98.156	459
98.206	463
98.256	463
98.306	465
98.356	468
98.407	465
98.457	466
98.507	463
98.557	461
98.607	463
98.658	458
98.708	457
98.758	457
98.808	453
98.858	455
98.908	453
98.959	455
99.009	458
99.060	455
99.110	457
99.160	461
99.210	459
99.261	462
99.311	461
99.361	460
99.411	462
99.461	458
99.512	457
99.562	457
99.612	455
99.662	456
99.712	454
99.762	454
99.813	457
99.863	454
99.914	458
99.964	461
100.014	459
100.064	464
100.115	462
100.165	464
100.215	467
100.265	466
100.315	464
100.366	464
100.416	459
100.466	460
100.516	454
100.566	453
100.616	453
100.667	450
100.717	448
100.767	450
100.818	448
100.868	452
100.919	452
100.969	455
101.019	460
101.069	460
101.119	464
101.169	468
101.220	467
101.270	470
101.320	467
101.370	467
101.420	468
101.470	463
101.521	460
101.571	459
101.621	454
101.671	454
101.722	449
101.773	448
101.823	450
101.873	448
101.923	451
101.973	454
102.023	454
102.074	458
102.124	458
102.174	460
102.224	465
102.274	463
102.324	465
102.375	466
102.425	463
102.475	465
102.525	461
102.575	460
102.627	460
102.677	455
102.727	456
102.777	457
102.827	454
102.877	457
102.928	455
102.978	456
103.028	460
103.078	458
103.128	460
103.178	462
103.229	460
103.279	463
103.329	460
103.379	459
103.429	461
103.480	456
103.531	456
103.581	456
103.631	453
103.681	456
103.731	452
103.782	454
103.832	458
103.882	457
103.932	460
103.982	462
104.032	462
104.083	467
104.133	465
104.183	467
104.233	467
104.283	463
104.334	464
104.384	462
104.435	458
104.485	458
104.535	453
104.585	451
104.636	451
104.686	449
104.736	449
104.786	450
104.836	450
104.887	454
104.937	455
104.987	458
105.037	463
105.087	463
105.137	466
105.188	468
105.238	467
105.288	470
105.339	465
105.389	465
105.439	465
105.490	459
105.540	457
105.590	455
105.640	451
105.690	453
105.741	450
105.791	450
105.841	452
105.891	451
105.941	454
105.991	455
106.042	456
106.092	462
106.142	460
106.192	463
106.243	466
106.293	463
106.344	464
106.394	462
106.444	461
106.494	461
106.544	458
106.595	456
106.645	458
106.695	454
106.745	457
106.795	454
106.845	455
106.896	459
106.946	458
106.996	459
107.046	462
107.096	460
107.148	463
107.198	460
107.248	460
107.298	462
107.348	457
107.398	457
107.449	457
107.499	452
107.549	454
107.599	451
107.649	451
107.699	454
107.750	453
107.800	456
107.850	459
107.900	460
107.950	464
108.000	463
108.052	465
108.102	468
108.152	465
108.202	465
108.252	465
108.303	462
108.353	462
108.403	456
108.453	454
108.503	454
108.553	450
108.604	449
108.654	450
108.704	449
108.754	452
108.804	451
108.855	454
108.905	459
108.956	460
109.006	462
109.056	466
109.106	465
109.157	469
109.207	467
109.257	465
109.307	467
109.357	463
109.407	461
109.458	461
109.508	455
109.558	456
109.608	451
109.658	450
109.709	453
109.759	451
109.810	452
109.860	455
109.910	455
109.960	460
110.011	458
110.061	460
110.111	464
110.161	462
110.211	463
110.261	464
110.312	461
110.362	463
110.412	458
110.462	456
110.512	458
110.563	454
110.613	455
110.663	456
110.714	455
110.764	458
110.814	456
110.865	458
110.915	462
110.965	461
111.015	462
111.065	466
111.116	462
111.166	463
111.216	460
111.266	460
111.316	459
111.366	454
111.417	455
111.467	454
111.517	450
111.567	453
111.618	450
111.668	452
111.719	456
111.769	456
111.819	459
111.869	462
111.919	463
111.970	468
112.020	465
112.070	467
112.120	469
112.170	464
112.220	465
112.271	462
112.321	459
112.371	458
112.421	453
112.471	452
112.522	452
112.573	448
112.623	450
112.673	451
112.723	451
112.773	455
112.824	454
112.874	458
112.924	463
112.974	461
113.024	466
113.074	465
113.125	467
113.175	469
113.225	466
113.275	464
113.325	463
113.375	458
113.427	459
113.477	454
113.527	452
113.577	454
113.627	450
113.678	450
113.728	454
113.778	453
113.828	456
113.878	456
113.928	458
113.979	463
114.029	461
114.079	463
114.129	465
114.179	461
114.229	464
114.280	461
114.331	459
114.381	460
114.431	455
114.481	455
114.532	456
114.582	453
114.632	455
114.682	454
114.732	456
114.782	459
114.833	458
114.883	460
114.933	463
114.983	461
115.033	465
115.084	462
115.134	462
115.184	463
115.235	459
115.285	458
115.335	457
115.386	453
115.436	454
115.486	451
115.536	450
115.586	452
115.636	451
115.687	453
115.737	457
115.787	457
115.837	463
115.887	461
115.938	463
115.988	468
116.038	467
116.088	467
116.139	469
116.189	465
116.240	464
116.290	461
116.340	458
116.390	457
116.440	452
116.490	451
116.541	450
116.591	447
116.641	451
116.691	448
116.741	451
116.792	456
116.842	455
116.892	460
116.942	463
116.992	463
117.043	468
117.094	465
117.144	466
117.194	469
117.244	464
117.294	464
117.344	463
117.395	458
117.445	458
117.495	454
117.545	452
117.595	453
117.646	450
117.696	451
117.746	453
117.796	452
117.846	457
117.896	456
117.948	458
117.998	463
118.048	461
118.098	463
118.148	464
118.199	463
118.249	464
118.299	460
118.349	458
118.399	461
118.449	456
118.500	456
118.550	455
118.600	453
118.650	457
118.700	455
118.750	455
118.801	460
118.852	458
118.902	461
118.952	462
119.002	462
119.053	464
119.103	462
119.153	462
119.203	463
119.253	458
119.303	458
119.354	455
119.404	453
119.454	454
119.504	450
119.554	451
119.604	454
119.655	451
119.705	455
119.756	457
119.806	458
119.856	463
119.907	462
119.957	465
120.007	468
120.057	467
120.107	468
120.157	464
120.208	464
120.258	464
120.308	458
120.358	457
120.408	456
120.458	451
120.509	451
120.559	448
120.610	448
120.660	451
120.710	449
120.761	453
120.811	457
120.861	458
120.911	462
120.961	461
121.011	463
121.062	468
121.112	466
121.162	466
121.212	467
121.262	463
121.312	463
121.363	458
121.413	456
121.463	457
121.514	452
121.564	452
121.615	453
121.665	451
121.715	453
121.765	453
121.815	455
121.865	459
121.916	459
121.966	461
122.016	463
122.066	462
122.116	465
122.167	462
122.217	462
122.267	463
122.317	458
122.367	457
122.418	458
122.469	454
122.519	456
122.569	454
122.619	453
122.669	458
122.719	455
122.770	458
122.820	461
122.870	460
122.920	464
122.970	462
123.021	463
123.071	465
123.121	461
123.171	461
123.221	460
123.271	455
123.323	458
123.373	452
123.423	452
123.473	453
123.523	450
123.573	451
123.624	454
123.674	453
123.724	458
123.774	458
123.824	460
123.875	465
123.925	465
123.975	467
124.025	469
124.075	466
124.125	469
124.176	463
124.227	460
124.277	462
124.327	456
124.377	454
124.428	454
124.478	450
124.528	451
124.578	448
124.628	450
124.678	453
124.729	452
124.779	456
124.829	460
124.879	460
124.929	465
124.979	463
125.030	464
125.080	468
125.131	464
125.181	466
125.231	464
125.282	461
125.332	462
125.382	456
125.432	455
125.482	455
125.532	453
125.583	453
125.633	454
125.683	453
125.733	457
125.783	455
125.833	458
125.884	462
125.934	460
125.984	462
126.035	463
126.085	462
126.136	464
126.186	460
126.236	458
126.286	459
126.336	456
126.386	456
126.437	455
126.487	453
126.537	457
126.587	454
126.637	456
126.687	459
126.738	458
126.788	462
126.838	460
126.888	463
126.939	467
126.990	464
127.040	463
127.090	465
127.140	459
127.190	460
127.240	455
127.291	454
127.341	454
127.391	451
127.441	450
127.491	451
127.541	450
127.592	453
127.642	453
127.692	457
127.742	462
127.792	461
127.844	464
127.894	468
127.944	466
127.994	470
128.044	467
128.094	467
128.145	467
128.195	462
128.245	461
128.295	460
128.345	454
128.396	454
128.446	449
128.496	448
128.546	451
128.596	448
128.646	451
128.697	455
128.748	455
128.798	459
128.848	459
128.898	462
128.948	466
128.999	466
129.049	466
129.099	468
129.149	464
129.199	466
129.250	461
129.300	458
129.350	459
129.400	455
129.450	455
129.500	456
129.551	453
129.601	456
129.652	452
129.702	455
129.752	459
129.802	457
129.853	460
129.903	462
129.953	460
130.003	464
130.053	461
130.104	461
130.154	462
130.204	459
130.254	458
130.304	458
130.354	455
130.405	456
130.455	453
130.506	454
130.556	457
130.606	455
130.656	458
130.707	462
130.757	460
130.807	465
130.857	463
130.907	464
130.958	467
131.008	463
131.058	464
131.108	464
131.158	459
131.208	459
131.259	454
131.309	452
131.359	453
131.410	449
131.460	450
131.511	452
131.561	451
131.611	456
131.661	455
131.711	458
131.761	463
131.812	462
131.862	465
131.912	469
131.962	466
132.012	469
132.062	467
132.113	464
132.163	464
132.213	459
132.263	458
132.314	459
132.365	451
132.415	453
132.465	449
132.515	449
132.565	452
132.615	450
132.666	453
132.716	457
132.766	456
132.816	462
132.866	460
132.916	464
132.967	468
133.017	464
133.067	466
133.117	465
133.167	462
133.219	464
133.269	459
133.319	456
133.369	457
133.419	453
133.469	453
133.520	453
133.570	452
133.620	455
133.670	454
133.720	456
133.770	460
133.821	458
133.871	462
133.921	461
133.971	461
134.021	464
134.072	461
134.123	460
134.173	461
134.223	457
134.273	457
134.323	454
134.374	453
134.424	455
134.474	453
134.524	453
134.574	457
134.624	455
134.675	460
134.725	460
134.775	461
134.825	465
134.875	464
134.926	465
134.976	466
135.027	463
135.077	463
135.127	459
135.177	457
135.228	457
135.278	453
135.328	451
135.378	453
135.428	450
135.479	450
135.529	451
135.579	452
135.629	457
135.679	456
135.729	460
135.780	464
135.830	464
135.880	467
135.931	465
135.981	465
136.031	468
136.082	464
136.132	463
136.182	462
136.232	456
136.282	457
136.333	452
136.383	451
136.433	452
136.483	447
136.533	450
136.583	452
136.634	453
136.684	457
136.734	457
136.784	458
136.835	464
136.885	463
136.936	465
136.986	467
137.036	464
137.086	466
137.136	462
137.187	460
137.237	461
137.287	455
137.337	456
137.387	455
137.437	451
137.488	454
137.538	452
137.588	452
137.638	456
137.688	456
137.740	458
137.790	462
137.840	460
137.890	464
137.940	462
137.990	463
138.041	465
138.091	460
138.141	461
138.191	460
138.241	455
138.291	458
138.342	453
138.392	453
138.442	455
138.492	453
138.542	455
138.592	460
138.644	457
138.694	462
138.744	460
138.794	462
138.844	466
138.895	464
138.945	465
138.995	465
139.045	462
139.095	463
139.145	458
139.196	456
139.246	456
139.296	452
139.346	452
139.396	452
139.447	449
139.497	453
139.548	452
139.598	454
139.648	460
139.698	459
139.749	463
139.799	465
139.849	465
139.899	469
139.949	465
139.999	465
140.050	466
140.100	461
140.150	460
140.200	459
140.250	455
140.301	456
140.351	451
140.402	450
140.452	452
140.502	450
140.552	452
140.603	455
140.653	454
140.703	460
140.753	459
140.803	462
140.853	466
140.904	464
140.954	466
141.004	463
141.054	463
141.104	464
141.155	459
141.205	458
141.255	458
141.306	454
141.356	455
141.406	453
141.457	452
141.507	455
141.557	454
141.607	455
141.657	459
141.708	458
141.758	461
141.808	461
141.858	462
141.908	465
141.958	462
142.009	462
142.059	462
142.109	459
142.159	459
142.210	455
142.260	454
142.311	455
142.361	452
142.411	452
142.461	455
142.511	454
142.562	457
142.612	457
142.662	459
142.712	464
142.762	462
142.812	464
142.863	467
142.913	463
142.963	464
143.013	461
143.063	460
143.114	460
143.165	454
143.215	454
143.265	454
143.315	449
143.365	452
143.416	450
143.466	451
143.516	456
143.566	454
143.616	458
143.666	463
143.717	462
143.767	467
143.817	465
143.867	466
143.917	468
143.967	464
144.019	464
144.069	463
144.119	457
144.169	458
144.219	454
144.270	453
144.320	453
144.370	449
144.420	450
144.470	453
144.520	452
144.571	456
144.621	455
144.671	458
144.721	462
144.771	462
144.821	464
144.872	466
144.923	464
144.973	466
145.023	462
145.073	460
145.124	462
145.174	457
145.224	456
145.274	456
145.324	453
145.374	455
145.425	453
145.475	453
145.525	457
145.575	456
145.625	458
145.676	461
145.726	461
145.776	464
145.827	462
145.877	463
145.927	464
145.978	460
146.028	460
146.078	459
146.128	455
146.178	456
146.228	453
146.279	453
146.329	455
146.379	452
146.429	455
146.479	457
146.530	457
146.580	461
146.630	460
146.680	462
146.731	466
146.781	465
146.832	466
146.882	465
146.932	463
146.982	464
147.032	458
147.082	457
147.133	456
147.183	452
147.233	452
147.283	451
147.333	450
147.384	453
147.434	450
147.484	454
147.534	457
147.584	459
147.635	462
147.686	463
147.736	463
147.786	468
147.836	464
147.886	465
147.936	467
147.987	462
148.037	462
148.087	457
148.137	455
148.187	456
148.238	451
148.288	451
148.338	453
148.388	451
148.438	452
148.488	452
148.540	455
148.590	459
148.640	459
148.690	460
148.740	465
148.791	462
148.841	465
148.891	463
148.941	462
148.991	463
149.041	459
149.092	457
149.142	458
149.192	453
149.242	456
149.292	452
149.342	452
149.393	456
149.444	454
149.494	455
149.544	459
149.594	457
149.645	462
149.695	461
149.745	462
149.795	464
149.845	461
149.895	462
149.946	461
149.996	458
150.046	459
150.096	455
150.146	454
150.196	455
150.247	451
150.297	452
150.348	454
150.398	453
150.448	457
150.499	456
150.549	458
150.599	464
150.649	462
150.699	464
150.749	466
150.800	464
150.850	466
150.900	462
150.950	461
151.000	460
151.050	455
151.101	455
151.151	454
151.202	451
151.252	452
151.302	450
151.353	451
151.403	455
151.453	454
151.503	458
151.553	462
151.603	461
151.654	465
151.704	464
151.754	465
151.804	467
151.854	463
151.904	463
151.955	463
152.005	458
152.055	459
152.106	454
152.156	452
152.207	454
152.257	449
152.307	452
152.357	454
152.407	453
152.457	457
152.508	457
152.558	459
152.608	463
152.658	461
152.708	464
152.759	467
152.809	462
152.859	465
152.909	460
152.959	459
153.010	460
153.061	455
153.111	455
153.161	458
153.211	452
153.261	455
153.311	454
153.362	454
153.412	458
153.462	457
153.512	460
153.562	462
153.613	460
153.663	464
153.713	462
153.763	463
153.813	464
153.863	460
153.915	459
153.965	459
154.015	456
154.065	456
154.115	451
154.165	452
154.216	454
154.266	451
154.316	455
154.366	456
154.416	457
154.467	461
154.517	459
154.567	463
154.617	466
154.667	463
154.717	466
154.768	465
154.819	462
154.869	463
154.919	458
154.969	456
155.020	457
155.070	452
155.120	452
155.170	450
155.220	451
155.270	453
155.321	452
155.371	454
155.421	459
155.471	458
155.521	462
155.571	461
155.622	463
155.672	467
155.723	464
155.773	464
155.823	466
155.874	461
155.924	461
155.974	457
156.024	454
156.074	456
156.124	451
156.175	452
156.225	453
156.275	451
156.325	453
156.375	454
156.425	457
156.476	461
156.526	459
156.576	462
156.627	465
156.677	463
156.728	465
156.778	462
156.828	461
156.878	463
156.928	457
156.978	457
157.029	456
157.079	453
157.129	454
157.179	452
157.229	452
157.279	456
157.330	454
157.380	457
157.430	461
157.480	459
157.531	464
157.582	463
157.632	464
157.682	466
157.732	463
157.782	462
157.832	462
157.883	458
157.933	458
157.983	454
158.033	453
158.083	454
158.133	450
158.184	452
158.234	454
158.284	453
158.334	457
158.384	455
158.436	460
158.486	464
158.536	463
158.586	465
158.636	467
158.686	464
158.737	467
158.787	462
158.837	461
158.887	460
158.937	455
158.988	454
159.038	454
159.088	450
159.138	453
159.188	450
159.238	451
159.289	455
159.340	454
159.390	457
159.440	461
159.490	461
159.540	465
159.591	464
159.641	464
159.691	467
159.741	462
159.791	462
159.842	461
159.892	459
159.942	459
159.992	454
160.042	452
160.092	454
160.143	451
160.193	453
160.244	454
160.294	453
160.344	458
160.394	457
160.445	460
160.495	464
160.545	461
160.595	464
160.645	464
160.696	462
160.746	464
160.796	459
160.846	458
160.896	459
160.946	454
160.997	455
161.047	454
161.098	452
161.148	456
161.198	453
161.248	455
161.299	459
161.349	458
161.399	461
161.449	462
161.499	462
161.550	465
161.600	463
161.650	462
161.700	464
161.750	459
161.800	460
161.851	457
161.901	454
161.951	455
162.002	451
162.052	452
162.103	454
162.153	452
162.203	454
162.253	455
162.303	456
162.353	462
162.404	460
162.454	463
162.504	466
162.554	463
162.604	466
162.654	463
162.705	462
162.755	462
162.805	457
162.855	456
162.906	456
162.957	452
163.007	452
163.057	450
163.107	450
163.157	454
163.207	452
163.258	456
163.308	459
163.358	458
163.408	463
163.458	462
163.508	463
163.559	466
163.609	463
163.659	463
163.709	463
163.759	459
163.811	458
163.861	454
163.911	454
163.961	455
164.011	452
164.061	453
164.112	455
164.162	453
164.212	456
164.262	456
164.312	459
164.362	463
164.413	461
164.463	463
164.513	466
164.563	463
164.613	464
164.664	460
164.715	460
164.765	460
164.815	455
164.865	454
164.915	455
164.966	451
165.016	454
165.066	451
165.116	453
165.166	457
165.216	456
165.267	459
165.317	462
165.367	462
165.417	465
165.467	463
165.518	464
165.568	466
165.619	461
165.669	461
165.719	461
165.769	457
165.820	457
165.870	452
165.920	452
165.970	453
166.020	450
166.071	452
166.121	454
166.171	454
166.221	459
166.271	458
166.321	461
166.372	465
166.422	463
166.472	465
166.523	466
166.573	464
166.623	465
166.674	460
166.724	459
166.774	459
166.824	455
166.874	453
166.925	453
166.975	450
167.025	453
167.075	451
167.125	453
167.175	456
167.226	456
167.276	459
167.326	461
167.376	461
167.427	465
167.477	463
167.528	464
167.578	465
167.628	462
167.678	461
167.728	459
167.779	455
167.829	457
167.879	453
167.929	453
167.979	454
168.029	452
168.080	454
168.130	455
168.180	456
168.230	460
168.280	459
168.332	462
168.382	465
168.432	462
168.482	464
168.532	463
168.582	462
168.633	462
168.683	457
168.733	456
168.783	456
168.833	452
168.883	453
168.934	451
168.984	451
169.034	455
169.084	453
169.134	456
169.184	460
169.236	460
169.286	463
169.336	462
169.386	463
169.436	467
169.487	464
169.537	462
169.587	464
169.637	459
169.687	459
169.737	455
169.788	453
169.838	454
169.888	450
169.938	451
169.988	453
170.039	451
170.089	455
170.140	455
170.190	457
170.240	462
170.290	462
170.341	463
170.391	467
170.441	464
170.491	465
170.541	463
170.591	461
170.642	462
170.692	457
170.742	455
170.792	456
170.842	452
170.893	453
170.943	451
170.994	451
171.044	455
171.094	454
171.144	456
171.195	460
171.245	459
171.295	464
171.345	462
171.395	463
171.445	466
171.496	461
171.546	462
171.596	462
171.646	458
171.696	458
171.747	454
171.797	452
171.847	455
171.898	452
171.948	453
171.998	455
172.049	454
172.099	458
172.149	458
172.199	460
172.249	464
172.300	463
172.350	465
172.400	466
172.450	462
172.500	463
172.550	459
172.601	457
172.651	459
172.701	454
172.751	453
172.802	454
172.852	450
172.903	454
172.953	451
173.003	453
173.053	458
173.103	458
173.154	461
173.204	463
173.254	462
173.304	467
173.354	463
173.404	464
173.455	466
173.505	461
173.555	460
173.605	461
173.655	456
173.706	456
173.757	451
173.807	450
173.857	453
173.907	450
173.957	453
174.008	455
174.058	455
174.108	460
174.158	459
174.208	461
174.258	466
174.309	463
174.359	465
174.409	464
174.459	462
174.509	463
174.559	459
174.611	458
174.661	458
174.711	453
174.761	453
174.811	453
174.862	451
174.912	454
174.962	452
175.012	455
175.062	459
175.112	458
175.163	462
175.213	462
175.263	463
175.313	466
175.363	462
175.413	463
175.464	464
175.515	459
175.565	459
175.615	455
175.665	454
175.716	455
175.766	452
175.816	452
175.866	455
175.916	453
175.966	456
176.017	456
176.067	458
176.117	463
176.167	461
176.217	463
176.268	465
176.318	463
176.368	465
176.419	462
176.469	460
176.519	462
176.570	456
176.620	454
176.670	455
176.720	452
176.770	452
176.820	451
176.871	451
176.921	455
176.971	454
177.021	457
177.071	461
177.122	461
177.172	464
177.222	464
177.272	464
177.323	467
177.373	463
177.424	463
177.474	462
177.524	457
177.574	458
177.624	454
177.674	452
177.725	454
177.775	450
177.825	452
177.875	454
177.925	452
177.976	457
178.026	456
178.076	459
178.126	463
178.176	461
178.227	464
178.278	465
178.328	463
178.378	464
178.428	461
178.478	459
178.528	460
178.579	455
178.629	455
178.679	455
178.729	451
178.779	454
178.830	452
178.880	454
178.930	457
178.980	458
179.030	460
179.080	463
179.132	461
179.182	466
179.232	462
179.282	463
179.332	465
179.383	461
179.433	461
179.483	459
179.533	456
179.583	456
179.633	452
179.684	452
179.734	453
179.784	451
179.834	452
179.884	456
179.934	455
179.985	460
180.036	459
180.086	462
180.136	466
180.186	463
180.237	465
180.287	466
180.337	462
180.387	464
180.437	458
180.487	457
180.538	458
180.588	453
180.638	453
180.688	452
180.738	451
180.788	453
180.839	452
180.889	453
180.940	459
180.990	457
181.040	461
181.091	463
181.141	463
181.191	466
181.241	464
181.291	464
181.341	465
181.392	461
181.442	461
181.492	459
181.542	455
181.592	456
181.642	452
181.693	452
181.743	454
181.794	451
181.844	453
181.894	455
181.945	456
181.995	461
182.045	459
182.095	462
182.145	465
182.195	462
182.246	465
182.296	463
182.346	461
182.396	462
182.446	458
182.496	456
182.547	457
182.597	452
182.647	454
182.698	453
182.748	451
182.799	455
182.849	453
182.899	455
182.949	460
182.999	459
183.049	462
183.100	463
183.150	463
183.200	465
183.250	464
183.300	463
183.351	464
183.401	459
183.451	459
183.501	455
183.551	453
183.602	454
183.653	450
183.703	451
183.753	453
183.803	452
183.853	454
183.903	454
183.954	458
184.004	463
184.054	461
184.104	464
184.154	466
184.205	464
184.255	466
184.305	463
184.355	460
184.405	462
184.455	458
184.507	456
184.557	455
184.607	451
184.657	452
184.707	451
184.757	451
184.808	455
184.858	453
184.908	456
184.958	460
185.008	459
185.059	464
185.109	462
185.159	464
185.209	467
185.259	463
185.309	463
185.360	462
185.411	458
185.461	460
185.511	455
185.561	453
185.612	455
185.662	452
185.712	452
185.762	455
185.812	453
185.862	457
185.913	456
185.963	458
186.013	463
186.063	462
186.113	464
186.163	466
186.214	463
186.264	464
186.315	462
186.365	459
186.415	460
186.466	455
186.516	455
186.566	455
186.616	451
186.666	454
186.716	451
186.767	453
186.817	457
186.867	454
186.917	459
186.967	462
187.017	461
187.068	465
187.118	463
187.168	464
187.219	466
187.269	462
187.320	461
187.370	461
187.420	457
187.470	456
187.520	453
187.570	451
187.621	453
187.671	451
187.721	452
187.771	454
187.821	454
187.871	459
187.922	458
187.972	461
188.022	465
188.072	463
188.123	466
188.174	467
188.224	463
188.274	465
188.324	461
188.374	459
188.424	459
188.475	454
188.525	454
188.575	453
188.625	450
188.675	452
188.725	450
188.776	452
188.826	456
188.876	455
188.926	459
188.976	461
189.028	462
189.078	466
189.128	464
189.178	465
189.228	467
189.278	463
189.329	464
189.379	459
189.429	457
189.479	458
189.529	453
189.580	452
189.630	453
189.680	450
189.730	452
189.780	451
189.830	454
189.881	458
189.932	457
189.982	460
190.032	465
190.082	463
190.132	465
190.183	464
190.233	463
190.283	465
190.333	461
190.383	460
190.434	459
190.484	455
190.534	455
190.584	452
190.634	452
190.684	454
190.735	452
190.785	454
190.836	457
190.886	456
190.936	460
190.986	460
191.037	462
191.087	466
191.137	463
191.187	464
191.237	465
191.288	461
191.338	462
191.388	457
191.438	456
191.488	456
191.538	452
191.589	452
191.639	453
191.690	450
191.740	454
191.790	452
191.840	455
191.891	460
191.941	459
191.991	462
192.041	465
192.091	464
192.142	466
192.192	464
192.242	463
192.292	464
192.342	459
192.392	459
192.443	458
192.493	454
192.543	454
192.594	450
192.644	451
192.695	453
192.745	451
192.795	454
192.845	457
192.895	457
192.945	461
192.996	461
193.046	462
193.096	466
193.146	463
193.196	464
193.246	465
193.297	461
193.347	462
193.397	457
193.447	456
193.498	456
193.549	452
193.599	452
193.649	454
193.699	451
193.749	455
193.799	453
193.850	456
193.900	460
193.950	459
194.000	462
194.050	465
194.100	463
194.151	466
194.201	463
194.251	462
194.301	463
194.351	458
194.403	457
194.453	456
194.503	452
194.553	455
194.603	451
194.653	452
194.704	454
194.754	452
194.804	457
194.854	461
194.904	459
194.954	463
195.005	463
195.055	463
195.105	466
195.155	463
195.205	464
195.256	463
195.307	459
195.357	460
195.407	456
195.457	453
195.507	455
195.558	450
195.608	452
195.658	453
195.708	452
195.758	456
195.808	455
195.859	457
195.909	462
195.959	461
196.009	464
196.059	465
196.110	465
196.160	467
196.211	463
196.261	461
196.311	462
196.361	458
196.412	456
196.462	454
196.512	451
196.562	453
196.612	450
196.663	452
196.713	454
196.763	453
196.813	456
196.863	457
196.913	460
196.964	464
197.014	462
197.064	464
197.115	467
197.165	462
197.215	464
197.266	462
197.316	459
197.366	460
197.416	455
197.466	454
197.517	454
197.567	451
197.617	453
197.667	451
197.717	453
197.767	457
197.818	456
197.868	459
197.918	462
197.968	461
198.019	465
198.069	463
198.120	463
198.170	465
198.220	461
198.270	461
198.320	462
198.371	456
198.421	457
198.471	452
198.521	451
198.571	454
198.621	451
198.672	453
198.722	455
198.772	455
198.822	460
198.872	458
198.924	461
198.974	465
199.024	463
199.074	465
199.124	467
199.174	462
199.225	464
199.275	458
199.325	457
199.375	457
199.425	453
199.475	452
199.526	453
199.576	450
199.626	452
199.676	451
199.726	452
199.776	458
199.828	457
199.878	460
199.928	464
199.978	463
200.028	467
200.079	464
200.129	465
200.179	466
200.229	462
200.279	461
200.329	460
200.380	456
200.430	456
200.480	452
200.530	450
200.580	452
200.631	450
200.681	452
200.732	455
200.782	455
200.832	459
200.882	458
200.933	462
200.983	466
201.033	463
201.083	465
201.133	467
201.183	463
201.234	464
201.284	460
201.334	458
201.384	458
201.434	453
201.485	454
201.535	453
201.586	452
201.636	454
201.686	453
201.736	453
201.787	458
201.837	458
201.887	460
201.937	463
201.987	462
202.037	467
202.088	463
202.138	464
202.188	465
202.238	460
202.288	460
202.339	458
202.389	455
202.439	456
202.490	451
202.540	450
202.590	454
202.641	452
202.691	454
202.741	455
202.791	456
202.841	461
202.892	459
202.942	462
202.992	466
203.042	464
203.092	466
203.142	464
203.193	462
203.243	463
203.293	458
203.343	457
203.394	457
203.444	452
