#Creator: pendulumdriveEventBuffer
#Creation time: Tue Mar 21 16:00:21 2017
#Time	Pos
#[s]	[au]
0.050	369
0.100	344
0.151	325
0.201	313
0.251	312
0.301	315
0.351	329
0.401	346
0.452	371
0.502	402
0.552	434
0.602	468
0.652	500
0.703	528
0.753	554
0.803	572
0.854	587
0.904	592
0.954	594
1.005	590
1.055	571
1.105	549
1.155	525
1.205	495
1.255	464
1.306	433
1.356	402
1.406	375
1.456	352
1.506	335
1.557	330
1.607	320
1.657	321
1.707	333
1.758	351
1.808	374
1.859	402
1.909	435
1.959	468
2.009	498
2.059	530
2.109	552
2.160	571
2.210	590
2.260	591
2.310	589
2.360	578
2.411	564
2.461	542
2.511	512
2.561	483
2.612	453
2.662	421
2.713	393
2.763	373
2.813	351
2.863	337
2.913	332
2.964	331
3.014	338
3.064	352
3.114	370
3.164	395
3.214	418
3.265	448
3.315	473
3.365	500
3.415	528
3.465	544
3.516	560
3.567	570
3.617	572
3.667	575
3.717	564
3.767	549
3.818	533
3.868	505
3.918	480
3.968	451
4.018	424
4.068	397
4.119	376
4.169	357
4.219	346
4.269	339
4.319	338
4.369	346
4.421	358
4.471	377
4.521	401
4.571	427
4.621	458
4.672	482
4.722	509
4.772	531
4.822	548
4.872	563
4.922	566
4.973	568
5.023	564
5.073	548
5.123	532
5.173	510
5.223	485
5.274	462
5.325	435
5.375	413
5.425	393
5.475	375
5.526	363
5.576	356
5.626	355
5.676	357
5.726	368
5.776	380
5.827	397
5.877	418
5.927	440
5.977	463
6.027	485
6.077	509
6.128	526
6.178	540
6.229	552
6.279	553
6.329	556
6.380	547
6.430	537
6.480	523
6.530	501
6.580	478
6.630	457
6.681	430
6.731	407
6.781	387
6.831	372
6.881	362
6.932	358
6.982	357
7.032	365
7.082	375
7.133	392
7.183	412
7.234	434
7.284	459
7.334	480
7.384	501
7.434	522
7.484	534
7.535	544
7.585	548
7.635	548
7.685	545
7.735	531
7.786	517
7.836	504
7.886	480
7.936	461
7.986	440
8.037	420
8.088	403
8.138	388
8.188	378
8.238	376
8.288	368
8.338	370
8.389	377
8.439	389
8.489	404
8.539	422
8.589	441
8.640	464
8.690	482
8.740	503
8.790	519
8.840	534
8.890	547
8.942	546
8.992	547
9.042	540
9.092	529
9.142	515
9.192	494
9.243	472
9.293	453
9.343	429
9.393	408
9.443	394
9.494	378
9.544	369
9.594	366
9.644	367
9.694	374
9.744	385
9.795	401
9.846	421
9.896	439
9.946	460
9.996	480
10.047	499
10.097	517
10.147	527
10.197	535
10.247	540
10.297	539
10.348	537
10.398	527
10.448	514
10.498	501
10.548	481
10.598	462
10.649	444
10.699	425
10.750	408
10.800	393
10.850	383
10.901	376
10.951	373
11.001	374
11.051	379
11.101	391
11.151	404
11.202	421
11.252	442
11.302	464
11.352	482
11.402	501
11.452	518
11.503	531
11.553	542
11.603	544
11.654	545
11.704	541
11.755	527
11.805	512
11.855	495
11.905	474
11.955	453
12.005	431
12.056	412
12.106	398
12.156	384
12.206	376
12.256	372
12.306	373
12.357	378
12.407	388
12.457	402
12.507	420
12.558	437
12.609	455
12.659	473
12.709	490
12.759	509
12.809	519
12.859	529
12.910	538
12.960	536
13.010	534
13.060	527
13.110	516
13.160	506
13.211	486
13.261	469
13.311	454
13.361	433
13.411	415
13.463	401
13.513	388
13.563	380
13.613	375
13.663	375
13.713	381
13.764	389
13.814	402
13.864	418
13.914	436
13.964	459
14.015	476
14.065	496
14.115	515
14.165	524
14.215	535
14.265	539
14.316	539
14.367	537
14.417	523
14.467	511
14.517	496
14.567	476
14.618	457
14.668	438
14.718	421
14.768	407
14.818	395
14.869	386
14.919	386
14.969	381
15.019	386
15.069	393
15.119	402
15.170	416
15.220	431
15.271	447
15.321	466
15.371	480
15.421	496
15.472	508
15.522	519
15.572	529
15.622	530
15.672	529
15.723	523
15.773	517
15.823	507
15.873	491
15.923	476
15.973	460
16.024	439
16.074	423
16.125	409
16.175	394
16.225	385
16.276	381
16.326	378
16.376	384
16.426	393
16.476	405
16.526	423
16.577	437
16.627	457
16.677	474
16.727	492
16.777	509
16.827	519
16.878	528
16.928	529
16.978	529
17.029	527
17.079	517
17.130	506
17.180	494
17.230	475
17.280	459
17.330	445
17.380	429
17.431	415
17.481	405
17.531	397
17.581	392
17.631	390
17.681	392
17.732	397
17.782	405
17.832	417
17.882	430
17.933	445
17.984	462
18.034	475
18.084	489
18.134	503
18.184	513
18.234	523
18.285	524
18.335	525
18.385	526
18.435	514
18.485	506
18.535	489
18.586	474
18.636	459
18.686	442
18.736	424
18.786	412
18.838	397
18.888	390
18.938	387
18.988	386
19.038	390
19.088	399
19.139	410
19.189	425
19.239	441
19.289	458
19.339	473
19.389	489
19.440	503
19.490	512
19.540	519
19.590	526
19.640	524
19.691	520
19.742	511
19.792	502
19.842	492
19.892	476
19.942	462
19.993	449
20.043	433
20.093	422
20.143	410
20.193	402
20.244	396
20.294	395
20.344	396
20.394	402
20.444	406
20.494	416
20.545	428
20.595	443
20.646	458
20.696	471
20.746	487
20.796	502
20.847	510
20.897	520
20.947	522
20.997	524
21.047	521
21.098	513
21.148	501
21.198	491
21.248	474
21.298	457
21.348	441
21.399	426
21.449	413
21.499	402
21.550	394
21.600	393
21.650	392
21.701	396
21.751	404
21.801	414
21.851	427
21.901	441
21.952	456
22.002	471
22.052	484
22.102	497
22.152	506
22.202	513
22.253	519
22.303	517
22.353	514
22.403	508
22.454	500
22.504	491
22.555	479
22.605	466
22.655	453
22.705	439
22.755	427
22.806	418
22.856	406
22.906	400
22.956	397
23.006	396
23.056	401
23.107	406
23.157	416
23.207	430
23.257	441
23.307	457
23.359	471
23.409	486
23.459	501
23.509	511
23.559	517
23.609	520
23.660	522
23.710	520
23.760	510
23.810	500
23.860	490
23.910	471
23.961	458
24.011	442
24.061	428
24.111	416
24.161	407
24.212	400
24.263	398
24.313	397
24.363	400
24.413	407
24.463	417
24.514	429
24.564	440
24.614	455
24.664	469
24.714	480
24.764	490
24.815	499
24.865	507
24.915	513
24.965	514
25.015	510
25.066	511
25.116	500
25.167	493
25.217	481
25.267	470
25.317	458
25.368	444
25.418	431
25.468	421
25.518	410
25.568	403
25.618	398
25.669	397
25.719	400
25.769	406
25.819	415
25.869	429
25.920	440
25.970	456
26.021	469
26.071	485
26.121	497
26.171	506
26.222	514
26.272	521
26.322	517
26.372	516
26.422	506
26.472	497
26.523	487
26.573	471
26.623	458
26.673	446
26.723	433
26.774	422
26.824	412
26.874	406
26.925	402
26.975	404
27.025	405
27.076	412
27.126	419
27.176	428
27.226	439
27.276	450
27.327	463
27.377	473
27.427	485
27.477	496
27.527	501
27.577	507
27.628	509
27.678	510
27.728	509
27.778	502
27.829	493
27.879	487
27.930	471
27.980	460
28.030	446
28.080	433
28.130	423
28.181	411
28.231	404
28.281	403
28.331	399
28.381	403
28.431	408
28.482	417
28.532	430
28.582	441
28.632	456
28.682	472
28.733	483
28.784	495
28.834	502
28.884	510
28.934	515
28.984	512
29.035	508
29.085	507
29.135	492
29.185	484
29.235	472
29.285	459
29.336	448
29.386	436
29.436	427
29.486	422
29.536	413
29.586	409
29.638	409
29.688	410
29.738	413
29.788	420
29.838	427
29.889	439
29.939	447
29.989	458
30.039	471
30.089	480
30.139	492
30.190	498
30.240	504
30.290	507
30.340	508
30.390	508
30.440	502
30.491	494
30.542	487
30.592	473
30.642	460
30.692	447
30.743	434
30.793	423
30.843	413
30.893	407
30.943	405
30.993	403
31.044	406
31.094	413
31.144	422
31.194	432
31.244	444
31.295	456
31.345	471
31.395	481
31.446	491
31.496	499
31.546	504
31.597	508
31.647	507
31.697	504
31.747	501
31.797	491
31.847	482
31.898	472
31.948	462
31.998	451
32.048	441
32.098	431
32.149	425
32.199	418
32.249	414
32.299	412
32.350	413
32.400	414
32.451	420
32.501	427
32.551	436
32.601	445
32.651	456
32.701	467
32.752	477
32.802	490
32.852	495
32.902	503
32.952	510
33.003	508
33.053	505
33.103	500
33.153	493
33.203	485
33.254	472
33.305	459
33.355	447
33.405	434
33.455	424
33.505	415
33.556	410
33.606	407
33.656	406
33.706	409
33.756	418
33.806	425
33.857	435
33.907	444
33.957	456
34.007	470
34.057	479
34.107	488
34.159	497
34.209	498
34.259	501
34.309	502
34.359	500
34.410	497
34.460	488
34.510	482
34.560	476
34.610	464
34.660	455
34.711	445
34.761	435
34.811	429
34.861	422
34.911	417
34.961	416
35.012	413
35.063	415
35.113	419
35.163	426
35.213	434
35.264	443
35.314	454
35.364	467
35.414	477
35.464	486
35.514	495
35.565	501
35.615	509
35.665	506
35.715	505
35.765	499
35.815	493
35.866	484
35.916	471
35.967	459
36.017	449
36.067	436
36.118	427
36.168	420
36.218	413
36.268	410
36.318	412
36.368	415
36.419	419
36.469	426
36.519	436
36.569	447
36.619	454
36.669	465
36.720	474
36.770	483
36.821	492
36.871	494
36.921	496
36.972	499
37.022	496
37.072	495
37.122	489
37.172	483
37.222	477
37.273	467
37.323	458
37.373	450
37.423	440
37.473	432
37.524	425
37.574	419
37.624	416
37.674	415
37.725	415
37.775	421
37.826	426
37.876	433
37.926	442
37.976	453
38.026	466
38.076	474
38.127	486
38.177	494
38.227	498
38.277	505
38.327	504
38.378	501
38.428	500
38.478	490
38.528	481
38.578	470
38.629	458
38.680	449
38.730	438
38.780	429
38.830	424
38.880	417
38.930	416
38.981	416
39.031	419
39.081	422
39.131	428
39.181	437
39.232	447
39.282	453
39.332	462
39.382	471
39.432	478
39.482	486
39.534	489
39.584	493
39.634	498
39.684	494
39.734	493
39.784	489
39.835	483
39.885	478
39.935	469
39.985	461
40.035	453
40.086	443
40.136	434
40.186	426
40.236	420
40.286	417
40.336	415
40.387	416
40.438	420
40.488	426
40.538	434
40.588	442
40.639	454
40.689	466
40.739	475
40.789	483
40.839	493
40.889	497
40.940	499
40.990	501
41.040	500
41.090	496
41.140	486
41.190	477
41.241	471
41.291	459
41.342	450
41.392	440
41.442	433
41.493	427
41.543	423
41.593	420
41.643	423
41.693	422
41.743	425
41.794	430
41.844	437
41.894	445
41.944	452
41.994	460
42.044	469
42.095	474
42.145	482
42.195	487
42.246	490
42.296	495
42.347	493
42.397	493
42.447	491
42.497	485
42.547	479
42.597	471
42.648	462
42.698	454
42.748	443
42.798	435
42.848	430
42.898	422
42.949	417
42.999	416
43.049	418
43.099	422
43.150	426
43.201	435
43.251	446
43.301	455
43.351	466
43.401	474
43.451	483
43.502	493
43.552	495
43.602	496
43.652	497
43.702	494
43.752	491
43.803	484
43.853	477
43.903	470
43.953	459
44.003	451
44.055	445
44.105	436
44.155	431
44.205	427
44.255	425
44.305	425
44.356	425
44.406	428
44.456	431
44.506	436
44.556	441
44.607	449
44.657	456
44.707	466
44.757	472
44.807	480
44.857	484
44.908	489
44.959	494
45.009	493
45.059	492
45.109	493
45.159	485
45.210	480
45.260	471
45.310	462
45.360	453
45.410	443
45.461	435
45.511	429
45.561	422
45.611	420
45.661	418
45.711	418
45.762	424
45.812	429
45.863	438
45.913	448
45.963	455
46.013	465
46.064	474
46.114	482
46.164	488
46.214	491
46.264	492
46.315	495
46.365	491
46.415	488
46.465	482
46.515	475
46.565	469
46.616	461
46.666	454
46.717	449
46.767	441
46.817	436
46.868	432
46.918	428
46.968	427
47.018	426
47.068	428
47.118	432
47.169	435
47.219	440
47.269	446
47.319	455
47.369	463
47.419	469
47.470	477
47.520	486
47.570	489
47.621	491
47.671	494
47.722	494
47.772	492
47.822	485
47.872	478
47.922	473
47.972	461
48.023	454
48.073	444
48.123	436
48.173	430
48.223	424
48.273	420
48.324	422
48.374	422
48.424	428
48.474	432
48.525	440
48.576	448
48.626	457
48.676	465
48.726	474
48.776	478
48.826	484
48.877	488
48.927	489
48.977	490
49.027	486
49.077	484
49.127	482
49.178	474
49.228	471
49.278	463
49.328	457
49.378	452
49.430	445
49.480	439
49.530	436
49.580	430
49.630	428
49.680	428
49.731	429
49.781	432
49.831	434
49.881	439
49.931	449
49.981	451
50.032	461
50.082	468
50.132	475
50.182	485
50.232	487
50.283	491
50.334	493
50.384	492
50.434	489
50.484	484
50.534	477
50.585	471
50.635	461
50.685	452
50.735	445
50.785	436
50.836	431
50.886	426
50.936	424
50.986	425
51.036	426
51.086	430
51.137	437
51.187	442
51.238	450
51.288	457
51.338	463
51.388	472
51.439	475
51.489	480
51.539	483
51.589	485
51.639	485
51.690	484
51.740	481
51.790	480
51.840	474
51.890	470
51.940	465
51.991	459
52.041	453
52.091	447
52.142	442
52.192	438
52.242	433
52.293	430
52.343	429
52.393	428
52.443	431
52.493	432
52.544	438
52.594	447
52.644	452
52.694	461
52.744	468
52.794	475
52.845	484
52.895	488
52.945	491
52.995	493
53.046	490
53.096	487
53.147	481
53.197	475
53.247	469
53.297	460
53.347	451
53.398	447
53.448	438
53.498	434
53.548	430
53.598	428
53.648	428
53.699	430
53.749	433
53.799	439
53.849	443
53.899	450
53.951	455
54.001	462
54.051	468
54.101	472
54.151	477
54.201	481
54.252	482
54.302	483
54.352	483
54.402	482
54.452	480
54.502	476
54.553	472
54.603	469
54.653	461
54.703	456
54.753	449
54.804	442
54.855	438
54.905	434
54.955	430
55.005	430
55.055	428
55.106	431
55.156	433
55.206	439
55.256	446
55.306	452
55.356	460
55.407	470
55.457	475
55.507	481
55.557	486
55.607	489
55.658	491
55.708	488
55.759	485
55.809	481
55.859	473
55.909	466
55.960	458
56.010	453
56.060	446
56.110	440
56.160	436
56.210	435
56.261	431
56.311	432
56.361	433
56.411	435
56.461	440
56.512	443
56.562	448
56.613	457
56.663	459
56.713	465
56.763	468
56.814	472
56.864	478
56.914	479
56.964	481
57.014	484
57.064	481
57.115	481
57.165	477
57.215	473
57.265	470
57.315	461
57.366	457
57.416	452
57.466	443
57.517	438
57.567	434
57.617	430
57.668	429
57.718	429
57.768	431
57.818	437
57.868	440
57.919	447
57.969	455
58.019	461
58.069	471
58.119	475
58.169	480
58.220	485
58.270	485
58.320	487
58.370	485
58.421	481
58.471	478
58.522	470
58.572	465
58.622	460
58.672	452
58.722	448
58.773	442
58.823	439
58.873	438
58.923	435
58.973	435
59.023	437
59.074	439
59.124	441
59.174	444
59.224	448
59.274	454
59.325	456
59.376	462
59.426	465
59.476	469
59.526	474
59.576	476
59.627	480
59.677	483
59.727	481
59.777	480
59.827	476
59.877	473
59.928	470
59.978	463
60.028	458
60.078	453
60.128	445
60.178	439
60.230	434
60.280	432
60.330	431
60.380	430
60.430	432
60.481	438
60.531	442
60.581	449
60.631	455
60.681	462
60.731	470
60.782	475
60.832	479
60.882	484
60.932	483
60.982	484
61.032	481
61.083	478
61.134	475
61.184	469
61.234	464
61.284	460
61.335	453
61.385	449
61.435	444
61.485	442
61.535	440
61.585	439
61.636	439
61.686	441
61.736	441
61.786	442
61.836	445
61.887	446
61.937	452
61.987	455
62.038	459
62.088	466
62.138	468
62.189	473
62.239	476
62.289	478
62.339	482
62.389	481
62.439	480
62.490	479
62.540	474
62.590	470
62.640	463
62.690	457
62.741	452
62.791	445
62.841	439
62.891	436
62.942	432
62.992	431
63.043	432
63.093	435
63.143	439
63.193	442
63.243	449
63.293	457
63.344	462
63.394	469
63.444	473
63.494	477
63.544	482
63.595	481
63.645	480
63.695	479
63.745	474
63.795	473
63.846	468
63.897	463
63.947	461
63.997	455
64.047	452
64.097	450
64.148	445
64.198	443
64.248	441
64.298	440
64.348	441
64.398	441
64.449	442
64.499	446
64.549	446
64.599	450
64.649	453
64.699	457
64.751	465
64.801	466
64.851	470
64.901	475
64.951	478
65.002	481
65.052	481
65.102	480
65.152	479
65.202	473
65.252	468
65.303	463
65.353	456
65.403	451
65.453	445
65.503	440
65.553	438
65.604	433
65.655	434
65.705	436
65.755	436
65.805	441
65.856	445
65.906	451
65.956	458
66.006	462
66.056	468
66.106	471
66.157	474
66.207	477
66.257	477
66.307	477
66.357	478
66.407	473
66.458	471
66.508	467
66.559	465
66.609	462
66.659	456
66.710	453
66.760	452
66.810	447
66.860	446
66.910	443
66.960	443
67.011	442
67.061	441
67.111	442
67.161	445
67.211	445
67.261	448
67.312	451
67.362	457
67.413	464
67.463	466
67.513	470
67.564	477
67.614	477
67.664	479
67.714	479
67.764	478
67.814	477
67.865	472
67.915	467
67.965	464
68.015	456
68.065	448
68.116	444
68.166	439
68.216	437
68.266	436
68.317	436
68.367	438
68.418	439
68.468	443
68.518	447
68.568	453
68.618	460
68.668	462
68.719	467
68.769	471
68.819	472
68.869	474
68.919	475
68.970	474
69.020	474
69.070	471
69.120	470
69.170	469
69.221	464
69.272	461
69.322	458
69.372	454
69.422	452
69.472	449
69.522	447
69.573	447
69.623	444
69.673	441
69.723	441
69.773	441
69.824	443
69.874	444
69.924	448
69.974	455
70.024	457
70.074	463
70.126	466
70.176	471
70.226	477
70.276	478
70.326	478
70.376	481
70.427	478
70.477	475
70.527	470
70.577	465
70.627	462
70.678	454
70.728	450
70.778	449
70.828	441
70.878	439
70.928	438
70.979	438
71.030	440
71.080	442
71.130	446
71.180	451
71.231	454
71.281	457
71.331	461
71.381	465
71.431	469
71.481	469
71.532	471
71.582	473
71.632	471
71.682	471
71.732	470
71.782	468
71.833	469
71.883	466
71.934	463
71.984	461
72.034	458
72.085	455
72.135	451
72.185	448
72.235	448
72.285	444
72.335	442
72.386	442
72.436	441
72.486	443
72.536	445
72.586	448
72.636	454
72.687	457
72.737	462
72.787	467
72.838	471
72.888	476
72.939	475
72.989	477
73.039	480
73.089	475
73.139	474
73.189	468
73.240	463
73.290	460
73.340	454
73.390	449
73.440	448
73.490	443
73.541	441
73.591	442
73.641	442
73.691	444
73.742	445
73.793	448
73.843	453
73.893	455
73.943	458
73.993	461
74.043	463
74.094	467
74.144	467
74.194	468
74.244	471
74.294	469
74.344	469
74.395	469
74.445	469
74.495	469
74.545	466
74.595	463
74.647	463
74.697	459
74.747	456
74.797	453
74.847	449
74.897	447
74.948	444
74.998	442
75.048	443
75.098	441
75.148	443
75.199	445
75.249	448
75.299	454
75.349	458
75.399	462
75.449	469
75.500	470
75.551	474
75.601	474
75.651	475
75.701	477
75.751	474
75.802	471
75.852	469
75.902	462
75.952	458
76.002	453
76.053	450
76.103	446
76.153	444
76.203	444
76.253	445
76.303	443
76.354	445
76.404	447
76.455	450
76.505	453
76.555	454
76.605	458
76.656	462
76.706	461
76.756	463
76.806	464
76.856	466
76.907	469
76.957	468
77.007	468
77.057	471
77.107	467
77.157	467
77.208	466
77.258	464
77.309	463
77.359	458
77.409	456
77.460	454
77.510	449
77.560	447
77.610	444
77.660	442
77.710	443
77.761	442
77.811	444
77.861	447
77.911	450
77.961	454
78.011	459
78.062	464
78.112	468
78.162	471
78.213	473
78.263	476
78.314	473
78.364	474
78.414	471
78.464	467
78.514	466
78.564	461
78.615	456
78.665	454
78.715	449
78.765	448
78.815	447
78.865	445
78.916	447
78.966	446
79.016	447
79.066	451
79.117	451
79.168	453
79.218	454
79.268	457
79.318	459
79.368	460
79.418	462
79.469	464
79.519	464
79.569	466
79.619	467
79.669	468
79.719	471
79.770	468
79.820	468
79.870	467
79.920	465
79.970	462
80.022	459
80.072	456
80.122	456
80.172	450
80.222	447
80.272	445
80.323	443
80.373	443
80.423	443
80.473	446
80.523	450
80.573	451
80.624	455
80.674	460
80.724	463
80.774	468
80.824	469
80.875	473
80.926	475
80.976	472
81.026	472
81.076	469
81.126	465
81.177	464
81.227	459
81.277	456
81.327	455
81.377	451
81.428	449
81.478	448
81.528	448
81.578	449
81.628	449
81.678	450
81.729	452
81.779	452
81.830	454
81.880	454
81.930	455
81.980	457
82.031	458
82.081	460
82.131	463
82.181	463
82.231	465
82.282	465
82.332	467
82.382	469
82.432	469
82.482	467
82.532	468
82.583	464
82.633	463
82.683	459
82.734	456
82.784	453
82.834	449
82.885	447
82.935	446
82.985	443
83.035	444
83.085	443
83.136	446
83.186	449
83.236	452
83.286	457
83.336	463
83.386	463
83.437	467
83.487	470
83.537	470
83.587	472
83.638	470
83.688	467
83.739	468
83.789	463
83.839	462
83.889	458
83.939	456
83.990	455
84.040	453
84.090	451
84.140	452
84.190	450
84.240	451
84.291	451
84.341	451
84.391	454
84.441	452
84.491	453
84.543	455
84.593	454
84.643	455
84.693	456
84.743	458
84.793	461
84.844	462
84.894	464
84.944	467
84.994	468
85.044	469
85.094	468
85.145	468
85.195	467
85.245	464
85.295	462
85.345	460
85.396	456
85.447	452
85.497	448
85.547	445
85.597	446
85.647	445
85.698	444
85.748	447
85.798	449
85.848	453
85.898	455
85.948	459
85.999	463
86.049	465
86.099	466
86.149	468
86.199	468
86.250	469
86.300	466
86.351	465
86.401	466
86.451	461
86.501	459
86.552	459
86.602	457
86.652	457
86.702	454
86.752	454
86.802	455
86.853	453
86.903	453
86.953	454
87.003	452
87.053	452
87.104	451
87.154	452
87.205	454
87.255	452
87.305	453
87.355	457
87.406	457
87.456	460
87.506	462
87.556	465
87.606	469
87.656	467
87.707	470
87.757	469
87.807	468
87.857	466
87.907	463
87.958	460
88.008	459
88.058	455
88.109	451
88.159	448
88.209	445
88.260	446
88.310	445
88.360	447
88.410	451
88.460	452
88.511	455
88.561	456
88.611	459
88.661	461
88.711	464
88.761	465
88.812	467
88.862	466
88.912	464
88.962	464
89.013	462
89.063	463
89.114	460
89.164	460
89.214	460
89.264	458
89.314	457
89.365	458
89.415	457
89.465	457
89.515	455
89.565	454
89.615	455
89.666	453
89.716	452
89.766	450
89.816	451
89.866	452
89.917	453
89.968	453
90.018	458
90.068	458
90.118	460
90.168	463
90.219	465
90.269	468
90.319	468
90.369	468
90.419	469
90.469	465
90.520	464
90.570	460
90.620	459
90.670	456
90.720	451
90.770	450
90.822	451
90.872	447
90.922	449
90.972	449
91.022	449
91.073	453
91.123	454
91.173	456
91.223	460
91.273	460
91.323	462
91.374	462
91.424	463
91.474	464
91.524	463
91.574	462
91.624	463
91.675	460
91.726	461
91.776	459
91.826	460
91.876	461
91.927	460
91.977	460
92.027	463
92.077	458
92.127	458
92.177	457
92.228	455
92.278	454
92.328	452
92.378	451
92.428	452
92.479	449
92.529	451
92.579	452
92.630	454
92.680	457
92.730	458
92.781	461
92.831	465
92.881	465
92.931	466
92.981	468
93.031	467
93.082	469
93.132	464
93.182	462
93.232	461
93.282	456
93.333	455
93.383	451
93.433	450
93.483	451
93.534	449
93.584	451
93.635	453
93.685	452
93.735	454
93.785	456
93.835	458
93.885	461
93.936	460
93.986	460
94.036	460
94.086	459
94.136	460
94.187	459
94.237	461
94.287	462
94.337	460
94.387	461
94.438	459
94.489	462
94.539	462
94.589	461
94.639	460
94.689	463
94.740	459
94.790	458
94.840	456
94.890	454
94.940	453
94.990	450
95.041	450
95.091	451
95.141	450
95.191	451
95.241	452
95.291	456
95.343	459
95.393	461
95.443	463
95.493	466
95.543	467
95.594	467
95.644	467
95.694	465
95.744	465
95.794	462
95.844	459
95.895	459
95.945	455
95.995	454
96.045	453
96.095	452
96.145	452
96.196	451
96.247	454
96.297	456
96.347	455
96.397	456
96.448	457
96.498	457
96.548	459
96.598	459
96.648	458
96.698	460
96.749	457
96.799	458
96.849	458
96.899	458
96.949	460
96.999	460
97.050	461
97.100	464
97.151	462
97.201	463
97.251	463
97.302	461
97.352	461
97.402	459
97.452	457
97.502	457
97.552	453
97.603	451
97.653	448
97.703	449
97.753	451
97.803	451
97.853	453
97.904	456
97.954	457
98.005	459
98.055	463
98.105	464
98.156	466
98.206	466
98.256	466
98.306	467
98.356	463
98.406	462
98.457	459
98.507	458
98.557	457
98.607	455
98.657	453
98.708	458
98.758	453
98.808	454
98.858	455
98.909	455
98.959	458
99.010	456
99.060	457
99.110	462
99.160	457
99.210	457
99.260	456
99.311	456
99.361	457
99.411	457
99.461	458
99.511	459
99.562	458
99.612	462
99.662	461
99.712	462
99.762	464
99.813	463
99.864	464
99.914	464
99.964	461
100.014	460
100.064	457
100.114	455
100.165	454
100.215	451
100.265	451
100.315	451
100.365	449
100.416	452
100.466	452
100.516	455
100.566	459
100.616	459
100.666	461
100.718	463
100.768	464
100.818	464
100.868	465
100.918	465
100.968	464
101.019	460
101.069	460
101.119	457
101.169	457
101.219	456
101.270	454
101.320	454
101.370	458
101.420	456
101.470	455
101.520	456
101.571	457
101.622	458
101.672	458
101.722	457
101.772	459
101.823	456
101.873	456
101.923	455
101.973	455
102.023	457
102.073	456
102.124	457
102.174	460
102.224	459
102.274	462
102.324	461
102.374	464
102.425	464
102.475	463
102.526	463
102.576	464
102.626	461
102.677	458
102.727	455
102.777	453
102.827	454
102.877	452
102.927	451
102.978	451
103.028	450
103.078	451
103.128	454
103.178	456
103.228	460
103.279	459
103.329	463
103.379	466
103.430	464
103.480	464
103.531	462
103.581	461
103.631	461
103.681	459
103.731	458
103.781	458
103.832	456
103.882	457
103.932	456
103.982	456
104.032	458
104.082	456
104.133	458
104.183	460
104.233	456
104.283	458
104.334	456
104.385	456
104.435	455
104.485	453
104.535	454
104.585	456
104.635	455
104.686	455
104.736	456
104.786	458
104.836	461
104.886	461
104.936	463
104.987	466
105.037	465
105.087	465
105.137	464
105.187	461
105.239	463
105.289	457
105.339	457
105.389	455
105.439	451
105.489	451
105.540	451
105.590	451
105.640	453
105.690	452
105.740	456
105.791	458
105.841	459
105.891	460
105.941	460
105.991	461
106.041	462
106.092	463
106.143	461
106.193	461
106.243	459
106.293	458
106.343	457
106.394	457
106.444	458
106.494	457
106.544	458
106.594	459
106.645	459
106.695	460
106.745	459
106.795	460
106.845	460
106.895	458
106.946	457
106.996	457
107.047	454
107.097	454
107.147	452
107.197	453
107.248	454
107.298	453
107.348	455
107.398	458
107.448	459
107.499	462
107.549	462
107.599	464
107.649	467
107.699	465
107.749	464
107.800	463
107.850	460
107.901	459
107.951	456
108.001	454
108.052	455
108.102	452
108.152	452
108.202	454
108.252	453
108.302	454
108.353	456
108.403	458
108.453	461
108.503	459
108.553	461
108.603	460
108.654	461
108.704	461
108.754	458
108.805	459
108.855	460
108.906	457
108.956	456
109.006	457
109.056	458
109.106	459
109.156	459
109.207	459
109.257	462
109.307	460
109.357	461
109.407	459
109.457	459
109.508	459
109.558	457
109.608	454
109.658	456
109.709	452
109.760	452
109.810	452
109.860	452
109.910	455
109.960	455
110.010	457
110.061	461
110.111	461
110.161	462
110.211	463
110.261	464
110.311	465
110.362	462
110.412	462
110.462	462
110.512	458
110.562	457
110.614	455
110.664	453
110.714	455
110.764	454
110.814	454
110.864	455
110.915	456
110.965	458
111.015	458
111.065	458
111.115	461
111.165	459
111.216	459
111.266	461
111.316	458
111.366	457
111.416	457
111.467	456
111.518	457
111.568	457
111.618	456
111.668	459
111.718	459
111.769	461
111.819	461
111.869	462
111.919	463
111.969	461
112.020	461
112.070	462
112.120	458
112.170	457
112.220	454
112.270	454
112.321	454
112.371	452
112.422	451
112.472	455
112.522	455
112.572	456
112.623	457
112.673	459
112.723	462
112.773	463
112.823	463
112.874	468
112.924	463
112.974	462
113.024	460
113.074	460
113.124	459
113.175	456
113.225	455
113.275	456
113.326	454
113.376	454
113.426	456
113.477	457
113.527	459
113.577	459
113.627	459
113.677	461
113.728	460
113.778	460
113.828	457
113.878	459
113.928	459
113.978	456
114.029	455
114.079	456
114.129	455
114.179	456
114.230	456
114.280	457
114.331	461
114.381	460
114.431	462
114.481	463
114.531	463
114.582	463
114.632	462
114.682	461
114.732	461
114.782	456
114.832	456
114.883	453
114.933	451
114.983	452
115.033	453
115.083	453
115.135	456
115.185	456
115.235	459
115.285	458
115.335	462
115.385	462
115.436	462
115.486	463
115.536	465
115.586	462
115.636	461
115.686	459
115.737	458
115.787	457
115.837	455
115.887	455
115.937	457
115.988	455
116.039	456
116.089	456
116.139	458
116.189	460
116.239	460
116.290	460
116.340	461
116.390	459
116.440	459
116.490	457
116.540	456
116.591	456
116.641	454
116.691	454
116.741	457
116.791	454
116.842	456
116.892	458
116.943	459
116.993	462
117.043	461
117.093	463
117.144	464
117.194	463
117.244	462
117.294	461
117.344	459
117.394	458
117.445	455
117.495	453
117.545	455
117.595	454
117.645	452
117.696	452
117.746	454
117.797	456
117.847	458
117.897	460
117.947	463
117.998	461
118.048	463
118.098	462
118.148	462
118.198	461
118.248	460
118.299	458
118.349	458
118.399	455
118.449	456
118.499	455
118.550	455
118.600	458
118.650	457
118.701	458
118.751	462
118.801	460
118.852	460
118.902	460
118.952	459
119.002	460
119.052	458
119.103	457
119.153	457
119.203	454
119.253	455
119.303	454
119.353	455
119.404	456
119.454	456
119.504	457
119.554	461
119.605	461
119.655	462
119.706	462
119.756	463
119.806	465
119.856	461
119.906	461
119.957	464
120.007	457
120.057	456
120.107	455
120.157	452
120.207	454
120.258	453
120.308	453
120.358	456
120.408	457
120.458	458
120.509	458
120.560	460
120.610	463
120.660	461
120.710	462
120.760	463
120.811	460
120.861	459
120.911	457
120.961	458
121.011	457
121.061	455
121.112	455
121.162	456
121.212	456
121.262	458
121.312	458
121.362	459
121.414	462
121.464	461
121.514	461
121.564	461
121.614	460
121.665	460
121.715	458
121.765	456
121.815	456
121.865	454
121.915	453
121.966	455
122.016	454
122.066	457
122.116	456
122.166	457
122.216	462
122.267	460
122.318	462
122.368	463
122.418	464
122.468	464
122.519	460
122.569	459
122.619	460
122.669	456
122.719	455
122.769	453
122.820	453
122.870	453
122.920	453
122.970	455
123.020	459
123.071	459
123.121	459
123.171	461
123.222	461
123.272	462
123.322	462
123.373	461
123.423	461
123.473	459
123.523	457
123.573	456
123.623	456
123.674	455
123.724	454
123.774	455
123.824	458
123.874	457
123.925	459
123.975	459
124.025	461
124.075	462
124.126	461
124.176	460
124.227	461
124.277	459
124.327	458
124.377	456
124.427	454
124.477	455
124.528	453
124.578	454
124.628	455
124.678	455
124.728	457
124.779	458
124.829	459
124.879	463
124.929	463
124.979	463
125.030	464
125.081	463
125.131	461
125.181	459
125.231	457
125.281	457
125.332	454
125.382	454
125.432	455
125.482	454
125.532	455
125.582	455
125.633	456
125.683	457
125.733	459
125.783	460
125.833	463
125.883	462
125.935	461
125.985	461
126.035	460
126.085	460
126.135	458
126.186	457
126.236	457
126.286	455
126.336	455
126.386	456
126.436	455
126.487	459
126.537	458
126.587	458
126.637	462
126.687	462
126.737	461
126.788	461
126.839	460
126.889	461
126.939	457
126.989	457
127.040	456
127.090	454
127.140	454
127.190	454
127.240	454
127.290	456
127.341	455
127.391	458
127.441	460
127.491	461
127.541	463
127.591	462
127.642	463
127.692	464
127.743	461
127.793	460
127.843	460
127.894	456
127.944	457
127.994	454
128.044	453
128.094	455
128.144	453
128.195	456
128.245	457
128.295	457
128.345	460
128.395	459
128.445	461
128.496	464
128.546	461
128.597	460
128.647	461
128.697	458
128.748	458
128.798	456
128.848	455
128.898	457
128.948	454
128.998	455
129.049	457
129.099	457
129.149	459
129.199	460
129.249	461
129.300	463
129.350	462
129.400	462
129.450	460
129.501	459
129.551	459
129.602	457
129.652	455
129.702	456
129.752	454
129.802	453
129.852	453
129.903	454
129.953	456
130.003	457
130.053	459
130.103	463
130.154	461
130.204	462
130.254	461
130.304	462
130.354	462
130.405	460
130.456	459
130.506	459
130.556	456
130.606	455
130.656	453
130.706	455
130.757	455
130.807	455
130.857	455
130.907	460
130.957	458
131.008	459
131.058	460
131.108	460
131.158	460
131.208	459
131.258	459
131.310	460
131.360	458
131.410	455
131.460	455
131.510	454
131.560	455
131.611	456
131.661	455
131.711	460
131.761	459
131.811	460
131.862	460
131.912	461
131.962	464
132.012	461
132.062	461
132.112	462
132.163	458
132.214	456
132.264	455
132.314	453
132.364	455
132.415	452
132.465	453
132.515	455
132.565	455
132.615	457
132.665	459
132.716	460
132.766	463
132.816	462
132.866	462
132.916	463
132.966	461
133.017	460
133.067	458
133.118	457
133.168	456
133.218	455
133.269	454
133.319	456
133.369	454
133.419	456
133.469	456
133.519	457
133.570	460
133.620	460
133.670	462
133.720	464
133.770	460
133.820	460
133.871	458
133.921	458
133.971	458
134.022	456
134.072	454
134.123	455
134.173	455
134.223	455
134.273	456
134.323	458
134.373	459
134.424	459
134.474	462
134.524	463
134.574	462
134.624	463
134.674	461
134.725	459
134.775	459
134.825	457
134.875	455
134.926	455
134.977	453
135.027	454
135.077	453
135.127	454
135.177	458
135.227	457
135.278	459
135.328	461
135.378	461
135.428	462
135.478	462
135.528	460
135.579	463
135.629	459
135.679	458
135.729	457
135.779	455
135.831	454
135.881	454
135.931	454
135.981	457
136.031	456
136.081	456
136.132	460
136.182	460
136.232	460
136.282	461
136.332	461
136.383	464
136.433	459
136.483	459
136.533	457
136.583	456
136.633	456
136.684	454
136.735	454
136.785	456
136.835	455
136.885	456
136.935	457
136.986	459
137.036	461
137.086	461
137.136	462
137.186	464
137.237	462
137.287	460
137.337	460
137.387	457
137.437	458
137.487	454
137.538	454
137.588	455
137.639	454
137.689	453
137.739	454
137.789	456
137.840	458
137.890	458
137.940	460
137.990	463
138.040	462
138.091	461
138.141	461
138.191	461
138.241	460
138.291	458
138.341	456
138.392	458
138.442	455
138.493	454
138.543	454
138.593	455
138.644	457
138.694	457
138.744	458
138.794	462
138.844	461
138.894	462
138.945	462
138.995	461
139.045	460
139.095	459
139.145	457
139.195	458
139.246	455
139.296	455
139.346	454
139.397	454
139.447	455
139.498	456
139.548	458
139.598	461
139.648	460
139.698	462
139.748	462
139.799	462
139.849	463
139.899	461
139.949	460
139.999	460
140.049	457
140.100	456
140.150	454
140.200	454
140.250	454
140.301	452
140.352	455
140.402	458
140.452	457
140.502	459
140.552	459
140.602	461
140.653	463
140.703	463
140.753	462
140.803	462
140.853	459
140.903	457
140.954	456
141.004	455
141.054	457
141.104	454
141.154	454
141.206	460
141.256	456
141.306	458
141.356	458
141.406	459
141.456	462
141.507	461
141.557	461
141.607	461
141.657	460
141.707	459
141.757	457
141.808	457
141.858	457
141.908	455
141.958	453
142.008	455
142.059	454
142.110	456
142.160	456
142.210	459
142.260	462
142.310	462
142.361	462
142.411	463
142.461	461
142.511	462
142.561	461
142.612	459
142.662	460
142.712	456
142.762	454
142.812	453
142.862	453
142.913	454
142.963	455
143.014	454
143.064	459
143.114	458
143.164	459
143.215	461
143.265	461
143.315	462
143.365	460
143.415	460
143.466	463
143.516	457
143.566	456
143.616	456
143.666	454
143.716	456
143.767	454
143.817	455
143.867	458
143.918	457
143.968	458
144.018	459
144.069	460
144.119	464
144.169	460
144.219	461
144.269	463
144.320	459
144.370	457
144.420	455
144.470	455
144.520	455
144.570	454
144.621	453
144.671	456
144.721	456
144.771	458
144.822	459
144.872	460
144.923	462
144.973	462
145.023	463
145.073	464
145.123	461
145.174	460
145.224	458
145.274	456
145.324	456
145.374	455
145.424	454
145.475	455
145.525	454
145.575	455
145.625	455
145.675	457
145.727	460
145.777	460
145.827	461
145.877	463
145.927	461
145.977	462
146.028	460
146.078	459
146.128	459
146.178	456
146.228	456
146.278	456
146.329	454
146.379	455
146.429	455
146.479	456
146.529	458
146.580	458
146.631	459
146.681	462
146.731	461
146.781	460
146.831	460
146.882	461
146.932	460
146.982	457
147.032	456
147.082	456
147.132	454
147.183	454
147.233	453
147.283	455
147.333	458
147.383	456
147.434	459
147.484	462
147.535	463
147.585	462
147.635	462
147.685	462
147.736	462
147.786	460
147.836	459
147.886	459
147.936	454
147.986	455
148.037	454
148.087	454
148.137	455
148.187	454
148.237	457
148.288	458
148.338	459
148.389	460
148.439	461
148.489	462
148.539	463
148.590	461
148.640	460
148.690	461
148.740	457
148.790	457
148.840	455
148.891	454
148.941	456
148.991	454
149.041	455
149.091	457
149.142	456
149.192	460
149.242	459
149.293	461
149.343	464
149.393	461
149.444	461
149.494	462
149.544	460
149.594	458
149.644	456
149.695	455
149.745	455
149.795	453
149.845	453
149.895	455
149.945	454
149.996	457
150.046	457
150.096	459
150.146	463
150.197	462
150.247	463
150.298	463
150.348	461
150.398	461
150.448	459
150.498	458
150.549	457
150.599	455
150.649	454
150.699	454
150.749	455
150.799	454
150.850	455
150.900	457
150.950	460
151.000	459
151.050	461
151.101	460
151.152	462
151.202	461
151.252	461
151.302	460
151.352	461
151.403	456
151.453	456
151.503	454
151.553	455
151.603	454
151.653	454
151.704	456
151.754	458
151.804	458
151.854	459
151.904	461
151.954	461
152.006	463
152.056	461
152.106	459
152.156	462
152.206	458
152.257	458
152.307	454
152.357	454
152.407	454
152.457	453
152.507	454
152.558	456
152.608	456
152.658	457
152.708	459
152.758	460
152.808	463
152.859	462
152.910	462
152.960	464
153.010	460
153.060	460
153.111	457
153.161	457
153.211	457
153.261	454
153.311	454
153.361	455
153.412	455
153.462	455
153.512	455
153.562	457
153.612	460
153.663	460
153.713	461
153.763	464
153.814	461
153.864	462
153.914	459
153.965	460
154.015	458
154.065	457
154.115	455
154.165	457
154.215	455
154.266	454
154.316	456
154.366	456
154.416	460
154.466	459
154.517	460
154.567	465
154.617	462
154.667	462
154.718	460
154.768	460
154.819	460
154.869	456
154.919	455
154.969	456
155.019	454
155.069	453
155.120	455
155.170	454
155.220	456
155.270	457
155.320	459
155.371	461
155.421	461
155.471	463
155.521	462
155.571	462
155.622	462
155.673	460
155.723	457
155.773	459
155.823	455
155.873	455
155.924	454
155.974	453
156.024	457
156.074	454
156.124	457
156.174	459
156.225	458
156.275	460
156.325	460
156.375	461
156.425	463
156.475	461
156.527	459
156.577	460
156.627	456
156.677	457
156.727	455
156.778	455
156.828	457
156.878	455
156.928	455
156.978	457
157.028	457
157.079	461
157.129	460
157.179	461
157.229	464
157.279	460
157.329	463
157.380	460
157.431	458
157.481	459
157.531	455
157.581	456
157.632	455
157.682	453
157.732	454
157.782	454
157.832	456
157.882	457
157.933	458
157.983	460
158.033	463
158.083	463
158.133	462
158.183	462
158.234	460
158.284	460
158.335	457
158.385	456
158.435	457
158.486	454
158.536	454
158.586	453
158.636	454
158.686	457
158.736	456
158.787	458
158.837	460
158.887	460
158.937	462
158.987	461
159.037	461
159.088	461
159.138	459
159.189	457
159.239	459
159.289	455
159.340	455
159.390	454
159.440	454
159.490	456
159.540	455
159.590	457
159.641	459
159.691	459
159.741	461
159.791	462
159.841	463
159.892	462
159.942	460
159.992	460
160.042	460
160.093	457
160.143	456
160.194	454
160.244	454
160.294	454
160.344	455
160.394	455
160.444	458
160.495	457
160.545	460
160.595	460
160.645	462
160.695	464
160.746	462
160.796	462
160.846	462
160.896	460
160.946	458
160.997	457
161.048	455
161.098	456
161.148	454
161.198	454
161.248	456
161.298	456
161.349	457
161.399	459
161.449	461
161.499	462
161.549	460
161.600	462
161.650	464
161.700	460
161.750	460
161.800	457
161.850	457
161.902	457
161.952	455
162.002	454
162.052	459
162.102	455
162.152	455
162.203	457
162.253	458
162.303	461
162.353	461
162.403	460
162.454	465
162.504	460
162.554	460
162.604	460
162.654	458
162.704	459
162.755	455
162.806	454
162.856	455
162.906	454
162.956	454
163.007	454
163.057	456
163.107	459
163.157	459
163.207	461
163.257	463
163.308	461
163.358	463
163.408	461
163.458	460
163.508	462
163.558	457
163.609	456
163.659	455
163.710	453
163.760	455
163.810	453
163.861	454
163.911	458
163.961	457
164.011	458
164.061	461
164.111	461
164.162	462
164.212	462
164.262	461
164.312	462
164.362	459
164.412	458
164.463	457
164.513	456
164.563	455
164.614	454
164.664	455
164.715	456
164.765	456
164.815	458
164.865	459
164.915	461
164.965	462
165.016	462
165.066	462
165.116	464
165.166	461
165.216	459
165.266	460
165.317	456
165.367	456
165.417	454
165.467	453
165.518	456
165.569	455
165.619	455
165.669	455
165.719	458
165.769	460
165.819	459
165.870	461
165.920	464
165.970	462
166.020	461
166.070	460
166.120	459
166.171	459
166.221	456
166.271	455
166.321	457
166.371	454
166.423	454
166.473	454
166.523	455
166.573	458
166.623	458
166.673	460
166.724	463
166.774	461
166.824	462
166.874	461
166.924	460
166.975	460
167.025	457
167.075	458
167.125	457
167.175	454
167.225	455
167.276	454
167.327	455
167.377	457
167.427	456
167.477	459
167.527	462
167.578	461
167.628	462
167.678	461
167.728	462
167.778	461
167.829	459
167.879	457
167.929	459
167.979	455
168.029	454
168.079	454
168.130	453
168.180	455
168.231	454
168.281	455
168.331	459
168.381	459
168.432	460
168.482	461
168.532	462
168.582	463
168.632	461
168.683	460
168.733	461
168.783	458
168.833	458
168.883	455
168.933	455
168.984	456
169.034	455
169.085	455
169.135	458
169.185	457
169.236	459
169.286	460
169.336	461
169.386	463
169.436	462
169.486	461
169.537	461
169.587	458
169.637	457
169.687	456
169.737	455
169.787	456
169.838	454
169.888	454
169.938	457
169.989	456
170.039	459
170.090	460
170.140	460
170.190	462
170.240	461
170.290	462
170.340	463
170.391	460
170.441	460
170.491	456
170.541	457
170.591	457
170.641	455
170.692	454
170.742	455
170.792	454
170.842	456
170.893	456
170.944	458
170.994	461
171.044	461
171.094	462
171.144	463
171.194	462
171.245	462
171.295	458
171.345	459
171.395	459
171.445	456
171.495	455
171.546	455
171.596	454
171.646	455
171.696	456
171.746	457
171.798	460
171.848	460
171.898	460
171.948	462
171.998	461
172.048	462
172.099	460
172.149	457
172.199	460
172.249	457
172.299	457
172.349	454
172.400	454
172.450	455
172.500	454
172.550	456
172.600	459
172.651	458
172.702	461
172.752	461
172.802	462
172.852	463
172.902	461
172.953	461
173.003	462
173.053	459
173.103	457
173.153	455
173.204	455
173.254	456
173.304	454
173.354	453
173.404	457
173.454	455
173.505	458
173.555	459
173.606	459
173.656	463
173.706	461
173.756	461
173.807	462
173.857	460
173.907	460
173.957	457
174.007	456
174.058	456
174.108	455
174.158	454
174.208	457
174.258	455
174.308	457
174.359	459
174.409	458
174.459	461
174.510	461
174.560	461
174.610	464
174.661	460
174.711	459
174.761	458
174.811	458
174.861	457
174.912	455
174.962	454
175.012	456
175.062	454
175.112	455
175.162	456
175.213	458
175.263	461
175.313	460
175.363	462
175.414	464
175.464	461
175.515	460
175.565	460
175.615	459
175.665	458
175.715	456
175.766	455
175.816	455
175.866	453
175.916	454
175.966	455
176.016	456
176.067	457
176.117	458
176.167	459
176.217	462
176.267	462
176.319	463
176.369	460
176.419	460
176.469	460
176.519	458
176.569	458
176.620	456
176.670	453
176.720	454
176.770	453
176.820	456
176.870	458
176.921	457
176.971	458
177.021	461
177.071	461
177.121	462
177.172	461
177.223	461
177.273	462
177.323	459
177.373	458
177.423	458
177.474	454
177.524	454
177.574	455
177.624	455
177.674	457
177.724	456
177.775	457
177.825	459
177.875	459
177.925	462
177.975	462
178.026	463
178.076	464
178.127	463
178.177	460
178.227	460
178.277	457
178.328	456
178.378	454
178.428	453
178.478	455
178.528	455
178.578	456
178.629	455
178.679	457
178.729	460
178.779	460
178.829	461
178.880	463
178.930	461
178.981	461
179.031	460
179.081	458
179.131	459
179.182	456
179.232	456
179.282	456
179.332	454
179.382	455
179.432	456
179.483	457
179.533	459
179.583	459
179.633	460
179.683	464
179.734	462
179.784	462
179.834	460
179.885	460
179.935	460
179.985	458
180.036	455
180.086	457
180.136	454
180.186	455
180.236	454
180.287	456
180.337	457
180.387	458
180.437	458
180.487	462
180.537	461
180.588	462
180.638	461
180.688	462
180.738	462
180.789	460
180.839	459
180.890	458
180.940	456
180.990	454
181.040	455
181.090	454
181.141	454
181.191	456
181.241	456
181.291	460
181.341	459
181.391	461
181.442	461
181.492	461
181.542	463
181.592	460
181.642	460
181.693	461
181.744	457
181.794	456
181.844	456
181.894	454
181.944	456
181.995	454
182.045	456
182.095	459
182.145	458
182.195	460
182.245	461
182.296	461
182.346	462
182.396	462
182.446	461
182.496	462
182.546	458
182.598	458
182.648	455
182.698	455
182.748	456
182.798	454
182.849	455
182.899	457
182.949	457
182.999	458
183.049	460
183.099	461
183.150	463
183.200	462
183.250	461
183.300	463
183.350	461
183.400	460
183.451	458
183.502	456
183.552	456
183.602	454
183.652	453
183.703	456
183.753	454
183.803	456
183.853	456
183.903	458
183.953	462
184.004	460
184.054	461
184.104	463
184.154	461
184.204	462
184.255	459
184.305	458
184.355	459
184.406	456
184.456	455
184.506	456
184.557	455
184.607	455
184.657	455
184.707	457
184.757	460
184.807	460
184.858	462
184.908	461
184.958	461
185.008	462
185.058	462
185.109	460
185.159	461
185.209	457
185.259	455
185.310	454
185.360	454
185.411	454
185.461	454
185.511	455
185.561	458
185.611	457
185.661	459
185.712	461
185.762	461
185.812	463
185.862	460
185.912	462
185.963	463
186.013	459
186.063	459
186.113	456
186.163	455
186.214	456
186.265	454
186.315	454
186.365	456
186.415	455
186.465	457
186.516	458
186.566	460
186.616	461
186.666	462
186.716	461
186.766	463
186.817	460
186.867	460
186.917	458
186.967	456
187.017	457
187.067	454
187.119	454
187.169	456
187.219	455
187.269	457
187.319	457
187.370	458
187.420	461
187.470	462
187.520	462
187.570	464
187.620	460
187.671	461
187.721	460
187.771	459
187.821	459
187.871	455
187.921	454
187.972	456
188.023	454
188.073	453
188.123	456
188.173	456
188.224	459
188.274	458
188.324	459
188.374	464
188.424	462
188.474	462
188.525	461
188.575	460
188.625	459
188.675	458
188.725	456
188.775	456
188.826	454
188.876	454
188.927	454
188.977	455
189.027	457
189.078	456
189.128	458
189.178	461
189.228	461
189.278	461
189.328	460
189.379	460
189.429	460
189.479	459
189.529	457
189.579	462
189.629	455
189.680	455
189.730	454
189.781	455
189.831	456
189.881	457
189.932	458
189.982	459
190.032	460
190.082	460
190.132	462
190.182	461
190.233	463
190.283	461
190.333	459
190.383	459
190.433	457
190.484	457
190.534	454
190.584	455
190.634	455
190.685	453
190.735	455
190.786	458
190.836	459
190.886	461
190.936	461
190.986	462
191.036	464
191.087	461
191.137	460
191.187	461
191.237	458
191.287	458
191.338	456
191.388	455
191.438	456
191.488	454
191.538	454
191.589	456
191.640	456
191.690	458
191.740	459
191.790	461
191.840	463
191.890	461
191.941	461
191.991	462
192.041	460
192.091	459
192.141	457
192.192	457
192.242	458
192.292	455
192.342	454
192.392	454
192.442	456
192.494	457
192.544	459
192.594	458
192.644	463
192.694	462
192.744	462
192.795	461
192.845	461
192.895	460
192.945	459
192.995	457
193.046	458
193.096	456
193.146	454
193.196	454
193.246	455
193.296	456
193.347	456
193.398	457
193.448	461
193.498	460
193.548	461
193.599	461
193.649	462
193.699	463
193.749	460
193.799	458
193.849	459
193.900	456
193.950	456
194.000	454
194.050	454
194.100	455
194.150	455
194.201	456
194.251	459
194.302	457
194.352	460
194.402	460
194.453	461
194.503	463
194.553	460
194.603	460
194.653	460
194.703	458
194.754	457
194.804	455
194.854	454
194.904	455
194.954	454
195.004	455
195.055	457
195.105	457
195.155	459
195.206	460
195.256	461
195.307	463
195.357	462
195.407	462
195.457	464
195.507	460
195.557	459
195.608	457
195.658	455
195.708	455
195.758	453
195.808	453
195.858	456
195.909	455
195.959	457
196.009	458
196.059	460
196.110	462
196.161	461
196.211	462
196.261	464
196.311	462
196.361	461
196.411	459
196.462	458
196.512	458
196.562	455
196.612	453
196.662	455
196.712	453
196.763	456
196.813	456
196.863	457
196.913	459
196.963	459
197.015	460
197.065	462
197.115	461
197.165	461
197.215	459
197.265	459
197.316	458
197.366	455
197.416	454
197.466	456
197.516	454
197.567	454
197.617	455
197.667	456
197.717	459
197.767	459
197.817	460
197.868	463
197.919	461
197.969	463
198.019	461
198.069	461
198.119	461
198.170	458
198.220	457
198.270	456
198.320	454
198.370	453
198.421	454
198.471	454
198.521	457
198.571	456
198.621	458
198.671	461
198.722	461
198.772	463
198.823	463
198.873	462
198.923	462
198.973	460
199.024	458
199.074	459
199.124	456
199.174	455
199.224	453
199.275	454
199.325	456
199.375	455
199.425	457
199.475	458
199.525	459
199.576	461
199.626	460
199.677	462
199.727	463
199.777	460
199.828	459
199.878	459
199.928	457
199.978	457
200.028	454
200.078	454
200.129	457
200.179	455
200.229	455
200.279	457
200.329	458
200.379	460
200.430	461
200.480	461
200.530	464
200.581	461
200.631	461
200.682	460
200.732	459
200.782	458
200.832	457
200.882	455
200.932	456
200.983	454
201.033	454
201.083	455
201.133	455
201.183	458
201.233	458
201.284	460
201.334	463
201.384	461
201.434	462
201.485	461
201.536	460
201.586	461
201.636	458
201.686	458
201.736	457
201.786	455
201.837	454
201.887	455
201.937	455
201.987	456
202.037	458
202.087	459
202.138	461
202.188	460
202.238	461
202.288	462
202.338	461
202.390	461
202.440	459
202.490	458
202.540	458
202.590	455
202.640	455
202.691	453
202.741	455
202.791	456
202.841	455
202.891	457
202.941	461
202.992	460
203.042	461
203.092	462
203.142	462
203.192	463
203.243	461
203.294	460
203.344	460
203.394	457
203.444	456
203.494	455
203.545	454
203.595	456
203.645	455
203.695	455
203.745	460
203.796	457
203.846	459
203.896	460
203.946	461
203.996	462
204.046	461
204.097	460
204.147	461
204.198	458
204.248	458
204.298	457
204.348	454
204.399	455
204.449	455
204.499	455
204.549	457
204.599	456
204.650	459
204.700	459
204.750	460
204.800	464
204.850	461
204.900	462
204.951	463
205.001	460
205.051	458
205.102	455
205.152	455
205.202	456
205.253	453
205.303	454
205.353	455
205.403	455
205.453	456
205.504	456
205.554	459
205.604	462
205.654	461
205.704	463
205.754	463
205.805	461
205.855	462
205.905	459
205.955	457
206.006	458
206.056	455
206.107	454
206.157	453
206.207	455
206.257	455
206.307	456
206.358	457
206.408	461
206.458	459
206.508	460
206.558	461
206.608	461
206.659	462
206.709	459
206.759	459
206.809	460
206.859	457
206.911	455
206.961	455
207.011	455
207.061	456
207.111	456
207.161	456
207.212	459
207.262	458
207.312	460
207.362	461
207.412	461
207.462	462
207.513	461
207.563	460
207.613	461
207.663	457
207.713	456
207.764	455
207.815	453
207.865	455
207.915	454
207.965	455
208.015	458
208.066	457
208.116	459
208.166	460
208.216	461
208.266	462
208.316	461
208.367	462
208.417	463
208.467	460
208.517	459
208.567	458
208.618	455
208.668	456
208.719	454
208.769	455
208.819	457
208.869	455
208.920	456
208.970	458
209.020	459
209.070	461
209.120	461
209.170	462
209.221	463
209.271	459
209.321	460
209.371	458
209.421	457
209.472	457
209.522	454
209.573	454
209.623	457
209.673	455
209.723	456
209.774	458
209.824	459
209.874	462
209.924	461
209.974	461
210.024	463
210.075	462
210.125	461
210.175	459
210.225	458
210.275	458
210.326	455
210.376	454
210.426	456
210.477	454
210.527	455
210.577	456
210.628	457
210.678	459
210.728	459
210.778	461
210.828	464
210.879	461
210.929	462
210.979	462
211.029	460
211.079	460
211.129	457
211.180	456
211.230	457
211.280	454
211.330	454
211.381	454
211.431	455
211.482	457
211.532	456
211.582	459
211.632	461
211.682	460
211.733	462
211.783	461
211.833	460
211.883	462
211.933	459
211.983	458
212.034	458
212.084	455
212.134	454
212.184	454
212.234	454
212.285	456
212.336	456
212.386	457
212.436	460
212.486	460
212.536	462
212.587	462
212.637	462
212.687	464
212.737	461
212.787	460
212.837	459
212.888	457
212.938	457
212.988	455
213.038	454
213.088	456
213.138	455
213.190	456
213.240	459
213.290	457
213.340	461
213.390	461
213.441	462
213.491	464
213.541	461
213.591	461
213.641	460
213.691	458
213.742	458
213.792	455
213.842	456
213.892	456
213.942	454
213.992	455
214.043	454
214.094	457
214.144	458
214.194	460
214.244	461
214.295	464
214.345	461
214.395	461
214.445	460
214.495	460
214.545	460
214.596	457
214.646	456
214.696	457
214.746	454
214.796	454
214.847	455
214.897	455
214.947	458
214.998	458
215.048	460
215.098	463
215.149	462
215.199	462
215.249	463
215.299	462
215.349	460
215.399	458
215.450	456
215.500	457
215.550	456
215.600	454
215.650	455
215.701	455
215.751	456
215.801	455
215.851	457
215.902	460
215.952	460
216.003	461
216.053	461
216.103	461
216.153	463
216.203	461
216.253	459
216.304	460
216.354	456
216.404	454
216.454	454
216.504	454
216.555	456
216.605	456
216.655	457
216.705	460
216.755	458
216.806	460
216.857	461
216.907	462
216.957	464
217.007	461
217.057	461
217.108	461
217.158	458
217.208	457
217.258	456
217.308	454
217.358	456
217.409	454
217.459	456
217.509	457
217.559	457
217.609	458
217.659	459
217.711	461
217.761	463
217.811	461
217.861	462
217.911	461
217.962	460
218.012	458
218.062	457
218.112	456
218.162	455
218.212	454
218.263	455
218.313	456
218.363	454
218.413	457
218.463	457
218.513	459
218.564	462
218.615	461
218.665	461
218.715	463
218.765	460
218.816	460
218.866	459
218.916	458
218.966	458
219.016	455
219.066	455
219.117	455
219.167	454
219.217	456
219.267	456
219.317	459
219.367	461
219.418	461
219.468	460
219.519	461
219.569	461
219.619	461
219.670	459
219.720	458
219.770	458
219.820	456
219.870	454
219.920	455
219.971	453
220.021	455
220.071	455
220.121	457
220.171	459
220.221	459
220.272	460
220.322	461
220.373	463
220.423	462
220.473	462
220.524	461
220.574	462
220.624	458
220.674	457
220.724	456
220.774	454
220.825	455
220.875	454
220.925	454
220.975	457
221.025	457
221.076	458
221.126	459
221.176	460
221.226	461
221.277	462
221.327	461
221.378	463
221.428	459
221.478	458
221.528	457
221.578	457
221.628	455
221.679	455
221.729	454
221.779	457
221.829	456
221.879	458
221.930	458
221.980	459
222.030	463
222.080	462
222.130	461
222.181	463
222.232	460
222.282	459
222.332	458
222.382	456
222.432	457
222.482	454
222.533	454
222.583	455
222.633	454
222.683	456
222.733	455
222.784	457
222.834	460
222.884	461
222.934	462
222.984	464
223.034	463
223.086	463
223.136	461
223.186	460
223.236	459
223.286	457
223.336	455
223.387	456
223.437	455
223.487	454
223.537	456
223.587	454
223.638	459
223.688	459
223.738	460
223.788	463
223.838	460
223.888	462
223.939	461
223.990	460
224.040	461
224.090	458
224.140	457
224.191	457
224.241	454
224.291	455
224.341	453
224.391	455
224.441	457
224.492	457
224.542	458
224.592	462
224.642	460
224.692	461
224.742	460
224.793	461
224.843	461
224.894	459
224.944	458
224.994	460
225.045	454
225.095	454
225.145	453
225.195	453
225.245	455
225.295	455
225.346	457
225.396	459
225.446	459
225.496	462
225.546	461
225.596	463
225.647	464
225.697	462
225.747	462
225.798	462
225.848	458
225.899	457
225.949	455
225.999	455
226.049	456
226.099	453
226.149	456
226.200	457
226.250	456
226.300	458
226.350	459
226.400	462
226.450	464
226.501	462
226.551	461
226.601	461
226.651	458
226.702	459
226.753	457
226.803	456
226.853	458
226.903	455
226.953	455
227.003	455
227.054	456
227.104	458
227.154	459
227.204	459
227.254	463
227.304	462
227.355	462
227.405	461
227.455	460
227.505	460
227.555	457
227.607	456
227.657	457
227.707	457
227.757	453
227.807	454
227.857	453
227.908	455
227.958	456
228.008	458
228.058	461
228.108	461
228.159	462
228.209	462
228.259	461
228.309	463
228.359	461
228.409	460
228.460	460
228.511	456
228.561	456
228.611	453
228.661	453
228.711	455
228.762	454
228.812	456
228.862	459
228.912	458
228.962	459
229.013	460
229.063	461
229.113	462
229.163	462
229.213	461
229.263	462
229.314	458
229.364	457
229.415	456
229.465	455
229.515	455
229.565	454
229.616	455
229.666	458
229.716	456
229.766	458
229.816	459
229.867	462
229.917	463
229.967	462
230.017	462
230.067	462
230.117	460
230.168	459
230.218	456
230.269	455
230.319	455
230.369	454
230.420	454
230.470	456
230.520	454
230.570	457
230.620	457
230.670	459
230.721	462
230.771	462
230.821	462
230.871	464
230.921	461
230.971	461
231.022	461
231.072	457
231.122	458
231.173	454
231.223	455
231.274	457
231.324	454
231.374	455
231.424	454
231.474	456
231.524	459
231.575	458
231.625	461
231.675	463
231.725	461
231.775	461
231.825	460
231.876	459
231.926	460
231.976	457
232.026	455
232.077	457
232.128	454
232.178	456
232.228	454
232.278	456
232.328	458
232.378	458
232.429	460
232.479	463
232.529	462
232.579	462
232.629	462
232.679	462
232.730	462
232.780	460
232.830	458
232.880	458
232.930	454
232.982	454
233.032	453
233.082	454
233.132	456
233.182	455
233.232	457
233.283	459
233.333	460
233.383	461
233.433	461
233.483	463
233.533	465
233.584	461
233.634	460
233.684	459
233.734	457
233.784	456
233.835	456
233.886	455
233.936	456
233.986	454
234.036	455
234.086	457
234.137	457
234.187	459
234.237	459
234.287	462
234.337	464
234.388	461
234.438	463
234.488	461
234.538	459
234.588	457
234.638	456
234.689	454
234.739	457
234.790	454
234.840	455
234.890	455
234.940	457
234.991	458
235.041	458
235.091	461
235.141	463
235.191	462
235.242	463
235.292	461
235.342	461
235.392	460
235.442	458
235.492	455
235.543	457
235.593	453
235.643	454
235.694	453
235.744	454
235.794	456
235.845	456
235.895	457
235.945	461
235.995	460
236.045	462
236.096	462
236.146	463
236.196	462
236.246	461
236.296	459
236.346	459
236.397	458
236.447	456
236.497	455
236.547	453
236.598	455
236.648	455
236.699	456
236.749	458
236.799	459
236.849	460
236.899	461
236.950	460
237.000	462
237.050	460
237.100	460
237.150	461
237.200	458
237.251	457
237.301	455
237.351	455
237.401	456
237.451	454
237.503	455
237.553	459
237.603	458
237.653	459
237.703	460
237.753	462
237.804	464
237.854	463
237.904	463
237.954	464
238.004	460
238.054	459
238.105	457
238.155	455
238.205	455
238.255	453
238.305	454
238.356	456
238.407	454
238.457	456
238.507	458
238.557	459
238.607	461
238.658	460
238.708	463
238.758	466
238.808	461
238.858	461
238.908	459
238.959	458
239.009	458
239.059	455
239.109	455
239.159	457
239.210	455
239.260	457
239.311	456
239.361	457
239.411	460
239.461	459
239.512	461
239.562	463
239.612	462
239.662	461
239.712	460
239.762	459
239.813	458
239.863	455
239.913	454
239.963	455
240.013	453
240.064	455
240.114	455
240.165	455
240.215	459
240.265	458
240.315	460
240.366	463
240.416	462
240.466	463
240.516	462
240.566	462
240.616	462
240.667	458
240.717	457
240.767	455
240.817	454
240.867	453
240.918	452
240.968	453
241.018	457
241.069	455
241.119	457
241.169	459
241.220	460
241.270	462
241.320	462
241.370	463
241.420	463
241.471	460
241.521	459
241.571	458
241.621	456
241.671	457
241.721	454
241.772	454
241.822	455
241.872	456
241.922	456
241.973	458
242.023	458
242.074	461
242.124	461
242.174	461
242.224	464
242.274	461
242.325	460
242.375	458
242.425	457
242.475	456
242.525	455
242.575	454
242.626	455
242.676	453
242.726	455
242.776	456
242.826	458
242.877	460
242.928	460
242.978	461
243.028	464
243.078	462
243.128	462
243.179	461
243.229	460
243.279	460
243.329	457
243.379	456
243.429	456
243.480	454
243.530	454
243.580	454
243.630	455
243.680	458
243.730	458
243.782	459
243.832	462
243.882	462
243.932	461
243.982	461
244.033	461
244.083	460
244.133	459
244.183	458
244.233	459
244.283	455
244.334	455
244.384	455
244.434	455
244.484	457
244.534	457
244.584	459
244.635	461
244.686	460
244.736	461
244.786	461
244.836	461
244.887	462
244.937	459
244.987	458
245.037	459
245.087	456
245.137	455
245.188	455
245.238	452
245.288	455
245.338	455
245.388	456
245.439	459
245.489	458
245.539	460
245.590	463
245.640	462
245.690	464
245.741	462
245.791	462
245.841	466
245.891	458
245.941	458
245.991	454
246.042	455
246.092	455
246.142	453
246.192	453
246.242	456
246.293	456
246.343	458
246.393	458
246.443	460
246.494	461
246.544	462
246.595	462
246.645	462
246.695	459
246.745	459
246.795	457
246.845	457
246.896	457
246.946	454
246.996	454
247.046	456
247.096	456
247.147	457
247.197	457
247.247	459
247.297	463
247.347	461
247.398	461
247.449	463
247.499	461
247.549	461
247.599	458
247.649	458
247.700	458
247.750	454
247.800	454
247.850	453
247.900	453
247.950	456
248.001	455
248.051	456
248.101	461
248.151	459
248.201	461
248.251	462
248.303	462
248.353	462
248.403	462
248.453	461
248.503	461
248.554	458
248.604	456
248.654	456
248.704	454
248.754	455
248.804	455
248.855	455
248.905	458
248.955	457
249.005	458
249.055	461
249.105	461
249.156	462
249.207	462
249.257	461
249.307	462
249.357	459
249.408	457
249.458	456
249.508	455
249.558	456
249.608	455
249.658	455
249.709	458
249.759	457
249.809	458
249.859	459
249.909	460
249.959	462
250.010	461
250.060	461
250.111	464
250.161	461
250.211	459
250.262	458
250.312	456
250.362	455
250.412	454
250.462	453
250.512	456
250.563	453
250.613	457
250.663	458
250.713	459
250.763	461
250.813	461
250.864	462
250.914	465
250.965	461
251.015	462
251.065	460
251.116	459
251.166	458
251.216	456
251.266	454
251.316	456
251.366	453
251.417	455
251.467	455
251.517	457
251.567	459
251.617	459
251.668	460
251.718	462
251.768	461
251.818	462
251.869	460
251.919	459
251.970	460
252.020	457
252.070	455
252.120	457
252.170	455
252.220	455
252.271	455
252.321	456
252.371	458
252.421	459
252.471	461
252.522	463
252.572	461
252.622	461
252.672	460
252.722	461
252.773	460
252.824	458
252.874	456
252.924	458
252.974	456
253.024	455
253.074	454
253.125	454
253.175	457
253.225	456
253.275	458
253.325	460
253.376	460
253.426	463
253.476	461
253.526	462
253.576	463
253.626	460
253.678	459
253.728	459
253.778	455
253.828	456
253.878	454
253.928	455
253.979	456
254.029	454
254.079	456
254.129	459
254.179	458
254.230	461
254.280	460
254.330	461
254.380	463
254.430	461
254.480	460
254.531	460
254.582	457
254.632	458
254.682	455
254.732	455
254.783	456
254.833	454
254.883	454
254.933	457
254.983	457
255.033	459
255.084	460
255.134	460
255.184	463
255.234	462
255.284	462
255.334	460
255.385	459
255.435	459
255.486	456
255.536	454
255.586	456
255.637	454
255.687	454
255.737	454
255.787	456
255.837	457
255.887	459
255.938	459
255.988	463
256.038	462
256.088	463
256.138	462
256.188	463
256.239	461
256.289	458
256.339	455
256.390	458
256.440	455
256.491	454
256.541	454
256.591	454
256.641	456
256.691	457
256.741	458
256.792	461
256.842	460
256.892	461
256.942	461
256.992	461
257.042	462
257.093	459
257.143	458
257.193	458
257.243	456
257.294	455
257.345	454
257.395	454
257.445	457
257.495	455
257.545	457
257.595	460
257.646	460
257.696	461
257.746	461
257.796	462
257.846	462
257.896	461
257.947	460
257.997	461
258.047	457
258.097	455
258.147	454
258.199	454
258.249	456
258.299	454
258.349	454
258.399	458
258.449	458
258.500	459
258.550	461
258.600	460
258.650	463
258.700	461
258.751	462
258.801	462
258.851	459
258.901	458
258.951	457
259.001	455
259.052	455
259.103	453
259.153	454
259.203	457
259.253	456
259.303	457
259.354	459
259.404	460
259.454	462
259.504	461
259.554	462
259.605	467
259.655	461
259.705	460
259.755	458
259.805	457
259.855	456
259.906	455
259.956	454
260.007	455
260.057	455
260.107	456
260.157	458
260.208	458
260.258	462
260.308	460
260.358	462
260.408	464
260.459	463
260.509	461
260.559	460
260.609	459
260.659	459
260.709	456
260.760	455
260.810	457
260.861	454
260.911	456
260.961	455
261.012	456
261.062	459
261.112	458
261.162	459
261.212	462
261.262	461
261.313	462
261.363	461
261.413	461
261.463	462
261.513	458
261.563	457
261.614	455
261.664	455
261.714	455
261.765	455
261.815	455
261.866	458
261.916	458
261.966	460
262.016	462
262.066	461
262.116	463
262.167	461
262.217	461
262.267	462
262.317	459
262.367	458
262.417	456
262.468	455
262.518	456
262.568	454
262.618	454
262.669	456
262.720	455
262.770	457
262.820	460
262.870	461
262.920	463
262.970	463
263.021	462
263.071	464
263.121	461
263.171	461
263.221	458
263.271	457
263.322	457
263.372	456
263.422	454
263.472	456
263.522	454
263.574	454
263.624	455
263.674	457
263.724	460
263.774	460
263.824	462
263.875	464
263.925	462
263.975	462
264.025	460
264.075	461
264.125	460
264.176	457
264.226	456
264.276	457
264.326	455
264.376	454
264.427	455
264.478	456
264.528	458
264.578	459
264.628	459
264.678	462
264.729	460
264.779	462
264.829	460
264.879	460
264.929	460
264.980	458
265.030	456
265.080	457
265.130	455
265.180	455
265.230	454
265.281	454
265.331	457
265.382	457
265.432	460
265.482	463
265.532	461
265.583	462
265.633	462
265.683	461
265.733	462
265.783	459
265.834	457
265.884	459
265.934	456
265.984	455
266.034	453
266.084	453
266.135	456
266.185	456
266.235	457
266.286	460
266.336	460
266.386	461
266.437	462
266.487	462
266.537	463
266.587	460
266.637	461
266.688	464
266.738	456
266.788	457
266.838	456
266.888	455
266.938	456
266.989	454
267.039	456
267.089	459
267.139	458
267.190	459
267.240	460
267.291	460
267.341	462
267.391	460
267.441	460
267.491	461
267.542	458
267.592	458
267.642	455
267.692	455
267.742	456
267.792	454
267.843	454
267.893	457
267.943	458
267.993	460
268.043	460
268.095	462
268.145	464
268.195	462
268.245	461
268.295	461
268.345	461
268.396	458
268.446	456
268.496	455
268.546	457
268.596	453
268.646	454
268.697	455
268.747	456
268.797	458
268.847	458
268.897	459
268.948	463
268.999	461
269.049	463
269.099	461
269.149	460
269.199	460
269.250	459
269.300	458
269.350	458
269.400	455
269.450	456
269.500	455
269.551	456
269.601	457
269.651	457
269.701	458
269.751	463
269.802	460
269.852	461
269.903	461
269.953	460
270.003	461
270.053	459
270.104	458
270.154	458
270.204	455
270.254	455
270.304	455
270.354	455
270.405	456
270.455	456
270.505	457
270.555	460
270.605	459
270.656	462
270.706	462
270.757	462
270.807	462
270.857	461
270.907	460
270.958	460
271.008	457
271.058	456
271.108	454
271.158	453
271.208	455
271.259	455
271.309	456
271.359	458
271.409	458
271.459	459
271.510	461
271.560	461
271.610	463
271.661	461
271.711	460
271.761	463
271.812	459
271.862	457
271.912	456
271.962	456
272.012	456
272.063	456
272.113	455
272.163	458
272.213	457
272.263	459
272.313	460
272.364	460
272.414	462
272.464	462
272.514	462
272.565	462
272.615	459
272.666	457
272.716	456
272.766	456
272.816	456
272.866	454
272.917	455
272.967	457
273.017	456
273.067	458
273.117	458
273.167	460
273.218	463
273.268	461
273.318	462
273.368	463
273.418	460
273.469	460
273.520	458
273.570	456
273.620	457
273.670	454
273.720	455
273.771	457
273.821	454
273.871	456
273.921	457
273.971	458
274.021	462
274.072	461
274.122	463
274.172	463
274.222	461
274.272	460
274.322	458
274.374	457
274.424	458
274.474	456
274.524	454
274.574	456
274.625	456
274.675	456
274.725	457
274.775	457
274.825	462
274.875	459
274.926	461
274.976	463
275.026	461
275.076	461
275.126	460
275.176	458
275.227	459
275.278	456
275.328	455
275.378	456
275.428	454
275.479	456
275.529	455
275.579	457
275.629	461
275.679	460
275.729	460
275.780	461
275.830	462
275.880	462
275.930	460
275.980	460
276.031	461
276.081	456
276.131	456
276.182	457
276.232	454
276.282	456
276.333	456
276.383	456
276.433	459
276.483	458
276.533	460
276.583	461
276.634	462
276.684	462
276.734	461
276.784	460
276.834	461
276.885	458
276.935	457
276.985	455
277.035	455
277.086	456
277.136	455
277.187	455
277.237	460
277.287	459
277.337	459
277.387	460
277.437	462
277.488	464
277.538	462
277.588	462
277.638	462
277.688	458
277.739	457
277.789	456
277.839	456
277.889	456
277.939	455
277.990	455
278.041	458
278.091	457
278.141	459
278.191	459
278.241	460
278.292	462
278.342	460
278.392	461
278.442	463
278.492	459
278.542	458
278.593	457
278.643	456
278.693	456
278.743	455
278.793	456
278.843	458
278.895	456
278.945	457
278.995	457
279.045	460
279.095	462
279.146	461
279.196	462
279.246	463
279.296	460
279.346	460
279.396	458
279.447	456
279.497	457
279.547	455
279.597	455
279.647	457
279.697	456
279.748	457
279.799	459
279.849	460
279.899	462
279.949	460
280.000	463
280.050	463
280.100	461
280.150	461
280.200	459
280.250	457
280.301	458
280.351	456
280.401	455
280.451	459
280.501	456
280.551	456
280.602	456
280.652	458
280.703	461
280.753	461
280.803	460
280.854	465
280.904	462
280.954	461
281.004	459
281.054	459
281.104	459
281.155	456
281.205	455
281.255	457
281.305	455
281.355	456
281.405	456
281.456	458
281.506	460
281.557	459
281.607	461
281.657	463
281.708	462
281.758	462
281.808	460
281.858	460
281.908	460
281.958	457
282.009	456
282.059	457
282.109	456
282.159	455
282.209	455
282.260	456
282.310	459
282.360	459
282.410	461
282.461	463
282.511	462
282.562	461
282.612	462
282.662	461
282.712	461
282.762	459
282.812	458
282.863	457
282.913	455
282.963	456
283.013	455
283.063	455
283.114	458
283.164	457
283.214	459
283.264	461
283.314	461
283.365	461
283.416	462
283.466	461
283.516	462
283.566	459
283.616	457
283.666	457
283.717	455
283.767	456
283.817	454
283.867	455
283.917	459
283.968	458
284.018	459
284.068	460
284.118	461
284.168	462
284.218	461
284.270	462
284.320	463
284.370	460
284.420	458
284.470	457
284.520	456
284.571	457
284.621	454
284.671	454
284.721	457
284.771	456
284.822	457
284.872	458
284.922	459
284.972	461
285.022	461
285.072	462
285.123	464
285.174	461
285.224	461
285.274	458
285.324	458
285.375	457
285.425	456
285.475	455
285.525	458
285.575	456
285.625	456
285.676	457
285.726	460
285.776	460
285.826	460
285.876	462
285.926	463
285.977	460
286.027	461
286.078	459
286.128	458
286.178	458
286.229	456
286.279	454
286.329	456
286.379	454
286.429	455
286.479	457
286.530	458
286.580	459
286.630	460
286.680	462
286.730	464
286.780	462
286.831	464
286.881	462
286.931	461
286.982	460
287.032	457
287.083	456
287.133	457
287.183	453
287.233	454
287.283	454
287.333	455
287.384	459
287.434	457
287.484	459
287.534	466
287.584	461
287.634	462
287.685	462
287.735	462
287.785	462
287.835	459
287.886	458
287.937	458
287.987	456
288.037	455
288.087	455
288.137	454
288.187	458
288.238	458
288.288	460
288.338	462
288.388	461
288.438	462
288.488	462
288.539	462
288.589	464
288.639	459
288.689	459
288.739	458
288.791	454
288.841	456
288.891	454
288.941	454
288.991	456
289.041	455
289.092	456
289.142	459
289.192	459
289.242	461
289.292	461
289.343	463
289.393	465
289.443	462
289.493	462
289.543	461
289.593	459
289.644	459
289.695	456
289.745	455
289.795	456
289.845	454
289.895	456
289.946	455
289.996	456
290.046	458
290.096	459
290.146	460
290.197	464
290.247	462
290.297	461
290.347	461
290.397	460
290.447	459
290.498	458
290.548	457
290.599	458
290.649	455
290.699	456
290.749	455
290.800	455
290.850	458
290.900	459
290.950	459
291.000	463
291.051	462
291.101	462
291.151	462
291.201	461
291.251	460
291.301	459
291.352	457
291.402	458
291.453	455
291.503	454
291.553	454
291.604	454
291.654	456
291.704	456
291.754	457
291.804	461
291.854	460
291.905	462
291.955	460
292.005	462
292.055	463
292.105	461
292.155	460
292.206	460
292.256	456
292.306	456
292.357	455
292.407	455
292.458	456
292.508	455
292.558	456
292.608	459
292.658	459
292.708	459
292.759	460
292.809	461
292.859	463
292.909	460
292.959	460
293.009	461
293.060	458
293.110	456
293.160	455
293.210	454
293.261	456
293.312	455
293.362	456
293.412	458
293.462	459
293.512	459
293.562	461
293.613	461
293.663	463
293.713	461
293.763	461
293.813	462
293.863	459
293.914	459
293.964	456
294.014	454
294.064	455
294.114	455
294.166	455
294.216	458
294.266	456
294.316	458
294.366	459
294.416	460
294.467	463
294.517	461
294.567	463
294.617	464
294.667	462
294.717	460
294.768	458
294.818	457
294.868	458
294.918	455
294.968	454
295.019	456
295.070	456
295.120	456
295.170	456
295.220	460
295.270	462
295.321	461
295.371	461
295.421	463
295.471	461
295.521	460
295.572	459
295.622	457
295.672	459
295.722	456
295.772	454
295.822	456
295.873	454
295.923	456
295.974	457
296.024	457
296.074	460
296.124	459
296.175	462
296.225	462
296.275	462
296.325	462
296.375	460
296.426	460
296.476	460
296.526	456
296.576	455
296.626	455
296.676	454
296.727	456
296.777	455
296.827	457
296.878	460
296.928	459
296.978	459
297.029	461
297.079	462
297.129	463
297.179	461
297.229	460
297.280	461
297.330	458
297.380	457
297.430	455
297.480	455
297.530	455
297.581	455
297.631	456
297.681	458
297.731	458
297.782	459
297.832	460
297.883	460
297.933	463
297.983	462
298.033	463
298.083	462
298.134	459
298.184	458
298.234	457
298.284	455
298.334	456
298.384	456
298.435	454
298.485	457
298.535	455
298.585	458
298.635	459
298.687	460
298.737	462
298.787	461
298.837	462
298.887	463
298.937	460
298.988	460
299.038	458
299.088	458
299.138	457
299.188	454
299.238	455
299.289	456
299.339	454
299.389	456
299.439	457
299.489	459
299.540	460
299.591	461
299.641	462
299.691	464
299.741	463
299.791	461
299.842	460
299.892	459
299.942	458
299.992	455
300.042	455
300.092	457
300.143	454
300.193	455
300.243	456
300.293	458
300.343	461
300.394	460
300.444	461
300.495	463
300.545	462
300.595	463
300.645	461
300.696	460
300.746	460
300.796	457
300.846	455
300.896	457
300.946	454
300.997	454
301.047	455
301.097	456
301.147	458
301.197	458
301.248	459
301.298	463
301.349	462
301.399	462
301.449	462
301.499	461
301.550	461
301.600	460
301.650	458
301.700	457
301.750	455
301.800	454
301.851	456
301.901	456
301.951	456
302.001	456
302.051	459
302.102	461
302.152	460
302.202	463
302.253	462
302.303	462
302.353	463
302.404	460
302.454	459
302.504	459
302.554	455
302.604	455
302.655	456
302.705	454
302.755	457
302.805	456
302.855	456
302.905	460
302.956	460
303.006	461
303.056	461
303.106	462
303.157	463
303.207	461
303.258	460
303.308	460
303.358	457
303.408	456
303.458	454
303.509	454
303.559	456
303.609	454
303.659	456
303.709	458
303.759	458
303.810	460
303.860	461
303.910	462
303.960	464
304.010	462
304.061	461
304.112	459
304.162	459
304.212	458
304.262	456
304.312	455
304.363	457
304.413	455
304.463	455
304.513	455
304.563	457
304.613	459
304.664	459
304.714	461
304.764	463
304.814	464
304.864	463
304.914	462
304.966	461
305.016	460
305.066	458
305.116	457
305.166	458
305.217	456
305.267	456
305.317	454
305.367	455
305.417	457
305.467	457
305.518	459
305.568	462
305.618	461
305.668	462
305.718	462
305.768	462
305.819	462
305.870	459
305.920	459
305.970	458
306.020	456
306.071	456
306.121	454
306.171	455
306.221	456
306.271	456
306.321	458
306.372	461
306.422	459
306.472	461
306.522	462
306.572	462
306.623	462
306.673	460
306.723	461
306.774	461
306.824	458
306.874	457
306.925	455
306.975	455
307.025	455
307.075	455
307.125	456
307.175	459
307.226	459
307.276	460
307.326	460
307.376	461
307.426	462
307.477	462
307.527	461
307.577	462
307.627	458
307.678	458
307.728	455
307.779	455
307.829	456
307.879	454
307.929	454
307.979	457
308.029	457
308.080	458
308.130	459
308.180	460
308.230	463
308.280	462
308.331	462
308.381	466
308.431	461
308.481	459
308.531	458
308.582	456
308.633	456
308.683	454
308.733	454
308.783	456
308.833	456
308.884	457
308.934	458
308.984	459
309.034	462
309.084	461
309.134	462
309.185	464
309.235	461
309.285	460
309.335	459
309.385	457
309.435	458
309.487	454
309.537	454
309.587	456
309.637	455
309.687	457
309.738	457
309.788	458
309.838	461
309.888	460
309.938	461
309.988	463
310.039	462
310.089	463
310.139	461
310.189	460
310.239	460
310.289	457
310.340	456
310.391	455
310.441	454
310.491	456
310.541	456
310.592	457
310.642	460
310.692	459
310.742	460
310.792	463
310.842	461
310.893	462
310.943	460
310.993	459
311.043	461
311.093	458
311.143	456
311.194	455
311.244	454
311.295	454
311.345	455
311.395	455
311.446	458
311.496	458
311.546	459
311.596	460
311.646	462
311.696	464
311.747	463
311.797	463
311.847	464
311.897	460
311.947	459
311.997	458
312.048	455
312.098	455
312.149	453
312.199	454
312.249	456
312.300	455
312.350	457
312.400	458
312.450	459
312.500	462
312.550	461
312.601	461
312.651	464
312.701	461
312.751	460
312.801	459
312.852	458
312.902	458
312.952	455
313.002	454
313.053	456
313.103	455
313.154	456
313.204	456
313.254	457
313.304	461
313.354	460
313.404	461
313.455	463
313.505	461
313.555	462
313.605	460
313.655	459
313.706	459
313.756	456
313.806	455
313.856	456
313.906	453
313.957	454
314.008	455
314.058	456
314.108	458
314.158	459
314.208	460
314.258	463
314.309	463
314.359	464
314.409	463
314.459	462
314.509	462
314.560	460
314.610	458
314.660	458
314.710	454
314.760	454
314.810	454
314.862	454
314.912	456
314.962	456
315.012	458
315.062	461
315.112	460
315.163	462
315.213	462
315.263	461
315.313	463
315.363	459
315.414	459
315.464	460
315.514	457
315.564	455
315.614	454
315.664	455
315.715	456
315.766	455
315.816	457
315.866	463
315.916	459
315.967	460
316.017	461
316.067	462
316.117	463
316.167	462
316.217	461
316.268	461
316.318	458
316.368	457
316.418	455
316.468	455
316.518	454
316.569	453
316.619	455
316.670	457
316.720	457
316.770	459
316.821	459
316.871	461
316.921	464
316.971	463
317.021	462
317.071	463
317.122	461
317.172	461
317.222	458
317.272	456
317.322	457
317.372	454
317.423	454
317.473	455
317.523	455
317.574	457
317.624	458
317.675	458
317.725	461
317.775	461
317.825	461
317.875	461
317.925	460
317.976	461
318.026	460
318.076	458
318.126	460
318.176	457
318.226	454
318.277	454
318.327	454
318.377	457
318.427	456
318.478	459
318.529	461
318.579	460
318.629	462
318.679	462
318.729	461
318.779	462
318.830	460
318.880	460
318.930	460
318.980	456
319.030	456
319.080	454
319.131	454
319.181	455
319.231	455
319.281	455
319.331	458
319.383	458
319.433	460
319.483	461
319.533	462
319.583	463
319.633	462
319.684	462
319.734	463
319.784	460
319.834	459
319.884	456
319.935	455
319.985	455
320.035	454
320.085	454
320.135	457
320.185	457
320.236	459
320.287	459
320.337	460
320.387	463
320.437	462
320.487	461
320.538	463
320.588	460
320.638	460
320.688	459
320.738	456
320.789	457
320.839	455
320.889	455
320.939	456
320.989	455
321.039	457
321.090	457
321.140	459
321.191	462
321.241	461
321.291	462
321.341	463
321.392	462
321.442	461
321.492	460
321.542	458
321.592	458
321.643	455
321.693	455
321.743	456
321.793	455
321.843	455
321.893	456
321.944	457
321.994	460
322.045	460
322.095	461
322.145	465
322.196	462
322.246	464
322.296	461
322.346	459
322.396	460
322.446	457
322.497	456
322.547	457
322.597	454
322.647	455
322.697	454
322.747	456
322.798	458
322.848	458
322.898	460
322.949	463
322.999	461
323.050	463
323.100	462
323.150	461
323.200	461
323.250	459
323.300	457
323.351	458
323.401	455
323.451	455
323.501	454
323.551	456
323.601	457
323.652	457
323.702	459
323.752	461
323.802	460
323.853	462
323.904	462
323.954	462
324.004	463
324.054	460
324.104	457
324.154	458
324.205	456
324.255	455
324.305	454
324.355	454
324.405	457
324.455	455
324.506	457
324.556	459
324.606	459
324.656	461
324.706	461
324.758	463
324.808	465
324.858	461
324.908	461
324.958	459
325.008	458
325.059	457
325.109	455
325.159	455
325.209	456
325.259	455
325.309	455
325.360	457
325.410	457
325.460	459
325.510	459
325.560	461
325.611	464
325.662	462
325.712	461
325.762	460
325.812	459
325.862	459
325.913	456
325.963	456
326.013	458
326.063	455
326.113	454
326.164	455
326.214	456
326.264	458
326.314	459
326.364	461
326.414	464
326.465	463
326.515	462
326.566	462
326.616	461
326.666	460
326.716	457
326.767	457
326.817	457
326.867	455
326.917	454
326.967	453
327.018	455
327.068	456
327.118	457
327.168	458
327.218	461
327.268	461
327.319	461
327.369	462
327.419	461
327.470	463
327.520	460
327.570	459
