#Creator: pendulumdriveEventBuffer
#Creation time: Tue Mar 21 16:00:21 2017
#Time	Pos
#[s]	[au]
0.050	554
0.100	559
0.150	556
0.200	550
0.250	540
0.301	524
0.351	508
0.401	489
0.451	469
0.501	447
0.552	428
0.602	411
0.652	397
0.703	386
0.753	378
0.803	380
0.854	380
0.904	388
0.954	400
1.004	417
1.054	436
1.104	456
1.155	480
1.205	501
1.255	521
1.305	535
1.355	548
1.406	555
1.456	558
1.506	555
1.556	547
1.607	532
1.657	517
1.708	498
1.758	479
1.808	458
1.858	439
1.908	421
1.958	406
2.009	398
2.059	387
2.109	386
2.159	385
2.209	392
2.260	401
2.310	414
2.360	430
2.410	446
2.460	464
2.511	483
2.562	500
2.612	517
2.662	531
2.712	542
2.762	547
2.813	549
2.863	544
2.913	538
2.963	527
3.013	512
3.063	494
3.114	474
3.164	454
3.214	436
3.264	417
3.314	405
3.364	394
3.416	387
3.466	386
3.516	389
3.566	397
3.616	409
3.667	422
3.717	441
3.767	459
3.817	477
3.867	494
3.917	509
3.968	524
4.018	531
4.068	538
4.118	539
4.168	539
4.218	533
4.269	525
4.320	512
4.370	498
4.420	482
4.470	465
4.521	449
4.571	433
4.621	420
4.671	408
4.721	399
4.771	394
4.822	394
4.872	396
4.922	404
4.972	415
5.022	429
5.072	445
5.123	463
5.173	481
5.224	499
5.274	514
5.324	527
5.375	536
5.425	541
5.475	542
5.525	537
5.575	530
5.625	516
5.676	504
5.726	487
5.776	470
5.826	452
5.876	437
5.926	423
5.977	412
6.027	405
6.077	400
6.128	398
6.178	401
6.229	407
6.279	416
6.329	428
6.379	441
6.429	456
6.479	472
6.530	487
6.580	502
6.630	514
6.680	525
6.730	533
6.781	537
6.831	537
6.881	533
6.931	525
6.981	514
7.032	499
7.083	484
7.133	466
7.183	448
7.233	432
7.283	417
7.333	407
7.384	399
7.434	397
7.484	399
7.534	404
7.584	410
7.635	423
7.685	435
7.735	453
7.785	468
7.835	485
7.885	498
7.937	512
7.987	521
8.037	529
8.087	532
8.137	535
8.187	529
8.238	523
8.288	512
8.338	502
8.388	489
8.438	475
8.489	460
8.539	444
8.589	431
8.639	419
8.689	409
8.739	403
8.790	399
8.841	400
8.891	405
8.941	413
8.991	426
9.041	439
9.092	456
9.142	471
9.192	489
9.242	502
9.292	517
9.343	526
9.393	533
9.443	536
9.493	533
9.543	529
9.593	520
9.644	509
9.694	494
9.745	481
9.795	464
9.845	450
9.896	436
9.946	424
9.996	416
10.046	409
10.096	404
10.146	405
10.197	407
10.247	414
10.297	422
10.347	433
10.397	446
10.447	460
10.498	475
10.548	491
10.598	503
10.649	515
10.699	526
10.750	530
10.800	534
10.850	533
10.900	527
10.950	519
11.000	506
11.051	491
11.101	477
11.151	461
11.201	444
11.251	431
11.301	419
11.352	410
11.402	406
11.452	402
11.502	405
11.553	411
11.604	418
11.654	430
11.704	442
11.754	456
11.804	471
11.854	484
11.905	496
11.955	508
12.005	517
12.055	523
12.105	526
12.155	526
12.206	523
12.256	518
12.306	510
12.356	499
12.406	486
12.458	474
12.508	457
12.558	442
12.608	431
12.658	421
12.708	412
12.759	406
12.809	404
12.859	406
12.909	411
12.959	421
13.009	432
13.060	446
13.110	459
13.160	476
13.210	491
13.260	504
13.311	513
13.362	523
13.412	526
13.462	527
13.512	524
13.562	519
13.613	511
13.663	500
13.713	488
13.763	477
13.813	463
13.864	450
13.914	440
13.964	429
14.014	422
14.064	415
14.114	413
14.165	413
14.216	414
14.266	419
14.316	428
14.366	438
14.416	452
14.467	463
14.517	478
14.567	491
14.617	503
14.667	514
14.718	520
14.768	526
14.818	528
14.868	526
14.918	518
14.968	509
15.019	498
15.069	484
15.120	471
15.170	456
15.220	442
15.270	432
15.321	422
15.371	418
15.421	412
15.471	412
15.521	415
15.572	422
15.622	428
15.672	438
15.722	449
15.772	460
15.822	473
15.873	484
15.923	494
15.973	504
16.024	512
16.074	517
16.125	520
16.175	520
16.225	518
16.275	511
16.325	503
16.375	492
16.426	482
16.476	470
16.526	456
16.576	444
16.626	431
16.676	423
16.727	416
16.777	412
16.827	411
16.877	414
16.928	420
16.979	430
17.029	441
17.079	454
17.129	467
17.179	480
17.229	494
17.280	504
17.330	512
17.380	515
17.430	520
17.480	520
17.530	515
17.581	511
17.631	503
17.681	493
17.731	482
17.781	471
17.833	460
17.883	450
17.933	439
17.983	431
18.033	425
18.083	420
18.134	419
18.184	418
18.234	421
18.284	427
18.334	434
18.384	445
18.435	455
18.485	469
18.535	480
18.585	494
18.635	503
18.686	513
18.737	518
18.787	522
18.837	522
18.887	517
18.937	511
18.988	502
19.038	489
19.088	478
19.138	465
19.188	453
19.238	441
19.289	432
19.339	425
19.389	420
19.439	418
19.489	419
19.540	422
19.590	428
19.641	434
19.691	444
19.741	455
19.791	464
19.842	475
19.892	486
19.942	494
19.992	503
20.042	510
20.093	513
20.143	515
20.193	513
20.243	512
20.293	507
20.343	497
20.394	487
20.444	478
20.494	464
20.545	453
20.595	442
20.645	430
20.696	423
20.746	419
20.796	416
20.846	418
20.896	421
20.947	427
20.997	437
21.047	448
21.097	460
21.147	472
21.197	483
21.248	494
21.298	502
21.348	509
21.398	513
21.449	515
21.499	514
21.550	509
21.600	503
21.650	498
21.700	489
21.750	478
21.801	469
21.851	459
21.901	449
21.951	442
22.001	434
22.051	429
22.102	424
22.152	422
22.202	423
22.252	426
22.302	432
22.353	438
22.404	450
22.454	461
22.504	471
22.554	483
22.604	494
22.655	502
22.705	512
22.755	514
22.805	516
22.855	515
22.905	511
22.956	505
23.006	495
23.056	485
23.106	473
23.156	462
23.206	451
23.258	441
23.308	434
23.358	428
23.408	425
23.458	423
23.509	425
23.559	428
23.609	434
23.659	440
23.709	450
23.759	458
23.810	467
23.860	477
23.910	486
23.960	494
24.010	499
24.061	506
24.111	509
24.162	511
24.212	510
24.262	506
24.312	501
24.363	494
24.413	483
24.463	473
24.513	463
24.563	452
24.613	440
24.664	433
24.714	426
24.764	423
24.814	421
24.864	422
24.915	427
24.965	434
25.016	443
25.066	454
25.116	464
25.166	474
25.217	484
25.267	494
25.317	500
25.367	506
25.417	508
25.467	508
25.518	508
25.568	504
25.618	498
25.668	491
25.718	483
25.769	475
25.819	467
25.869	458
25.920	449
25.970	442
26.020	435
26.071	432
26.121	427
26.171	426
26.221	427
26.271	431
26.321	436
26.372	445
26.422	454
26.472	462
26.522	475
26.572	484
26.623	493
26.673	501
26.723	509
26.773	512
26.824	511
26.874	509
26.925	504
26.975	497
27.025	489
27.075	479
27.125	470
27.176	459
27.226	450
27.276	443
27.326	437
27.376	431
27.426	429
27.477	429
27.527	433
27.577	434
27.627	439
27.677	447
27.728	454
27.779	460
27.829	468
27.879	477
27.929	487
27.979	493
28.030	498
28.080	503
28.130	506
28.180	507
28.230	505
28.280	501
28.331	496
28.381	489
28.431	479
28.481	469
28.531	459
28.581	449
28.633	440
28.683	434
28.733	431
28.783	427
28.833	427
28.884	428
28.934	434
28.984	441
29.034	450
29.084	458
29.134	469
29.185	477
29.235	486
29.285	493
29.335	497
29.385	503
29.435	505
29.486	502
29.537	502
29.587	499
29.637	493
29.687	485
29.738	480
29.788	473
29.838	464
29.888	458
29.938	451
29.988	442
30.039	437
30.089	432
30.139	430
30.189	430
30.239	432
30.289	436
30.340	442
30.390	449
30.441	458
30.491	466
30.541	477
30.592	487
30.642	495
30.692	502
30.742	505
30.792	507
30.842	506
30.893	502
30.943	497
30.993	491
31.043	483
31.093	474
31.144	464
31.194	457
31.244	449
31.294	442
31.345	438
31.395	436
31.446	433
31.496	435
31.546	437
31.596	438
31.646	444
31.696	450
31.747	455
31.797	465
31.847	471
31.897	479
31.947	486
31.998	491
32.048	497
32.098	500
32.148	503
32.198	505
32.249	501
32.300	496
32.350	490
32.400	483
32.450	474
32.500	465
32.550	456
32.601	447
32.651	440
32.701	434
32.751	430
32.801	431
32.852	432
32.902	434
32.952	440
33.002	448
33.052	454
33.102	463
33.154	472
33.204	479
33.254	487
33.304	492
33.354	495
33.405	500
33.455	500
33.505	499
33.555	497
33.605	493
33.655	490
33.706	483
33.756	477
33.806	472
33.856	464
33.906	457
33.956	450
34.007	444
34.058	439
34.108	436
34.158	433
34.208	436
34.259	436
34.309	440
34.359	448
34.409	454
34.459	463
34.509	470
34.560	480
34.610	489
34.660	494
34.710	499
34.760	501
34.810	504
34.861	501
34.911	496
34.962	492
35.012	486
35.062	477
35.113	469
35.163	463
35.213	456
35.263	450
35.313	445
35.363	441
35.414	441
35.464	438
35.514	439
35.564	441
35.614	444
35.664	448
35.715	454
35.765	459
35.816	467
35.866	472
35.916	480
35.967	485
36.017	491
36.067	496
36.117	499
36.167	500
36.217	499
36.268	497
36.318	493
36.368	486
36.418	479
36.468	471
36.518	463
36.569	454
36.619	447
36.669	442
36.720	436
36.770	435
36.821	434
36.871	437
36.921	440
36.971	447
37.021	453
37.071	459
37.122	466
37.172	474
37.222	480
37.272	486
37.322	489
37.373	493
37.423	494
37.473	495
37.523	494
37.573	492
37.624	489
37.675	486
37.725	480
37.775	475
37.825	469
37.875	463
37.925	456
37.976	449
38.026	444
38.076	440
38.126	439
38.176	437
38.227	438
38.277	441
38.327	445
38.377	451
38.427	458
38.477	468
38.529	475
38.579	482
38.629	489
38.679	493
38.729	498
38.779	498
38.830	498
38.880	497
38.930	492
38.980	486
39.030	480
39.081	474
39.131	468
39.181	461
39.231	457
39.281	452
39.331	447
39.382	445
39.433	443
39.483	442
39.533	443
39.583	444
39.633	447
39.684	452
39.734	456
39.784	462
39.834	466
39.884	473
39.935	479
39.985	486
40.035	491
40.085	497
40.135	497
40.185	497
40.236	495
40.286	493
40.337	488
40.387	480
40.437	474
40.488	467
40.538	459
40.588	452
40.638	446
40.688	443
40.738	440
40.789	439
40.839	439
40.889	443
40.939	446
40.989	452
41.039	457
41.090	462
41.140	469
41.190	474
41.241	479
41.291	485
41.342	487
41.392	489
41.442	491
41.492	491
41.542	490
41.592	489
41.643	487
41.693	483
41.743	479
41.793	473
41.843	467
41.893	462
41.944	455
41.994	448
42.044	446
42.094	442
42.145	439
42.196	440
42.246	443
42.296	446
42.346	451
42.396	455
42.446	462
42.497	471
42.547	478
42.597	483
42.647	489
42.697	491
42.747	495
42.798	494
42.848	493
42.898	490
42.948	486
42.998	482
43.050	477
43.100	472
43.150	467
43.200	460
43.250	456
43.300	454
43.351	449
43.401	447
43.451	445
43.501	445
43.551	446
43.601	447
43.652	449
43.702	452
43.752	458
43.802	463
43.852	468
43.903	475
43.954	481
44.004	487
44.054	490
44.104	492
44.154	495
44.205	495
44.255	491
44.305	488
44.355	483
44.405	477
44.456	470
44.506	463
44.556	457
44.606	451
44.656	447
44.706	445
44.757	443
44.808	443
44.858	445
44.908	448
44.958	451
45.008	456
45.059	460
45.109	466
45.159	470
45.209	474
45.259	479
45.310	482
45.360	484
45.410	487
45.460	488
45.510	488
45.560	490
45.611	486
45.661	485
45.712	481
45.762	476
45.812	471
45.862	465
45.913	460
45.963	453
46.013	449
46.063	446
46.113	442
46.164	442
46.214	443
46.264	446
46.314	450
46.364	455
46.414	461
46.465	466
46.515	473
46.565	479
46.616	483
46.666	486
46.717	488
46.767	491
46.817	489
46.867	487
46.917	485
46.967	482
47.018	479
47.068	474
47.118	469
47.168	466
47.218	462
47.268	458
47.319	455
47.369	452
47.419	450
47.469	447
47.520	446
47.571	445
47.621	450
47.671	452
47.721	456
47.771	461
47.821	466
47.872	471
47.922	477
47.972	484
48.022	488
48.072	489
48.122	492
48.173	491
48.223	490
48.273	486
48.323	482
48.373	479
48.425	471
48.475	466
48.525	460
48.575	457
48.625	453
48.675	450
48.726	449
48.776	449
48.826	450
48.876	450
48.926	453
48.976	455
49.027	459
49.077	461
49.127	465
49.177	470
49.227	473
49.278	476
49.329	480
49.379	483
49.429	485
49.479	486
49.529	488
49.580	488
49.630	484
49.680	483
49.730	479
49.780	474
49.830	469
49.881	462
49.931	456
49.981	453
50.031	448
50.081	448
50.132	445
50.182	446
50.233	448
50.283	452
50.333	456
50.383	462
50.434	465
50.484	470
50.534	475
50.584	478
50.634	481
50.685	483
50.735	484
50.785	484
50.835	484
50.885	482
50.935	480
50.986	479
51.036	476
51.086	473
51.137	470
51.187	467
51.237	464
51.288	459
51.338	457
51.388	452
51.438	450
51.488	448
51.539	448
51.589	449
51.639	451
51.689	455
51.739	459
51.789	464
51.840	469
51.890	475
51.940	479
51.990	483
52.041	485
52.091	488
52.142	487
52.192	487
52.242	484
52.292	481
52.342	476
52.393	472
52.443	469
52.493	464
52.543	461
52.593	458
52.643	456
52.694	454
52.744	453
52.794	453
52.844	453
52.894	454
52.945	455
52.996	458
53.046	460
53.096	462
53.146	464
53.196	468
53.247	472
53.297	475
53.347	479
53.397	482
53.447	484
53.497	484
53.548	486
53.598	484
53.648	482
53.698	480
53.748	475
53.798	470
53.850	465
53.900	461
53.950	456
54.000	453
54.050	449
54.101	450
54.151	450
54.201	452
54.251	453
54.301	457
54.351	460
54.402	464
54.452	467
54.502	470
54.552	474
54.602	476
54.653	480
54.703	479
54.754	481
54.804	482
54.854	478
54.904	480
54.955	479
55.005	476
55.055	475
55.105	471
55.155	472
55.205	467
55.256	462
55.306	459
55.356	457
55.406	452
55.456	452
55.507	449
55.557	451
55.608	451
55.658	455
55.708	458
55.758	463
55.809	468
55.859	472
55.909	475
55.959	482
56.009	482
56.059	482
56.110	485
56.160	483
56.210	480
56.260	479
56.310	475
56.361	472
56.411	469
56.461	467
56.512	466
56.562	460
56.612	462
56.663	462
56.713	458
56.763	455
56.813	456
56.863	457
56.913	457
56.964	456
57.014	457
57.064	460
57.114	461
57.164	464
57.215	469
57.265	475
57.315	478
57.365	480
57.416	482
57.466	483
57.517	485
57.567	482
57.617	482
57.667	478
57.717	473
57.768	468
57.818	466
57.868	461
57.918	458
57.968	455
58.018	455
58.069	454
58.119	455
58.169	455
58.219	457
58.269	459
58.320	461
58.371	462
58.421	466
58.471	467
58.521	469
58.571	472
58.622	473
58.672	475
58.722	476
58.772	478
58.822	478
58.872	479
58.923	480
58.973	479
59.023	477
59.073	475
59.123	470
59.173	468
59.225	464
59.275	461
59.325	458
59.375	454
59.425	451
59.476	452
59.526	453
59.576	455
59.626	456
59.676	460
59.726	464
59.777	468
59.827	471
59.877	474
59.927	476
59.977	478
60.027	479
60.078	478
60.129	478
60.179	477
60.229	476
60.279	474
60.330	473
60.380	473
60.430	470
60.480	468
60.530	467
60.580	464
60.631	462
60.681	461
60.731	460
60.781	458
60.831	456
60.881	455
60.932	455
60.982	457
61.033	459
61.083	461
61.133	464
61.184	467
61.234	472
61.284	475
61.334	480
61.384	480
61.434	482
61.485	482
61.535	480
61.585	479
61.635	476
61.685	473
61.736	471
61.786	465
61.836	463
61.886	461
61.937	460
61.987	458
62.038	458
62.088	458
62.138	459
62.188	459
62.238	460
62.288	460
62.339	463
62.389	464
62.439	466
62.489	467
62.539	468
62.590	471
62.640	472
62.690	473
62.740	476
62.790	479
62.841	478
62.892	479
62.942	479
62.992	477
63.042	474
63.092	473
63.142	469
63.193	466
63.243	462
63.293	459
63.343	458
63.393	455
63.444	455
63.494	455
63.544	456
63.594	459
63.644	460
63.694	464
63.746	468
63.796	469
63.846	472
63.896	473
63.946	475
63.997	475
64.047	475
64.097	475
64.147	475
64.197	473
64.247	473
64.298	471
64.348	472
64.398	471
64.448	469
64.498	468
64.548	466
64.599	465
64.650	464
64.700	461
64.750	459
64.800	459
64.851	457
64.901	457
64.951	457
65.001	458
65.051	461
65.101	465
65.152	467
65.202	470
65.252	473
65.302	476
65.352	479
65.402	479
65.453	479
65.503	478
65.554	476
65.604	475
65.654	472
65.705	469
65.755	467
65.805	464
65.855	464
65.905	463
65.955	462
66.006	461
66.056	461
66.106	462
66.156	462
66.206	462
66.256	463
66.307	463
66.357	461
66.408	464
66.458	465
66.508	466
66.559	468
66.609	470
66.659	472
66.709	474
66.759	476
66.809	478
66.860	477
66.910	477
66.960	476
67.010	475
67.060	473
67.110	469
67.161	466
67.211	464
67.261	461
67.312	459
67.362	458
67.413	458
67.463	458
67.513	459
67.563	461
67.613	463
67.663	465
67.714	466
67.764	468
67.814	470
67.864	472
67.914	471
67.965	471
68.015	473
68.065	472
68.115	472
68.165	473
68.216	473
68.267	472
68.317	472
68.367	471
68.417	471
68.467	471
68.517	469
68.568	467
68.618	464
68.668	462
68.718	460
68.768	460
68.819	459
68.869	459
68.919	459
68.969	460
69.019	463
69.069	466
69.121	468
69.171	470
69.221	474
69.271	474
69.321	475
69.371	476
69.422	477
69.472	475
69.522	474
69.572	471
69.622	471
69.673	468
69.723	466
69.773	465
69.823	465
69.873	465
69.923	465
69.974	465
70.025	466
70.075	464
70.125	464
70.175	463
70.225	463
70.276	462
70.326	461
70.376	463
70.426	465
70.476	464
70.527	468
70.577	469
70.627	472
70.677	474
70.727	475
70.777	476
70.828	477
70.878	476
70.929	474
70.979	472
71.029	470
71.080	468
71.130	466
71.180	464
71.230	462
71.280	462
71.330	461
71.381	461
71.431	461
71.481	463
71.531	464
71.581	464
71.631	466
71.682	467
71.732	467
71.782	467
71.833	468
71.883	469
71.934	468
71.984	469
72.034	470
72.084	470
72.134	471
72.184	471
72.235	472
72.285	473
72.335	472
72.385	472
72.435	470
72.485	469
72.536	466
72.586	465
72.636	463
72.686	461
72.737	460
72.788	459
72.838	459
72.888	461
72.938	463
72.988	464
73.038	467
73.089	469
73.139	471
73.189	472
73.239	472
73.289	474
73.339	473
73.390	473
73.440	471
73.490	470
73.540	469
73.590	468
73.642	467
73.692	467
73.742	467
73.792	467
73.842	467
73.892	467
73.943	467
73.993	466
74.043	465
74.093	464
74.143	464
74.193	462
74.244	462
74.294	464
74.344	462
74.394	464
74.444	465
74.495	467
74.546	470
74.596	471
74.646	472
74.696	474
74.746	474
74.797	475
74.847	473
74.897	472
74.947	471
74.997	468
75.048	466
75.098	466
75.148	463
75.198	463
75.248	462
75.298	463
75.349	464
75.400	464
75.450	465
75.500	466
75.550	467
75.600	467
75.651	467
75.701	466
75.751	467
75.801	467
75.851	467
75.902	468
75.952	468
76.002	469
76.052	469
76.102	471
76.152	472
76.203	473
76.253	472
76.304	473
76.354	471
76.404	469
76.454	468
76.505	466
76.555	465
76.605	463
76.655	462
76.705	461
76.756	462
76.806	462
76.856	463
76.906	465
76.956	467
77.006	468
77.057	469
77.107	471
77.157	471
77.208	471
77.258	470
77.309	470
77.359	469
77.409	468
77.459	468
77.509	468
77.559	468
77.610	468
77.660	468
77.710	469
77.760	468
77.810	470
77.860	469
77.911	470
77.961	468
78.011	466
78.061	466
78.112	464
78.163	463
78.213	462
78.263	462
78.313	463
78.363	464
78.413	466
78.464	466
78.514	469
78.564	472
78.614	472
78.664	474
78.714	473
78.765	473
78.815	472
78.865	470
78.915	469
78.965	468
79.017	466
79.067	466
79.117	464
79.167	464
79.217	465
79.267	465
79.318	465
79.368	467
79.418	467
79.468	467
79.518	468
79.568	467
79.619	467
79.669	466
79.719	465
79.769	465
79.819	465
79.870	466
79.921	467
79.971	468
80.021	469
80.071	471
80.121	472
80.172	473
80.222	472
80.272	472
80.322	471
80.372	470
80.422	468
80.473	466
80.523	465
80.573	464
80.623	462
80.673	462
80.724	462
80.774	463
80.825	465
80.875	466
80.925	467
80.975	470
81.026	470
81.076	471
81.126	471
81.176	471
81.226	470
81.277	470
81.327	467
81.377	468
81.427	466
81.477	466
81.527	467
81.578	467
81.628	467
81.678	468
81.729	469
81.779	470
81.829	469
81.880	469
81.930	468
81.980	467
82.030	466
82.080	464
82.131	464
82.181	462
82.231	464
82.281	463
82.331	464
82.381	465
82.432	468
82.482	469
82.532	470
82.582	473
82.633	472
82.683	472
82.734	472
82.784	471
82.834	470
82.884	468
82.934	467
82.985	467
83.035	465
83.085	464
83.135	464
83.185	464
83.235	465
83.286	466
83.336	467
83.386	468
83.436	467
83.486	467
83.537	468
83.588	468
83.638	466
83.688	466
83.738	466
83.788	466
83.839	466
83.889	466
83.939	466
83.989	468
84.039	469
84.089	470
84.140	472
84.190	473
84.240	472
84.290	472
84.340	471
84.390	469
84.442	467
84.492	465
84.542	464
84.592	464
84.642	463
84.693	462
84.743	464
84.793	464
84.843	466
84.893	467
84.943	469
84.994	471
85.044	470
85.094	470
85.144	470
85.194	469
85.245	469
85.295	467
85.346	466
85.396	467
85.446	466
85.496	466
85.547	467
85.597	468
85.647	469
85.697	469
85.747	469
85.797	470
85.848	469
85.898	470
85.948	467
85.998	467
86.048	466
86.099	463
86.149	463
86.200	463
86.250	463
86.300	465
86.350	465
86.401	467
86.451	469
86.501	470
86.551	472
86.601	472
86.651	471
86.702	471
86.752	471
86.802	469
86.852	468
86.902	467
86.953	465
87.003	465
87.053	464
87.104	465
87.154	465
87.204	466
87.255	468
87.305	468
87.355	468
87.405	469
87.455	469
87.505	469
87.556	467
87.606	467
87.656	467
87.706	466
87.756	465
87.807	465
87.857	466
87.907	467
87.957	468
88.008	469
88.058	471
88.109	471
88.159	471
88.209	471
88.259	471
88.309	470
88.360	469
88.410	467
88.460	466
88.510	464
88.560	463
88.610	463
88.661	463
88.711	465
88.761	465
88.811	466
88.861	468
88.912	469
88.963	470
89.013	470
89.063	471
89.113	471
89.163	469
89.214	468
89.264	466
89.314	467
89.364	466
89.414	466
89.464	465
89.515	466
89.565	467
89.615	468
89.665	470
89.715	469
89.765	469
89.817	470
89.867	469
89.917	469
89.967	467
90.017	467
90.068	467
90.118	464
90.168	464
90.218	464
90.268	465
90.318	466
90.369	467
90.419	468
90.469	470
90.519	471
90.569	471
90.619	471
90.670	471
90.721	470
90.771	469
90.821	468
90.871	467
90.922	465
90.972	465
91.022	464
91.072	465
91.122	466
91.172	467
91.223	467
91.273	469
91.323	469
91.373	470
91.423	471
91.473	469
91.524	468
91.574	467
91.625	466
91.675	468
91.725	466
91.776	465
91.826	465
91.876	467
91.926	468
91.976	469
92.026	469
92.077	471
92.127	471
92.177	471
92.227	471
92.277	471
92.328	470
92.378	467
92.428	467
92.478	465
92.529	463
92.579	464
92.630	463
92.680	464
92.730	465
92.780	466
92.830	468
92.880	469
92.931	469
92.981	470
93.031	471
93.081	470
93.131	469
93.182	469
93.232	468
93.282	466
93.332	465
93.382	465
93.433	465
93.484	465
93.534	467
93.584	468
93.634	469
93.684	469
93.734	470
93.785	471
93.835	471
93.885	469
93.935	469
93.985	467
94.036	466
94.086	465
94.136	464
94.186	464
94.236	464
94.286	465
94.338	467
94.388	468
94.438	469
94.488	470
94.538	470
94.589	471
94.639	471
94.689	470
94.739	469
94.789	468
94.839	467
94.890	466
94.940	464
94.990	465
95.040	464
95.090	464
95.140	466
95.191	466
95.242	468
95.292	469
95.342	469
95.392	470
95.443	470
95.493	469
95.543	469
95.593	467
95.643	467
95.693	466
95.744	465
95.794	464
95.844	465
95.894	466
95.944	465
95.994	468
96.045	469
96.095	469
96.146	471
96.196	471
96.246	470
96.297	469
96.347	467
96.397	468
96.447	466
96.497	465
96.547	464
96.598	465
96.648	464
96.698	465
96.748	467
96.798	468
96.848	469
96.899	470
96.949	471
97.000	472
97.050	471
97.100	469
97.151	470
97.201	467
97.251	467
97.301	466
97.351	465
97.401	464
97.452	465
97.502	465
97.552	466
97.602	467
97.652	469
97.702	469
97.753	470
97.803	470
97.853	471
97.904	470
97.954	470
98.005	468
98.055	466
98.105	465
98.155	464
98.205	465
98.255	465
98.306	466
98.356	467
98.406	467
98.456	469
98.506	469
98.557	470
98.607	472
98.657	471
98.707	470
98.757	470
98.808	468
98.859	466
98.909	466
98.959	464
99.009	465
99.059	464
99.109	465
99.160	467
99.210	467
99.260	468
99.310	470
99.360	470
99.411	470
99.461	470
99.511	469
99.561	469
99.611	467
99.661	466
99.713	465
99.763	465
99.813	465
99.863	465
99.913	465
99.963	466
100.014	467
100.064	469
100.114	470
100.164	470
100.214	471
100.265	470
100.315	470
100.365	468
100.415	467
100.465	466
100.515	465
100.566	465
100.617	465
100.667	465
100.717	464
100.767	466
100.817	467
100.868	468
100.918	470
100.968	470
101.018	471
101.068	470
101.119	470
101.169	469
101.219	468
101.269	467
101.319	466
101.369	465
101.420	465
101.470	465
101.521	466
101.571	467
101.621	467
101.672	468
101.722	470
101.772	470
101.822	471
101.872	471
101.922	470
101.973	469
102.023	467
102.073	466
102.123	464
102.173	465
102.223	465
102.274	464
102.324	465
102.374	466
102.425	467
102.475	467
102.526	470
102.576	471
102.626	472
102.676	471
102.726	469
102.776	467
102.827	468
102.877	467
102.927	465
102.977	465
103.027	465
103.077	466
103.128	465
103.178	466
103.228	467
103.278	469
103.329	470
103.380	470
103.430	469
103.480	470
103.530	469
103.580	469
103.630	467
103.681	467
103.731	465
103.781	464
103.831	466
103.881	465
103.931	465
103.982	466
104.032	468
104.082	470
104.132	470
104.182	470
104.234	471
104.284	470
104.334	469
104.384	469
104.434	468
104.484	466
104.535	465
104.585	465
104.635	465
104.685	465
104.735	465
104.785	466
104.836	468
104.886	470
104.936	470
104.986	470
105.036	472
105.087	470
105.138	469
105.188	468
105.238	467
105.288	466
105.338	465
105.389	465
105.439	465
105.489	465
105.539	466
105.589	467
105.640	468
105.690	470
105.740	470
105.790	471
105.840	471
105.890	469
105.941	469
105.992	468
106.042	468
106.092	466
106.142	466
106.192	465
106.243	465
106.293	464
106.343	466
106.393	467
106.443	468
106.494	471
106.544	470
106.594	470
106.644	471
106.694	469
106.744	469
106.795	467
106.845	467
106.896	466
106.946	465
106.996	464
107.046	465
107.097	465
107.147	466
107.197	467
107.247	468
107.297	470
107.348	470
107.398	470
107.448	471
107.498	470
107.548	469
107.598	468
107.649	466
107.699	466
107.749	465
107.800	464
107.850	464
107.901	466
107.951	466
108.001	467
108.051	467
108.101	470
108.151	470
108.202	470
108.252	470
108.302	470
108.352	469
108.402	468
108.452	466
108.503	466
108.553	464
108.603	464
108.653	464
108.704	465
108.755	466
108.805	467
108.855	469
108.905	470
108.955	470
109.005	471
109.056	471
109.106	471
109.156	469
109.206	468
109.256	467
109.306	465
109.357	465
109.407	464
109.457	465
109.507	465
109.557	466
109.609	467
109.659	469
109.709	470
109.759	470
109.809	470
109.859	471
109.910	470
109.960	469
110.010	467
110.060	466
110.110	465
110.160	464
110.211	464
110.261	466
110.311	466
110.361	467
110.411	468
110.462	470
110.513	469
110.563	471
110.613	471
110.663	470
110.713	470
110.764	468
110.814	466
110.864	466
110.914	465
110.964	464
111.014	465
111.065	465
111.115	465
111.165	466
111.215	468
111.265	469
111.316	470
111.366	470
111.417	471
111.467	470
111.517	469
111.567	469
111.618	467
111.668	466
111.718	467
111.768	464
111.818	464
111.869	465
111.919	466
111.969	467
112.019	467
112.069	468
112.119	470
112.170	470
112.220	471
112.270	472
112.321	469
112.371	468
112.421	467
112.472	465
112.522	465
112.572	465
112.622	465
112.672	465
112.723	465
112.773	468
112.823	469
112.873	469
112.923	470
112.973	471
113.024	471
113.074	470
113.124	470
113.174	469
113.225	467
113.275	465
113.326	465
113.376	464
113.426	465
113.476	465
113.526	465
113.577	467
113.627	469
113.677	469
113.727	470
113.777	470
113.827	470
113.878	469
113.928	468
113.978	469
114.028	467
114.078	466
114.129	465
114.180	465
114.230	464
114.280	466
114.330	465
114.380	468
114.431	469
114.481	469
114.531	470
114.581	470
114.631	470
114.681	469
114.732	469
114.782	468
114.832	467
114.882	466
114.932	465
114.982	464
115.034	464
115.084	464
115.134	467
115.184	468
115.234	469
115.285	469
115.335	470
115.385	470
115.435	470
115.485	469
115.535	469
115.586	469
115.636	467
115.686	466
115.736	464
115.786	464
115.837	464
115.887	464
115.938	466
115.988	467
116.038	469
116.088	470
116.139	471
116.189	470
116.239	470
116.289	469
116.339	469
116.389	468
116.440	466
116.490	465
116.540	464
116.590	465
116.640	466
116.691	466
116.741	467
116.792	468
116.842	469
116.892	469
116.942	470
116.993	470
117.043	470
117.093	470
117.143	468
117.193	468
117.243	466
117.294	465
117.344	465
117.394	465
117.444	465
117.494	465
117.545	466
117.595	468
117.645	469
117.696	469
117.746	469
117.796	470
117.847	471
117.897	469
117.947	469
117.997	468
118.047	467
118.097	465
118.148	464
118.198	464
118.248	465
118.298	465
118.348	466
118.399	468
118.449	468
118.499	470
118.549	470
118.600	471
118.650	470
118.701	469
118.751	469
118.801	468
118.851	465
118.901	465
118.952	464
119.002	465
119.052	466
119.102	465
119.152	467
119.202	469
119.253	469
119.303	470
119.353	470
119.403	471
119.453	470
119.504	469
119.555	468
119.605	468
119.655	465
119.705	466
119.755	465
119.806	464
119.856	464
119.906	464
119.956	467
120.006	469
120.056	469
120.107	470
120.157	470
120.207	470
120.257	471
120.307	469
120.357	468
120.409	467
120.459	466
120.509	465
120.559	465
120.609	464
120.660	466
120.710	466
120.760	467
120.810	468
120.860	469
120.910	470
120.961	470
121.011	470
121.061	472
121.111	469
121.161	468
121.211	466
121.262	465
121.313	465
121.363	463
121.413	464
121.463	465
121.514	466
121.564	467
121.614	468
121.664	470
121.714	470
121.764	470
121.815	471
121.865	470
121.915	469
121.965	469
122.015	467
122.065	466
122.116	464
122.166	464
122.217	465
122.267	465
122.317	466
122.368	467
122.418	468
122.468	469
122.518	470
122.568	470
122.618	470
122.669	470
122.719	469
122.769	468
122.819	467
122.869	465
122.920	465
122.970	465
123.020	465
123.070	467
123.121	467
123.171	468
123.222	469
123.272	469
123.322	469
123.372	470
123.422	470
123.472	470
123.523	469
123.573	468
123.623	465
123.673	464
123.723	464
123.774	464
123.824	464
123.874	465
123.924	467
123.974	468
124.025	468
124.076	469
124.126	471
124.176	471
124.226	469
124.276	469
124.326	468
124.377	467
124.427	466
124.477	465
124.527	465
124.577	465
124.628	466
124.678	468
124.728	468
124.778	469
124.828	469
124.878	470
124.930	470
124.980	469
125.030	469
125.080	470
125.130	467
125.181	465
125.231	465
125.281	464
125.331	465
125.381	464
125.431	466
125.482	467
125.532	467
125.582	469
125.632	471
125.682	471
125.732	471
125.783	470
125.834	469
125.884	469
125.934	467
125.984	466
126.035	465
126.085	465
126.135	465
126.185	466
126.235	466
126.285	468
126.336	468
126.386	469
126.436	470
126.486	470
126.536	470
126.586	469
126.637	469
126.687	468
126.738	467
126.788	466
126.838	465
126.889	465
126.939	466
126.989	466
127.039	466
127.089	469
127.139	468
127.190	469
127.240	469
127.290	471
127.340	472
127.390	470
127.440	470
127.491	467
127.541	466
127.592	465
127.642	465
127.692	464
127.743	465
127.793	465
127.843	467
127.893	468
127.943	469
127.993	469
128.044	469
128.094	470
128.144	470
128.194	470
128.244	469
128.294	467
128.345	465
128.395	465
128.445	464
128.496	465
128.546	466
128.597	466
128.647	466
128.697	469
128.747	469
128.797	469
128.847	470
128.898	471
128.948	470
128.998	469
129.048	468
129.098	467
129.149	465
129.199	464
129.249	463
129.299	464
129.349	464
129.400	466
129.451	466
129.501	469
129.551	469
129.601	470
129.651	470
129.701	470
129.752	471
129.802	470
129.852	467
129.902	467
129.952	466
130.003	465
130.053	464
130.103	464
130.153	465
130.203	465
130.253	467
130.305	469
130.355	468
130.405	470
130.455	470
130.505	470
130.555	470
130.606	469
130.656	468
130.706	466
130.756	465
130.806	466
130.857	466
130.907	465
130.957	465
131.007	467
131.057	467
131.107	468
131.158	470
131.209	471
131.259	469
131.309	470
131.359	468
131.409	468
131.460	467
131.510	466
131.560	465
131.610	465
131.660	465
131.711	465
131.761	466
131.811	466
131.861	468
131.911	468
131.961	469
132.012	471
132.062	470
132.113	470
132.163	470
132.213	468
132.264	467
132.314	466
132.364	465
132.414	464
132.464	466
132.514	466
132.565	466
132.615	466
132.665	467
132.715	468
132.765	470
132.815	471
132.866	471
132.916	471
132.966	470
133.017	468
133.067	467
133.118	465
133.168	464
133.218	464
133.268	464
133.318	464
133.368	466
133.419	467
133.469	468
133.519	469
133.569	470
133.619	470
133.669	470
133.720	470
133.770	471
133.820	468
133.870	467
133.921	466
133.972	465
134.022	465
134.072	464
134.122	466
134.172	467
134.222	467
134.273	468
134.323	468
134.373	469
134.423	470
134.473	470
134.523	470
134.574	468
134.624	467
134.674	466
134.724	465
134.774	464
134.826	465
134.876	464
134.926	465
134.976	465
135.026	467
135.076	468
135.127	469
135.177	470
135.227	471
135.277	471
135.327	470
135.377	468
135.428	467
135.478	467
135.528	466
135.578	465
135.628	465
135.679	465
135.730	465
135.780	466
135.830	467
135.880	468
135.930	470
135.981	470
136.031	471
136.081	470
136.131	470
136.181	469
136.232	467
136.282	466
136.332	466
136.382	466
136.432	465
136.482	464
136.533	465
136.584	467
136.634	468
136.684	469
136.734	469
136.784	470
136.835	471
136.885	470
136.935	470
136.985	469
137.035	468
137.086	466
137.136	465
137.186	465
137.236	464
137.286	464
137.336	465
137.387	467
137.437	468
137.488	468
137.538	470
137.588	471
137.638	471
137.689	470
137.739	469
137.789	468
137.839	467
137.889	466
137.940	465
137.990	464
138.040	464
138.090	465
138.140	466
138.190	467
138.241	468
138.291	469
138.341	471
138.392	471
138.442	470
138.493	470
138.543	469
138.593	469
138.643	468
138.693	465
138.743	464
138.794	464
138.844	465
138.894	465
138.944	465
138.994	466
139.044	468
139.095	469
139.145	470
139.195	470
139.245	472
139.296	469
139.347	469
139.397	468
139.447	467
139.497	466
139.547	464
139.597	464
139.648	465
139.698	465
139.748	465
139.798	467
139.848	468
139.898	469
139.949	469
139.999	469
140.049	471
140.099	469
140.149	468
140.201	468
140.251	468
140.301	466
140.351	464
140.401	465
140.451	465
140.502	465
140.552	466
140.602	468
140.652	468
140.702	470
140.752	470
140.803	471
140.853	471
140.903	470
140.953	468
141.003	468
141.054	466
141.105	466
141.155	464
141.205	465
141.255	465
141.305	465
141.356	465
141.406	467
141.456	468
141.506	469
141.556	471
141.606	470
141.657	470
141.707	470
141.757	469
141.807	468
141.857	467
141.908	466
141.958	465
142.009	463
142.059	464
142.109	466
142.159	466
142.210	466
142.260	469
142.310	469
142.360	469
142.410	470
142.461	471
142.511	469
142.561	469
142.611	468
142.661	467
142.711	466
142.762	464
142.812	465
142.862	465
142.913	465
142.963	465
143.013	467
143.064	468
143.114	471
143.164	470
143.214	470
143.264	470
143.315	470
143.365	469
143.415	467
143.465	466
143.515	466
143.565	464
143.616	464
143.666	464
143.716	465
143.766	466
143.817	467
143.867	467
143.918	469
143.968	470
144.018	470
144.068	471
144.118	470
144.169	468
144.219	468
144.269	467
144.319	465
144.369	465
144.419	465
144.470	465
144.520	465
144.570	466
144.620	467
144.670	467
144.721	470
144.772	470
144.822	470
144.872	470
144.922	469
144.972	469
145.023	468
145.073	467
145.123	464
145.173	464
145.223	465
145.273	464
145.324	464
145.374	466
145.424	467
145.474	468
145.524	470
145.574	470
145.626	471
145.676	470
145.726	469
145.776	470
145.826	468
145.877	466
145.927	466
145.977	465
146.027	464
146.077	465
146.127	464
146.178	465
146.228	466
146.278	468
146.328	469
146.378	470
146.429	470
146.479	469
146.530	470
146.580	470
146.630	467
146.680	467
146.731	466
146.781	465
146.831	465
146.881	464
146.931	465
146.981	467
147.032	467
147.082	468
147.132	470
147.182	470
147.232	471
147.283	471
147.333	470
147.384	469
147.434	467
147.484	466
147.534	466
147.585	465
147.635	465
147.685	466
147.735	466
147.785	466
147.835	467
147.886	468
147.936	470
147.986	470
148.036	471
148.086	469
148.137	470
148.187	469
148.237	468
148.288	466
148.338	466
148.388	464
148.439	465
148.489	464
148.539	465
148.589	466
148.639	467
148.689	469
148.740	469
148.790	469
148.840	471
148.890	471
148.940	469
148.991	469
149.041	468
149.091	466
149.141	465
149.192	464
149.242	465
149.293	464
149.343	465
149.393	467
149.443	467
149.493	469
149.544	469
149.594	470
149.644	471
149.694	471
149.744	470
149.794	469
149.845	466
149.895	466
149.945	465
149.995	464
150.045	465
150.096	464
150.147	464
150.197	467
150.247	467
150.297	469
150.347	469
150.398	469
150.448	471
150.498	470
150.548	469
150.598	469
150.648	468
150.699	467
150.749	465
150.799	464
150.849	465
150.899	464
150.949	465
151.001	467
151.051	467
151.101	468
151.151	469
151.201	471
151.252	471
151.302	470
151.352	470
151.402	469
151.452	468
151.502	467
151.553	466
151.603	464
151.653	464
151.703	464
151.753	465
151.803	464
151.854	467
151.905	468
151.955	470
152.005	471
152.055	470
152.106	470
152.156	469
152.206	468
152.256	467
152.306	466
152.356	466
152.407	464
152.457	464
152.507	464
152.557	464
152.607	467
152.657	467
152.708	468
152.758	470
152.809	470
152.859	471
152.909	470
152.960	470
153.010	470
153.060	468
153.110	466
153.160	465
153.210	464
153.261	464
153.311	465
153.361	465
153.411	467
153.461	467
153.512	469
153.562	471
153.612	470
153.662	471
153.713	470
153.763	470
153.814	470
153.864	467
153.914	465
153.964	464
154.014	465
154.064	464
154.115	463
154.165	464
154.215	467
154.265	467
154.315	469
154.366	469
154.416	470
154.466	470
154.516	471
154.566	469
154.617	470
154.668	468
154.718	467
154.768	465
154.818	464
154.868	465
154.918	465
154.969	466
155.019	467
155.069	468
155.119	468
155.169	470
155.220	470
155.270	471
155.320	469
155.370	469
155.420	468
155.470	467
155.522	466
155.572	465
155.622	464
155.672	464
155.722	464
155.773	466
155.823	468
155.873	467
155.923	469
155.973	471
156.023	472
156.074	471
156.124	470
156.174	470
156.224	469
156.274	468
156.324	466
156.375	465
156.426	465
156.476	464
156.526	463
156.576	465
156.627	465
156.677	467
156.727	468
156.777	469
156.827	470
156.877	471
156.928	470
156.978	469
157.028	469
157.078	467
157.128	467
157.178	466
157.229	464
157.279	465
157.330	465
157.380	466
157.430	467
157.481	468
157.531	468
157.581	471
157.631	471
157.681	470
157.731	470
157.782	470
157.832	469
157.882	466
157.932	465
157.982	465
158.032	464
158.083	464
158.133	463
158.184	464
158.234	466
158.284	467
158.335	469
158.385	470
158.435	470
158.485	471
158.535	471
158.585	469
158.636	468
158.686	468
158.736	468
158.786	466
158.836	464
158.886	465
158.937	465
158.987	464
159.037	466
159.088	468
159.138	469
159.189	469
159.239	469
159.289	471
159.339	470
159.389	470
159.439	468
159.490	467
159.540	467
159.590	465
159.640	464
159.690	464
159.741	463
159.791	464
159.841	466
159.891	468
159.941	469
159.992	470
160.043	472
160.093	473
160.143	471
160.193	471
160.243	469
160.293	468
160.344	466
160.394	466
160.444	465
160.494	465
160.544	465
160.595	464
160.645	466
160.695	466
160.745	469
160.795	469
160.845	470
160.897	471
160.947	470
160.997	469
161.047	468
161.097	467
161.147	466
161.198	465
161.248	464
161.298	465
161.348	465
161.398	465
161.449	465
161.499	467
161.549	468
161.599	469
161.649	470
161.699	471
161.750	471
161.801	469
161.851	469
161.901	468
161.951	467
162.001	465
162.052	464
162.102	465
162.152	464
162.202	465
162.252	466
162.303	466
162.353	468
162.403	469
162.453	470
162.503	471
162.553	470
162.604	469
162.654	470
162.705	467
162.755	468
162.805	465
162.856	465
162.906	464
162.956	464
163.006	464
163.056	465
163.106	466
163.157	467
163.207	469
163.257	470
163.307	471
163.357	471
163.407	469
163.458	470
163.508	470
163.558	467
163.609	465
163.659	464
163.710	465
163.760	465
163.810	466
163.860	465
163.910	467
163.960	468
164.011	469
164.061	470
164.111	469
164.161	471
164.211	471
164.261	469
164.312	469
164.362	468
164.412	466
164.462	464
164.513	464
164.564	464
164.614	465
164.664	464
164.714	466
164.764	468
164.814	469
164.865	470
164.915	471
164.965	470
165.015	470
165.065	470
165.115	469
165.166	469
165.216	466
165.266	464
165.316	464
165.366	465
165.418	465
165.468	466
165.518	466
165.568	467
165.618	468
165.668	470
165.719	470
165.769	469
165.819	468
165.869	470
165.919	468
165.969	467
166.020	466
166.070	463
166.120	464
166.170	464
166.220	465
166.271	466
166.322	466
166.372	469
166.422	469
166.472	470
166.522	471
166.573	471
166.623	470
166.673	470
166.723	469
166.773	468
166.824	465
166.874	465
166.924	464
166.974	464
167.024	465
167.074	465
167.125	466
167.176	468
167.226	467
167.276	469
167.326	470
167.376	470
167.427	470
167.477	469
167.527	468
167.577	469
167.627	466
167.678	464
167.728	465
167.778	466
167.828	465
167.878	465
167.928	467
167.979	469
168.029	469
168.080	469
168.130	470
168.180	470
168.230	470
168.281	469
168.331	467
168.381	467
168.431	466
168.481	464
168.532	464
168.582	464
168.632	465
168.682	465
168.732	466
168.782	469
168.833	469
168.883	470
168.933	471
168.984	471
169.034	470
169.085	469
169.135	468
169.185	468
169.235	466
169.285	466
169.335	465
169.386	464
169.436	464
169.486	466
169.536	467
169.586	470
169.636	468
169.687	469
169.737	469
169.787	470
169.837	470
169.888	470
169.939	468
169.989	467
170.039	465
170.089	465
170.139	464
170.189	465
170.240	465
170.290	465
170.340	467
170.390	468
170.440	469
170.490	470
170.541	470
170.591	471
170.641	471
170.691	469
170.741	467
170.793	466
170.843	465
170.893	465
170.943	463
170.993	464
171.043	465
171.094	466
171.144	466
171.194	468
171.244	468
171.294	469
171.344	470
171.395	470
171.445	470
171.495	470
171.545	468
171.595	467
171.646	466
171.697	466
171.747	465
171.797	465
171.847	465
171.897	465
171.948	466
171.998	468
172.048	469
172.098	470
172.148	470
172.198	469
172.249	470
172.299	469
172.349	468
172.399	466
172.449	465
172.500	465
172.550	465
172.601	465
172.651	465
172.701	465
172.751	466
172.802	468
172.852	470
172.902	470
172.952	470
173.002	470
173.053	470
173.103	469
173.153	468
173.203	467
173.253	466
173.303	465
173.354	464
173.404	465
173.454	466
173.505	466
173.555	467
173.605	468
173.656	470
173.706	469
173.756	470
173.806	469
173.856	470
173.907	469
173.957	467
174.007	466
174.057	465
174.107	464
174.157	465
174.208	465
174.258	466
174.308	467
174.358	468
174.409	469
174.459	470
174.510	471
174.560	470
174.610	470
174.660	469
174.710	469
174.761	467
174.811	465
174.861	464
174.911	463
174.961	463
175.011	464
175.062	466
175.112	465
175.162	466
175.212	468
175.262	470
175.313	471
175.364	471
175.414	470
175.464	470
175.514	469
175.564	468
175.615	467
175.665	465
175.715	465
175.765	465
175.815	465
175.865	467
175.916	466
175.966	468
176.016	468
176.066	469
176.116	470
176.166	470
176.218	470
176.268	470
176.318	468
176.368	467
176.418	466
176.469	465
176.519	465
176.569	464
176.619	464
176.669	464
176.719	466
176.770	467
176.820	470
176.870	470
176.920	471
176.970	470
177.021	471
177.071	469
177.122	470
177.172	468
177.222	466
177.272	466
177.323	464
177.373	463
177.423	464
177.473	464
177.523	466
177.573	467
177.624	467
177.674	468
177.724	469
177.774	470
177.824	469
177.875	470
177.925	469
177.976	467
178.026	467
178.076	465
178.126	465
178.177	464
178.227	465
178.277	465
178.327	465
178.377	467
178.427	468
178.478	469
178.528	470
178.578	470
178.628	471
178.678	470
178.729	468
178.779	468
178.829	467
178.880	465
178.930	465
178.980	464
179.031	463
179.081	463
179.131	465
179.181	466
179.231	467
179.281	469
179.332	471
179.382	471
179.432	471
179.482	470
179.532	469
179.583	469
179.633	467
179.683	466
179.733	466
179.784	464
179.834	464
179.885	464
179.935	466
179.985	467
180.035	468
180.085	469
180.136	469
180.186	470
180.236	470
180.286	469
180.336	468
180.386	468
180.437	466
180.487	465
180.537	464
180.587	464
180.637	463
180.688	464
180.739	464
180.789	464
180.839	466
180.889	469
180.939	471
180.990	470
181.040	471
181.090	471
181.140	471
181.190	470
181.240	467
181.291	467
181.341	466
181.391	465
181.441	464
181.491	464
181.541	464
181.593	466
181.643	468
181.693	468
181.743	469
181.793	470
181.844	471
181.894	471
181.944	470
181.994	469
182.044	468
182.094	467
182.145	467
182.195	465
182.245	464
182.295	463
182.345	465
182.395	467
182.446	467
182.497	468
182.547	469
182.597	469
182.647	471
182.698	469
182.748	469
182.798	467
182.848	466
182.898	465
182.948	465
182.999	464
183.049	464
183.099	465
183.149	465
183.199	467
183.249	468
183.300	469
183.350	470
183.401	471
183.451	472
183.501	471
183.552	470
183.602	469
183.652	467
183.702	466
183.752	466
183.802	464
183.853	464
183.903	464
183.953	465
184.003	465
184.053	467
184.104	469
184.154	469
184.204	468
184.254	470
184.305	469
184.355	471
184.406	469
184.456	466
184.506	466
184.556	465
184.606	465
184.656	465
184.707	465
184.757	466
184.807	466
184.857	468
184.907	469
184.958	470
185.008	470
185.058	471
185.108	470
185.158	470
185.209	469
185.260	467
185.310	466
185.360	465
185.410	463
185.460	464
185.510	464
185.561	465
185.611	466
185.661	467
185.711	469
185.761	468
185.812	470
185.862	470
185.912	472
185.962	470
186.012	469
186.062	468
186.114	467
186.164	465
186.214	464
186.264	465
186.314	465
186.365	465
186.415	466
186.465	467
186.515	469
186.565	469
186.615	469
186.666	470
186.716	469
186.766	469
186.816	467
186.866	466
186.916	466
186.967	464
187.018	463
187.068	464
187.118	465
187.168	465
187.219	465
187.269	468
187.319	469
187.369	470
187.419	470
187.469	471
