#Creator: pendulumdriveEventBuffer
#Creation time: Tue Mar 21 16:00:21 2017
#Time	Pos
#[s]	[au]
0.050	595
0.100	589
0.150	578
0.201	563
0.251	544
0.301	525
0.351	503
0.401	482
0.451	460
0.502	442
0.552	425
0.602	411
0.652	403
0.702	398
0.752	400
0.803	404
0.854	415
0.904	429
0.954	446
1.004	466
1.055	487
1.105	510
1.155	531
1.205	550
1.255	567
1.305	580
1.356	589
1.406	594
1.456	594
1.506	589
1.556	579
1.606	565
1.657	549
1.707	528
1.758	507
1.808	486
1.858	464
1.909	446
1.959	427
2.009	415
2.059	406
2.109	400
2.159	400
2.210	407
2.260	414
2.310	427
2.360	444
2.410	463
2.460	484
2.511	505
2.561	525
2.611	546
2.662	563
2.712	577
2.763	586
2.813	591
2.863	592
2.913	589
2.963	581
3.013	568
3.064	551
3.114	533
3.164	512
3.214	490
3.264	469
3.315	449
3.365	432
3.415	419
3.465	408
3.515	403
3.566	401
3.617	406
3.667	413
3.717	426
3.767	441
3.817	460
3.867	480
3.918	501
3.968	522
4.018	542
4.068	558
4.118	573
4.169	583
4.219	590
4.269	590
4.319	588
4.369	580
4.419	568
4.471	553
4.521	536
4.571	515
4.621	495
4.671	474
4.721	454
4.772	436
4.822	422
4.872	412
4.922	406
4.972	404
5.023	406
5.073	412
5.123	423
5.173	438
5.223	456
5.273	475
5.324	497
5.375	517
5.425	537
5.475	555
5.525	569
5.575	580
5.626	587
5.676	590
5.726	587
5.776	581
5.826	571
5.877	556
5.927	539
5.977	520
6.027	499
6.077	478
6.127	459
6.178	441
6.228	426
6.279	415
6.329	407
6.379	403
6.430	405
6.480	412
6.530	423
6.580	437
6.630	454
6.680	472
6.731	492
6.781	513
6.831	533
6.881	551
6.931	566
6.981	577
7.032	585
7.082	588
7.132	587
7.183	582
7.233	572
7.284	557
7.334	542
7.384	523
7.434	503
7.484	482
7.534	463
7.585	446
7.635	429
7.685	417
7.735	410
7.785	406
7.835	407
7.886	412
7.936	422
7.986	434
8.036	450
8.087	469
8.138	489
8.188	509
8.238	528
8.288	546
8.338	561
8.388	573
8.439	581
8.489	585
8.539	585
8.589	580
8.639	572
8.689	560
8.740	543
8.790	525
8.840	506
8.890	487
8.940	467
8.992	450
9.042	434
9.092	422
9.142	414
9.192	410
9.242	409
9.293	413
9.343	421
9.393	433
9.443	448
9.493	465
9.543	485
9.594	504
9.644	523
9.694	541
9.744	558
9.794	568
9.845	579
9.896	583
9.946	583
9.996	579
10.046	572
10.096	561
10.147	546
10.197	529
10.247	511
10.297	490
10.347	472
10.398	454
10.448	438
10.498	426
10.548	417
10.598	412
10.648	410
10.699	413
10.750	421
10.800	433
10.850	446
10.900	464
10.950	481
11.001	500
11.051	519
11.101	536
11.151	552
11.201	565
11.252	574
11.302	580
11.352	582
11.402	579
11.452	572
11.502	562
11.553	548
11.603	531
11.654	513
11.704	495
11.754	477
11.804	459
11.855	443
11.905	428
11.955	421
12.005	415
12.055	413
12.106	415
12.156	421
12.206	432
12.256	444
12.306	461
12.356	478
12.407	497
12.457	515
12.507	533
12.558	548
12.608	561
12.659	571
12.709	577
12.759	579
12.809	577
12.859	572
12.909	561
12.960	548
13.010	533
13.060	516
13.110	498
13.160	479
13.210	463
13.261	447
13.311	434
13.361	425
13.411	417
13.462	416
13.513	416
13.563	422
13.613	431
13.663	444
13.713	459
13.763	475
13.814	493
13.864	511
13.914	529
13.964	544
14.014	557
14.064	567
14.115	574
14.165	577
14.215	575
14.265	571
14.315	562
14.367	550
14.417	535
14.467	519
14.517	501
14.567	482
14.617	467
14.668	450
14.718	438
14.768	427
14.818	420
14.868	418
14.918	418
14.969	422
15.019	431
15.069	442
15.119	457
15.169	473
15.220	491
15.271	509
15.321	525
15.371	540
15.421	555
15.471	564
15.522	572
15.572	574
15.622	573
15.672	570
15.722	562
15.772	550
15.823	537
15.873	521
15.923	504
15.973	486
16.023	469
16.074	454
16.124	441
16.175	431
16.225	423
16.275	419
16.325	420
16.376	424
16.426	431
16.476	442
16.526	456
16.576	471
16.627	487
16.677	505
16.727	521
16.777	538
16.827	550
16.877	561
16.928	569
16.978	572
17.028	572
17.079	568
17.129	562
17.179	551
17.230	538
17.280	523
17.330	505
17.380	490
17.430	473
17.481	457
17.531	444
17.581	433
17.631	426
17.681	421
17.731	421
17.782	424
17.832	431
17.882	441
17.932	454
17.983	469
18.033	485
18.084	502
18.134	519
18.184	534
18.234	547
18.284	558
18.335	566
18.385	570
18.435	571
18.485	568
18.535	562
18.585	552
18.636	540
18.686	525
18.736	509
18.786	493
18.836	477
18.887	461
18.938	448
18.988	437
19.038	429
19.088	424
19.138	423
19.189	425
19.239	431
19.289	440
19.339	452
19.389	467
19.439	483
19.490	498
19.540	514
19.590	530
19.640	543
19.690	554
19.740	562
19.792	567
19.842	569
19.892	567
19.942	560
19.992	551
20.043	540
20.093	527
20.143	511
20.193	495
20.243	480
20.293	464
20.344	451
20.394	439
20.444	431
20.494	426
20.544	424
20.595	427
20.645	432
20.696	440
20.746	451
20.796	464
20.846	479
20.897	496
20.947	511
20.997	527
21.047	540
21.097	551
21.147	560
21.198	565
21.248	567
21.298	565
21.348	560
21.398	553
21.449	542
21.499	528
21.550	513
21.600	498
21.650	482
21.700	468
21.751	454
21.801	443
21.851	433
21.901	428
21.951	427
22.001	428
22.052	432
22.102	439
22.152	450
22.202	464
22.252	477
22.303	493
22.353	510
22.403	523
22.454	538
22.504	548
22.554	557
22.605	562
22.655	566
22.705	564
22.755	560
22.805	553
22.855	542
22.906	529
22.956	515
23.006	500
23.056	485
23.106	470
23.157	456
23.207	445
23.257	435
23.307	430
23.358	427
23.408	428
23.459	432
23.509	439
23.559	449
23.609	462
23.659	476
23.710	491
23.760	507
23.810	521
23.860	533
23.910	546
23.960	555
24.011	561
24.061	564
24.111	565
24.161	559
24.211	553
24.262	542
24.313	530
24.363	517
24.413	503
24.463	488
24.513	473
24.564	460
24.614	448
24.664	438
24.714	432
24.764	429
24.814	429
24.865	432
24.915	439
24.965	449
25.015	460
25.065	473
25.115	488
25.167	504
25.217	518
25.267	532
25.317	543
25.367	552
25.418	559
25.468	562
25.518	563
25.568	560
25.618	553
25.668	545
25.719	533
25.769	519
25.819	504
25.869	490
25.919	476
25.969	462
26.020	450
26.071	441
26.121	434
26.171	430
26.221	430
26.272	433
26.322	439
26.372	448
26.422	459
26.472	471
26.522	486
26.573	500
26.623	515
26.673	528
26.723	540
26.773	550
26.823	556
26.874	560
26.924	561
26.975	558
27.025	553
27.075	544
27.126	534
27.176	521
27.226	507
27.276	493
27.326	479
27.376	465
27.427	453
27.477	444
27.527	436
27.577	432
27.627	431
27.678	433
27.728	439
27.778	447
27.828	457
27.879	469
27.929	484
27.980	498
28.030	513
28.080	526
28.130	537
28.180	546
28.230	555
28.281	558
28.331	560
28.381	558
28.431	553
28.481	545
28.532	535
28.582	523
28.632	510
28.682	496
28.732	481
28.783	468
28.834	456
28.884	446
28.934	438
28.984	434
29.034	433
29.084	435
29.135	439
29.185	447
29.235	456
29.285	468
29.335	481
29.386	494
29.436	509
29.486	523
29.536	535
29.586	546
29.636	552
29.688	557
29.738	559
29.788	558
29.838	553
29.888	546
29.939	536
29.989	525
30.039	512
30.089	498
30.139	484
30.189	471
30.240	459
30.290	449
30.340	441
30.390	436
30.440	434
30.490	435
30.541	439
30.592	446
30.642	455
30.692	467
30.742	479
30.793	492
30.843	506
30.893	520
30.943	531
30.993	542
31.043	550
31.094	554
31.144	557
31.194	557
31.244	553
31.294	546
31.344	536
31.395	526
31.445	514
31.496	500
31.546	487
31.596	474
31.647	462
31.697	452
31.747	443
31.797	439
31.847	436
31.897	436
31.948	440
31.998	446
32.048	455
32.098	465
32.148	478
32.198	492
32.249	504
32.299	516
32.350	529
32.400	539
32.450	546
32.501	552
32.551	555
32.601	555
32.651	553
32.701	546
32.751	538
32.802	527
32.852	515
32.902	503
32.952	490
33.002	477
33.052	465
33.103	454
33.153	447
33.203	440
33.254	437
33.304	438
33.355	440
33.405	446
33.455	454
33.505	464
33.555	475
33.605	488
33.656	501
33.706	514
33.756	526
33.806	536
33.856	544
33.907	550
33.957	553
34.007	553
34.057	551
34.107	545
34.158	538
34.209	528
34.259	516
34.309	505
34.359	492
34.409	479
34.459	466
34.510	456
34.560	448
34.610	442
34.660	440
34.710	439
34.761	440
34.811	446
34.861	453
34.911	463
34.961	475
35.011	486
35.063	499
35.113	511
35.163	523
35.213	534
35.263	541
35.313	547
35.364	551
35.414	552
35.464	550
35.514	545
35.564	538
35.615	529
35.665	518
35.715	506
35.765	494
35.815	481
35.865	469
35.916	459
35.967	451
36.017	444
36.067	441
36.117	440
36.167	440
36.218	445
36.268	453
36.318	462
36.368	472
36.418	484
36.469	497
36.519	509
36.569	521
36.619	531
36.669	539
36.719	545
36.770	549
36.820	551
36.871	549
36.921	545
36.971	539
37.022	530
37.072	519
37.122	508
37.172	495
37.222	484
37.272	472
37.323	462
37.373	453
37.423	447
37.473	443
37.523	441
37.573	443
37.624	447
37.674	452
37.724	460
37.775	472
37.825	483
37.876	494
37.926	506
37.976	518
38.026	527
38.076	537
38.126	543
38.177	547
38.227	550
38.277	549
38.327	545
38.377	539
38.427	529
38.478	521
38.528	509
38.578	498
38.628	485
38.679	475
38.730	464
38.780	456
38.830	449
38.880	445
38.930	443
38.980	444
39.031	446
39.081	453
39.131	461
39.181	471
39.231	481
39.281	493
39.332	504
39.382	516
39.432	525
39.482	534
39.532	542
39.584	545
39.634	547
39.684	547
39.734	543
39.784	539
39.834	531
39.885	522
39.935	511
39.985	500
40.035	489
40.085	477
40.135	467
40.186	458
40.236	451
40.286	446
40.336	444
40.386	445
40.437	447
40.488	452
40.538	460
40.588	469
40.638	480
40.688	491
40.739	502
40.789	514
40.839	524
40.889	532
40.939	539
40.990	544
41.040	546
41.090	546
41.140	543
41.190	538
41.240	531
41.291	523
41.342	512
41.392	501
41.442	490
41.492	478
41.542	470
41.593	460
41.643	453
41.693	448
41.743	445
41.793	446
41.844	447
41.894	453
41.944	459
41.994	468
42.044	479
42.094	489
42.145	500
42.195	511
42.246	521
42.296	529
42.346	537
42.396	542
42.447	544
42.497	545
42.547	542
42.597	538
42.647	531
42.698	524
42.748	514
42.798	503
42.848	492
42.898	480
42.948	471
42.999	463
43.049	456
43.099	451
43.150	448
43.200	448
43.251	449
43.301	453
43.351	459
43.401	467
43.451	478
43.501	486
43.552	499
43.602	509
43.652	519
43.702	528
43.752	535
43.802	540
43.853	543
43.903	543
43.953	542
44.003	537
44.054	532
44.105	524
44.155	514
44.205	504
44.255	494
44.305	483
44.355	473
44.406	464
44.456	457
44.506	451
44.556	448
44.606	448
44.656	449
44.707	454
44.757	459
44.807	467
44.857	476
44.907	486
44.959	497
45.009	507
45.059	518
45.109	526
45.159	532
45.209	538
45.260	541
45.310	542
45.360	541
45.410	538
45.460	531
45.510	525
45.561	515
45.611	506
45.661	495
45.711	485
45.761	475
45.812	467
45.863	460
45.913	453
45.963	450
46.013	450
46.063	450
46.114	453
46.164	460
46.214	467
46.264	475
46.314	485
46.364	495
46.415	505
46.465	515
46.515	523
46.565	531
46.615	537
46.666	540
46.716	540
46.767	540
46.817	537
46.867	532
46.917	524
46.968	517
47.018	507
47.068	497
47.118	487
47.168	477
47.219	469
47.269	462
47.319	455
47.369	452
47.419	450
47.469	452
47.520	454
47.570	459
47.620	466
47.671	475
47.721	483
47.771	493
47.822	503
47.872	513
47.922	522
47.972	529
48.022	535
48.073	538
48.123	540
48.173	539
48.223	536
48.273	532
48.323	524
48.374	517
48.424	508
48.474	498
48.524	488
48.575	480
48.625	471
48.676	463
48.726	457
48.776	454
48.826	452
48.876	452
48.927	455
48.977	459
49.027	466
49.077	474
49.127	482
49.177	491
49.228	501
49.278	511
49.328	519
49.378	526
49.428	532
49.479	536
49.530	538
49.580	538
49.630	536
49.680	531
49.730	526
49.781	518
49.831	510
49.881	500
49.931	490
49.981	481
50.031	473
50.082	465
50.132	458
50.182	456
50.232	453
50.282	454
50.332	455
50.384	459
50.434	465
50.484	473
50.534	481
50.584	490
50.635	500
50.685	509
50.735	517
50.785	525
50.835	531
50.885	536
50.936	537
50.986	537
51.036	535
51.086	531
51.136	526
51.187	519
51.237	510
51.288	501
51.338	492
51.388	482
51.438	474
51.489	467
51.539	461
51.589	456
51.639	455
51.689	454
51.739	456
51.790	459
51.840	465
51.890	472
51.940	480
51.990	488
52.041	498
52.091	507
52.142	515
52.192	522
52.242	528
52.292	534
52.343	535
52.393	536
52.443	534
52.493	531
52.543	526
52.593	518
52.644	511
52.694	502
52.744	493
52.794	485
52.844	476
52.895	468
52.945	463
52.995	458
53.046	456
53.096	455
53.146	457
53.197	460
53.247	464
53.297	472
53.347	479
53.397	487
53.447	497
53.498	504
53.548	514
53.598	520
53.648	528
53.698	531
53.749	534
53.799	535
53.849	533
53.899	530
53.950	526
54.000	519
54.051	511
54.101	504
54.151	495
54.201	486
54.251	478
54.302	471
54.352	465
54.402	459
54.452	457
54.502	456
54.552	458
54.603	460
54.653	464
54.703	471
54.753	478
54.803	486
54.854	495
54.905	503
54.955	512
55.005	519
55.055	525
55.105	531
55.156	532
55.206	535
55.256	533
55.306	530
55.356	526
55.406	519
55.457	513
55.507	504
55.557	496
55.607	487
55.657	480
55.707	472
55.759	466
55.809	461
55.859	458
55.909	458
55.959	458
56.010	460
56.060	465
56.110	470
56.160	477
56.210	486
56.260	494
56.311	502
56.361	510
56.411	517
56.461	523
56.511	528
56.561	531
56.612	532
56.663	533
56.713	529
56.763	526
56.813	520
56.864	513
56.914	507
56.964	497
57.014	490
57.064	481
57.114	474
57.165	469
57.215	463
57.265	460
57.315	458
57.365	459
57.415	462
57.466	465
57.516	471
57.567	477
57.617	483
57.667	492
57.718	501
57.768	508
57.818	516
57.868	521
57.918	527
57.968	529
58.019	531
58.069	531
58.119	528
58.169	525
58.219	520
58.270	514
58.320	507
58.370	498
58.420	491
58.471	483
58.521	476
58.572	470
58.622	464
58.672	462
58.722	460
58.772	460
58.822	462
58.873	465
58.923	470
58.973	476
59.023	484
59.073	491
59.124	499
59.174	507
59.224	514
59.274	520
59.324	524
59.375	528
59.426	529
59.476	530
59.526	528
59.576	526
59.626	520
59.676	513
59.727	508
59.777	499
59.827	492
59.877	485
59.927	477
59.978	471
60.028	467
60.078	463
60.128	462
60.178	461
60.228	462
60.280	465
60.330	470
60.380	475
60.430	483
60.480	490
60.531	498
60.581	506
60.631	512
60.681	519
60.731	523
60.781	527
60.832	528
60.882	529
60.932	528
60.982	525
61.032	520
61.082	515
61.133	508
61.184	501
61.234	493
61.284	486
61.334	479
61.385	473
61.435	468
61.485	465
61.535	463
61.585	461
61.635	463
61.686	465
61.736	470
61.786	476
61.836	482
61.886	489
61.936	497
61.987	503
62.037	511
62.088	516
62.138	521
62.188	525
62.239	528
62.289	528
62.339	526
62.389	524
62.439	520
62.489	515
62.540	508
62.590	502
62.640	494
62.690	487
62.740	480
62.790	474
62.841	470
62.891	466
62.942	464
62.992	463
63.042	464
63.093	466
63.143	471
63.193	475
63.243	481
63.293	488
63.343	496
63.394	503
63.444	509
63.494	515
63.544	521
63.594	524
63.644	527
63.695	526
63.745	526
63.795	524
63.846	520
63.896	514
63.947	509
63.997	503
64.047	495
64.097	489
64.147	482
64.197	476
64.248	470
64.298	467
64.348	465
64.398	464
64.448	465
64.499	466
64.549	470
64.599	475
64.649	480
64.699	487
64.750	494
64.801	501
64.851	508
64.901	514
64.951	518
65.001	523
65.051	524
65.102	526
65.152	526
65.202	523
65.252	519
65.302	516
65.353	509
65.403	503
65.453	496
65.503	489
65.553	483
65.603	477
65.655	472
65.705	469
65.755	465
65.805	465
65.855	466
65.905	467
65.956	471
66.006	475
66.056	481
66.106	487
66.156	493
66.207	500
66.257	506
66.307	512
66.357	516
66.407	521
66.457	523
66.508	524
66.559	524
66.609	523
66.659	519
66.709	515
66.759	510
66.810	503
66.860	498
66.910	490
66.960	484
67.010	479
67.061	474
67.111	470
67.161	468
67.211	466
67.261	466
67.311	468
67.362	470
67.412	474
67.463	480
67.513	486
67.563	492
67.614	499
67.664	506
67.714	511
67.764	516
67.814	519
67.864	522
67.915	523
67.965	524
68.015	521
68.065	518
68.115	515
68.165	509
68.216	504
68.266	498
68.316	492
68.367	486
68.417	479
68.468	475
68.518	471
68.568	468
68.618	467
68.668	467
68.718	468
68.769	471
68.819	474
68.869	479
68.919	485
68.969	491
69.019	498
69.070	503
69.120	509
69.170	513
69.220	518
69.271	520
69.322	522
69.372	522
69.422	521
69.472	518
69.522	515
69.572	510
69.623	504
69.673	499
69.723	492
69.773	487
69.823	481
69.873	476
69.924	473
69.974	470
70.024	468
70.074	468
70.124	469
70.176	472
70.226	475
70.276	480
70.326	485
70.376	491
70.426	496
70.477	502
70.527	508
70.577	513
70.627	517
70.677	519
70.727	520
70.778	521
70.828	520
70.878	518
70.928	514
70.978	511
71.029	505
71.080	499
71.130	494
71.180	488
71.230	482
71.280	479
71.331	474
71.381	471
71.431	469
71.481	469
71.531	470
71.582	472
71.632	475
71.682	479
71.732	484
71.782	489
71.832	495
71.883	500
71.934	506
71.984	511
72.034	515
72.084	518
72.134	520
72.185	520
72.235	518
72.285	517
72.335	513
72.385	510
72.436	505
72.486	499
72.536	494
72.586	489
72.636	484
72.686	480
72.737	475
72.787	472
72.838	471
72.888	470
72.938	470
72.988	472
73.039	476
73.089	479
73.139	483
73.189	489
73.239	494
73.290	499
73.340	505
73.390	509
73.440	513
73.490	516
73.540	518
73.591	518
73.641	518
73.691	516
73.742	514
73.792	510
73.843	506
73.893	501
73.943	495
73.993	489
74.043	484
74.093	480
74.144	477
74.194	474
74.244	472
74.294	471
74.344	471
74.394	473
74.445	476
74.495	479
74.545	483
74.595	488
74.646	494
74.697	500
74.747	504
74.797	509
74.847	512
74.897	515
74.947	516
74.998	518
75.048	517
75.098	516
75.148	513
75.198	509
75.248	506
75.299	501
75.349	496
75.399	490
75.449	485
75.499	482
75.551	478
75.601	475
75.651	473
75.701	472
75.751	472
75.801	473
75.852	476
75.902	480
75.952	484
76.002	488
76.052	493
76.102	497
76.153	503
76.203	507
76.253	511
76.303	513
76.353	516
76.404	517
76.455	517
76.505	515
76.555	513
76.605	510
76.655	506
76.706	501
76.756	496
76.806	492
76.856	487
76.906	482
76.956	479
77.007	476
77.057	474
77.107	473
77.157	474
77.207	474
77.258	477
77.308	480
77.359	483
77.409	488
77.459	493
77.509	497
77.560	502
77.610	506
77.660	510
77.710	512
77.760	514
77.811	515
77.861	516
77.911	514
77.961	512
78.011	509
78.061	506
78.112	501
78.162	497
78.212	492
78.263	488
78.313	484
78.363	480
78.414	477
78.464	475
78.514	474
78.564	474
78.614	474
78.665	477
78.715	480
78.765	483
78.815	488
78.865	492
78.915	497
78.966	501
79.016	505
79.066	508
79.116	511
79.167	513
79.217	514
79.268	515
79.318	515
79.368	511
79.418	510
79.468	505
79.519	501
79.569	497
79.619	493
79.669	489
79.719	485
79.769	481
79.820	478
79.870	476
79.920	475
79.970	474
80.020	476
80.071	478
80.122	480
80.172	483
80.222	487
80.272	491
80.322	496
80.373	500
80.423	504
80.473	508
80.523	510
80.573	513
80.623	513
80.674	514
80.724	513
80.774	512
80.824	509
80.874	505
80.924	502
80.976	498
81.026	494
81.076	489
81.126	486
81.176	483
81.227	480
81.277	477
81.327	477
81.377	475
81.427	477
81.477	477
81.528	481
81.578	483
81.628	488
81.678	491
81.728	495
81.779	499
81.829	503
81.880	507
81.930	510
81.980	512
82.030	513
82.081	513
82.131	512
82.181	510
82.231	509
82.281	505
82.331	502
82.382	498
82.432	494
82.482	490
82.532	486
82.582	483
82.633	481
82.683	478
82.734	477
82.784	477
82.834	477
82.884	478
82.935	480
82.985	484
83.035	487
83.085	490
83.135	495
83.185	499
83.236	502
83.286	504
83.336	508
83.386	511
83.436	510
83.487	513
83.537	512
83.587	510
83.638	508
83.688	505
83.738	502
83.789	498
83.839	494
83.889	491
83.939	487
83.989	484
84.039	481
84.090	479
84.140	479
84.190	478
84.240	478
84.290	480
84.341	481
84.391	484
84.441	487
84.491	490
84.542	494
84.592	497
84.643	501
84.693	504
84.743	508
84.793	509
84.843	511
84.894	511
84.944	510
84.994	509
85.044	509
85.094	506
85.144	502
85.195	498
85.245	494
85.295	492
85.345	489
85.395	485
85.446	483
85.497	480
85.547	480
85.597	479
85.647	479
85.697	480
85.748	482
85.798	484
85.848	487
85.898	490
85.948	494
85.998	497
86.049	500
86.099	504
86.149	506
86.199	508
86.249	509
86.299	510
86.351	510
86.401	510
86.451	507
86.501	505
86.551	502
86.602	499
86.652	495
86.702	492
86.752	489
86.802	487
86.852	484
86.903	481
86.953	481
87.003	480
87.053	479
87.103	481
87.153	482
87.204	485
87.255	487
87.305	490
87.355	493
87.405	496
87.456	499
87.506	503
87.556	505
87.606	507
87.656	508
87.706	509
87.757	509
87.807	508
87.857	507
87.907	504
87.957	502
88.007	499
88.058	496
88.108	492
88.159	490
88.209	486
88.259	484
88.310	482
88.360	481
88.410	480
88.460	481
88.510	482
88.560	482
88.611	484
88.661	487
88.711	490
88.761	493
88.811	496
88.862	499
88.912	502
88.962	504
89.012	506
89.063	508
89.113	508
89.164	509
89.214	507
89.264	506
89.314	504
89.364	502
89.414	499
89.465	496
89.515	493
89.565	490
89.615	487
89.665	485
89.716	483
89.766	482
89.816	482
89.866	481
89.916	482
89.967	483
90.018	486
90.068	487
90.118	490
90.168	492
90.218	496
90.268	500
90.319	502
90.369	502
90.419	505
90.469	507
90.519	507
90.570	508
90.620	507
90.670	505
90.720	504
90.770	501
90.820	498
90.872	496
90.922	493
90.972	491
91.022	489
91.072	487
91.123	484
91.173	483
91.223	482
91.273	482
91.323	483
91.373	484
91.424	486
91.474	487
91.524	490
91.574	493
91.624	495
91.674	498
91.725	500
91.776	502
91.826	504
91.876	506
91.926	507
91.977	507
92.027	506
92.077	505
92.127	503
92.177	501
92.227	499
92.278	496
92.328	494
92.378	491
92.428	488
92.478	487
92.528	485
92.579	484
92.629	483
92.680	483
92.730	483
92.780	485
92.831	486
92.881	488
92.931	490
92.981	493
93.031	495
93.081	497
93.132	500
93.182	501
93.232	503
93.282	504
93.332	505
93.382	506
93.433	504
93.483	503
93.534	503
93.584	500
93.634	500
93.685	496
93.735	494
93.785	492
93.835	488
93.885	487
93.935	485
93.986	485
94.036	484
94.086	484
94.136	485
94.186	485
94.236	487
94.287	488
94.337	490
94.387	492
94.438	495
94.488	497
94.539	499
94.589	501
94.639	503
94.689	504
94.739	505
94.789	505
94.840	504
94.890	503
94.940	502
94.990	501
95.040	499
95.091	496
95.141	495
95.191	492
95.241	489
95.291	489
95.342	487
95.393	486
95.443	485
95.493	483
95.543	485
95.593	486
95.643	488
95.694	488
95.744	490
95.794	493
95.844	494
95.894	497
95.945	498
95.995	500
96.045	501
96.095	504
96.145	504
96.195	504
96.247	503
96.297	503
96.347	502
96.397	500
96.447	499
96.497	496
96.548	494
96.598	493
96.648	490
96.698	489
96.748	488
96.799	486
96.849	486
96.899	485
96.949	486
96.999	486
97.049	487
97.100	489
97.151	491
97.201	492
97.251	494
97.301	496
97.351	498
97.402	500
97.452	502
97.502	502
97.552	503
97.602	503
97.653	502
97.703	502
97.753	501
97.803	500
97.853	498
97.903	496
97.954	495
98.004	493
98.055	491
98.105	489
98.155	488
98.206	487
98.256	486
98.306	486
98.356	487
98.406	487
98.456	488
98.507	489
98.557	491
98.607	492
98.657	494
98.707	496
98.757	498
98.808	498
98.858	501
98.908	502
98.959	502
99.009	503
99.060	502
99.110	503
99.160	501
99.210	499
99.260	498
99.310	497
99.361	495
99.411	494
99.461	491
99.511	490
99.561	489
99.611	488
99.662	487
99.712	487
99.762	487
99.812	487
99.863	488
99.914	490
99.964	491
100.014	492
100.064	495
100.114	496
100.164	497
100.215	499
100.265	499
100.315	501
100.365	501
100.415	501
100.465	501
100.516	502
100.566	501
100.616	499
100.666	498
100.716	496
100.768	495
100.818	494
100.868	492
100.918	491
100.968	489
101.018	489
101.069	488
101.119	488
101.169	489
101.219	489
101.269	490
101.319	491
101.370	492
101.420	493
101.470	494
101.520	495
101.570	497
101.621	498
101.672	499
101.722	500
101.772	500
101.822	500
101.872	502
101.923	499
101.973	499
102.023	499
102.073	497
102.123	496
102.174	495
102.224	494
102.274	492
102.324	491
102.374	490
102.424	488
102.475	488
102.526	489
102.576	489
102.626	490
102.676	490
102.726	491
102.777	492
102.827	493
102.877	494
102.927	496
102.977	497
103.028	497
103.078	498
103.128	499
103.178	500
103.228	500
103.278	499
103.329	499
103.379	499
103.430	498
103.480	497
103.530	496
103.580	495
103.631	494
103.681	492
103.731	491
103.781	490
103.831	490
103.882	488
103.932	489
103.982	490
104.032	489
104.082	491
104.132	491
104.183	493
104.233	494
104.283	495
104.334	496
104.384	497
104.435	498
104.485	499
104.535	499
104.585	499
104.635	500
104.685	499
104.736	499
104.786	498
104.836	497
104.886	496
104.936	495
104.986	494
105.037	494
105.087	492
105.137	492
105.187	491
105.238	491
105.289	490
105.339	490
105.389	491
105.439	491
105.489	491
105.539	492
105.590	493
105.640	494
105.690	495
105.740	495
105.790	497
105.840	497
105.891	497
105.941	498
