#Creator: pendulumdriveEventBuffer
#Creation time: Tue Mar 21 16:00:21 2017
#Time	Pos
#[s]	[au]
0.050	527
0.100	504
0.150	491
0.200	470
0.251	445
0.302	429
0.352	409
0.402	388
0.452	377
0.503	367
0.553	360
0.603	359
0.653	361
0.703	371
0.753	383
0.804	396
0.854	416
0.904	432
0.954	457
1.004	478
1.054	492
1.105	515
1.156	528
1.206	535
1.256	547
1.306	540
1.357	546
1.407	539
1.457	522
1.507	513
1.557	494
1.607	472
1.658	454
1.708	430
1.758	414
1.808	397
1.858	381
1.909	371
1.959	366
2.009	360
2.060	364
2.110	368
2.160	381
2.211	395
2.261	409
2.311	432
2.361	452
2.411	470
2.461	492
2.512	503
2.562	525
2.612	536
2.662	537
2.712	546
2.763	536
2.813	536
2.863	529
2.913	508
2.964	498
3.014	481
3.065	456
3.115	441
3.165	422
3.215	400
3.265	387
3.315	374
3.366	368
3.416	364
3.466	363
3.516	370
3.566	383
3.617	391
3.667	408
3.717	422
3.767	446
3.817	466
3.868	480
3.919	502
3.969	512
4.019	529
4.069	540
4.119	535
4.170	543
4.220	538
4.270	525
4.320	518
4.370	497
4.420	483
4.471	466
4.521	443
4.571	427
4.621	409
4.671	391
4.721	381
4.773	371
4.823	365
4.873	367
4.923	369
4.973	379
5.024	390
5.074	402
5.124	422
5.174	437
5.224	458
5.274	479
5.325	490
5.375	512
5.425	525
5.475	528
5.525	539
5.575	533
5.626	537
5.677	530
5.727	513
5.777	506
5.827	489
5.878	467
5.928	453
5.978	430
6.028	416
6.078	400
6.128	386
6.179	378
6.229	373
6.279	368
6.329	372
6.379	377
6.429	386
6.480	402
6.530	415
6.581	435
6.631	453
6.681	468
6.732	490
6.782	498
6.832	518
6.882	528
6.932	528
6.982	537
7.033	536
7.083	530
7.133	521
7.183	508
7.233	493
7.283	476
7.334	458
7.384	440
7.434	423
7.485	407
7.535	394
7.586	383
7.636	377
7.686	373
7.736	375
7.786	380
7.836	388
7.887	400
7.937	415
7.987	431
8.037	448
8.087	466
8.138	483
8.188	499
8.238	513
8.288	523
8.339	530
8.389	534
8.440	533
8.490	529
8.540	520
8.590	509
8.640	496
8.690	480
8.741	463
8.791	446
8.841	428
8.891	413
8.941	399
8.992	389
9.042	382
9.092	378
9.142	378
9.192	381
9.243	389
9.294	399
9.344	413
9.394	428
9.444	444
9.494	462
9.544	478
9.595	494
9.645	507
9.695	518
9.745	526
9.795	530
9.846	530
9.896	527
9.946	521
9.996	510
10.046	498
10.096	483
10.148	467
10.198	450
10.248	434
10.298	418
10.348	405
10.398	393
10.449	386
10.499	382
10.549	381
10.599	383
10.649	390
10.700	399
10.750	411
10.800	425
10.850	441
10.900	457
10.950	473
11.001	488
11.052	501
11.102	512
11.152	521
11.202	526
11.253	527
11.303	525
11.353	519
11.403	510
11.453	499
11.503	485
11.554	470
11.604	454
11.654	438
11.704	424
11.754	410
11.804	399
11.855	391
11.905	386
11.956	384
12.006	386
12.056	390
12.107	399
12.157	410
12.207	423
12.257	437
12.307	453
12.357	468
12.408	483
12.458	496
12.508	508
12.558	516
12.608	522
12.658	524
12.709	523
12.759	518
12.809	511
12.860	500
12.910	487
12.961	472
13.011	458
13.061	443
13.111	429
13.161	415
13.211	404
13.262	395
13.312	389
13.362	387
13.412	388
13.462	392
13.512	399
13.563	410
13.613	422
13.663	435
13.713	450
13.764	465
13.815	479
13.865	492
13.915	503
13.965	512
14.015	519
14.065	521
14.116	520
14.166	517
14.216	510
14.266	501
14.316	489
14.366	475
14.417	461
14.467	446
14.517	432
14.567	419
14.617	408
14.669	399
14.719	393
14.769	390
14.819	390
14.869	394
14.919	400
14.970	409
15.020	420
15.070	433
15.120	447
15.170	461
15.221	475
15.271	488
15.321	499
15.371	508
15.421	515
15.471	518
15.522	519
15.573	516
15.623	509
15.673	501
15.723	490
15.773	477
15.824	464
15.874	449
15.924	435
15.974	423
16.024	411
16.075	402
16.125	396
16.175	392
16.225	392
16.275	394
16.325	400
16.376	408
16.426	419
16.477	431
16.527	445
16.577	458
16.627	472
16.678	485
16.728	496
16.778	505
16.828	512
16.878	516
16.929	516
16.979	515
17.029	509
17.079	501
17.129	491
17.179	479
17.230	466
17.280	453
17.330	439
17.381	426
17.431	415
17.482	406
17.532	399
17.582	394
17.632	393
17.682	396
17.732	400
17.783	408
17.833	418
17.883	429
17.933	442
17.983	456
18.033	469
18.084	481
18.134	493
18.184	502
18.234	509
18.285	513
18.336	515
18.386	513
18.436	509
18.486	502
18.536	492
18.586	481
18.637	469
18.687	456
18.737	442
18.787	430
18.837	419
18.887	409
18.938	403
18.988	398
19.038	395
19.088	397
19.138	400
19.190	407
19.240	417
19.290	427
19.340	439
19.390	452
19.440	465
19.491	478
19.541	489
19.591	498
19.641	506
19.691	510
19.741	513
19.792	512
19.842	508
19.892	502
19.942	493
19.992	483
20.044	471
20.094	459
20.144	445
20.194	433
20.244	423
20.294	412
20.345	405
20.395	400
20.445	398
20.495	398
20.545	401
20.595	408
20.646	415
20.696	426
20.746	437
20.796	450
20.846	462
20.897	474
20.948	486
20.998	495
21.048	503
21.098	508
21.148	510
21.199	510
21.249	508
21.299	502
21.349	494
21.399	484
21.450	473
21.500	461
21.550	449
21.600	437
21.650	426
21.700	416
21.751	408
21.801	403
21.852	400
21.902	400
21.952	402
22.002	408
22.053	415
22.103	425
22.153	435
22.203	447
22.253	459
22.304	471
22.354	482
22.404	492
22.454	500
22.504	506
22.554	508
22.605	509
22.655	506
22.705	502
22.756	495
22.806	485
22.856	475
22.907	464
22.957	452
23.007	440
23.057	429
23.107	419
23.158	411
23.208	406
23.258	402
23.308	401
23.358	403
23.408	408
23.459	414
23.509	423
23.559	433
23.609	444
23.660	456
23.710	468
23.761	479
23.811	488
23.861	497
23.911	503
23.961	507
24.012	508
24.062	506
24.112	502
24.162	495
24.212	487
24.262	477
24.313	466
24.363	455
24.413	443
24.463	433
24.513	422
24.565	414
24.615	408
24.665	404
24.715	403
24.765	403
24.815	408
24.866	414
24.916	422
24.966	431
25.016	442
25.066	453
25.116	464
25.167	476
25.217	485
25.267	493
25.317	500
25.367	504
25.418	506
25.469	505
25.519	501
25.569	496
25.619	489
25.669	479
25.720	469
25.770	458
25.820	446
25.870	435
25.920	426
25.970	417
26.021	411
26.071	406
26.121	405
26.171	406
26.221	409
26.272	413
26.322	421
26.373	430
26.423	440
26.473	451
26.523	462
26.574	471
26.624	482
26.674	490
26.724	497
26.774	502
26.824	504
26.875	503
26.925	501
26.975	496
27.025	489
27.075	480
27.126	471
27.176	460
27.226	450
27.277	439
27.327	429
27.377	420
27.428	414
27.478	409
27.528	407
27.578	406
27.628	409
27.678	413
27.729	420
27.779	428
27.829	438
27.879	448
27.929	458
27.980	469
28.030	479
28.080	488
28.130	494
28.181	500
28.231	502
28.282	502
28.332	500
28.382	496
28.432	490
28.482	482
28.533	472
28.583	463
28.633	452
28.683	442
28.733	432
28.783	423
28.834	416
28.884	411
28.934	408
28.984	408
29.034	409
29.085	414
29.136	419
29.186	427
29.236	437
29.286	446
29.336	457
29.387	466
29.437	476
29.487	484
29.537	491
29.587	497
29.637	500
29.688	500
29.738	499
29.788	496
29.838	490
29.888	483
29.938	474
29.990	464
30.040	455
30.090	444
30.140	435
30.190	426
30.241	420
30.291	414
30.341	411
30.391	410
30.441	411
30.491	414
30.542	419
30.592	426
30.642	435
30.692	444
30.742	454
30.792	463
30.843	473
30.894	482
30.944	489
30.994	494
31.044	497
31.095	498
31.145	498
31.195	495
31.245	490
31.295	483
31.345	475
31.396	466
31.446	457
31.496	447
31.546	438
31.596	429
31.646	422
31.697	416
31.747	413
31.798	411
31.848	412
31.898	415
31.949	419
31.999	426
32.049	433
32.099	442
32.149	452
32.199	461
32.250	470
32.300	479
32.350	486
32.400	492
32.450	495
32.501	497
32.551	497
32.601	494
32.651	490
32.702	484
32.752	476
32.803	468
32.853	459
32.903	449
32.953	440
33.003	432
33.053	425
33.104	419
33.154	415
33.204	413
33.254	413
33.304	415
33.355	419
33.405	425
33.455	432
33.505	441
33.556	450
33.606	459
33.657	468
33.707	476
33.757	483
33.807	489
33.857	493
33.907	495
33.958	496
34.008	494
34.058	490
34.108	484
34.158	478
34.209	469
34.259	461
34.309	451
34.359	443
34.409	435
34.460	427
34.511	421
34.561	417
34.611	415
34.661	415
34.711	416
34.762	420
34.812	425
34.862	432
34.912	439
34.962	448
35.012	457
35.063	465
35.113	474
35.163	481
35.213	487
35.263	492
35.313	494
35.365	494
35.415	493
35.465	490
35.515	485
35.565	478
35.616	471
35.666	462
35.716	454
35.766	445
35.816	437
35.866	430
35.917	424
35.967	419
36.017	417
36.067	416
36.117	417
36.167	420
36.218	425
36.269	431
36.319	438
36.369	446
36.419	455
36.470	463
36.520	471
36.570	478
36.620	485
36.670	489
36.720	492
36.771	493
36.821	492
36.871	489
36.921	485
36.971	479
37.021	472
37.072	464
37.122	456
37.173	447
37.223	439
37.273	432
37.324	426
37.374	421
37.424	418
37.474	417
37.524	418
37.574	420
37.625	425
37.675	431
37.725	437
37.775	445
37.825	453
37.875	461
37.926	469
37.976	476
38.026	482
38.077	487
38.127	490
38.178	491
38.228	491
38.278	489
38.328	485
38.378	479
38.428	473
38.479	465
38.529	457
38.579	449
38.629	441
38.679	434
38.730	428
38.780	423
38.830	420
38.880	419
38.930	418
38.981	421
39.032	425
39.082	430
39.132	436
39.182	444
39.232	451
39.282	459
39.333	467
39.383	474
39.433	480
39.483	485
39.533	488
39.584	490
39.634	490
39.684	488
39.734	485
39.784	480
39.834	474
39.886	466
39.936	459
39.986	451
40.036	443
40.086	436
40.136	430
40.187	425
40.237	422
40.287	420
40.337	420
40.387	421
40.438	425
40.488	429
40.538	436
40.588	442
40.638	450
40.688	458
40.739	465
40.790	472
40.840	478
40.890	483
40.940	487
40.990	488
41.041	489
41.091	487
41.141	484
41.191	480
41.241	474
41.292	468
41.342	461
41.392	453
41.442	446
41.492	439
41.542	433
41.593	428
41.643	424
41.694	421
41.744	421
41.794	422
41.845	425
41.895	429
41.945	435
41.995	441
42.045	448
42.095	455
42.146	463
42.196	470
42.246	476
42.296	481
42.346	484
42.396	487
42.447	488
42.497	487
42.547	484
42.598	480
42.648	475
42.699	469
42.749	462
42.799	455
42.849	448
42.899	441
42.949	435
43.000	430
43.050	426
43.100	423
43.150	422
43.200	423
43.250	425
43.301	430
43.351	434
43.401	440
43.451	447
43.502	454
43.553	461
43.603	468
43.653	474
43.703	479
43.753	483
43.803	486
43.854	486
43.904	485
43.954	484
44.004	480
44.054	475
44.104	470
44.155	464
44.205	456
44.255	449
44.305	443
44.355	437
44.407	432
44.457	428
44.507	425
44.557	424
44.607	424
44.657	426
44.708	429
44.758	434
44.808	439
44.858	446
44.908	452
44.958	459
45.009	466
45.059	472
45.109	476
45.159	481
45.209	484
45.260	485
45.311	484
45.361	483
45.411	480
45.461	476
45.511	470
45.562	464
45.612	458
45.662	451
45.712	444
45.762	438
45.813	433
45.863	429
45.913	427
45.963	425
46.013	425
46.063	426
46.114	429
46.165	433
46.215	439
46.265	445
46.315	451
46.365	457
46.416	464
46.466	470
46.516	475
46.566	479
46.616	482
46.667	484
46.717	484
46.767	482
46.817	479
46.867	476
46.917	471
46.968	465
47.018	459
47.069	453
47.119	446
47.169	440
47.219	435
47.270	431
47.320	428
47.370	426
47.420	426
47.470	427
47.521	430
47.571	433
47.621	438
47.671	444
47.721	450
47.771	456
47.822	462
47.872	468
47.922	473
47.973	478
48.023	480
48.074	482
48.124	482
48.174	482
48.224	479
48.274	476
48.324	471
48.375	466
48.425	460
48.475	454
48.525	448
48.575	442
48.625	437
48.676	433
48.726	429
48.776	428
48.826	427
48.877	428
48.928	430
48.978	434
49.028	438
49.078	443
49.128	449
49.178	455
49.229	460
49.279	466
49.329	471
49.379	475
49.429	479
49.479	481
49.530	482
49.580	481
49.630	479
49.680	476
49.730	472
49.782	467
49.832	460
49.882	455
49.932	449
49.982	444
50.032	439
50.083	434
50.133	431
50.183	429
50.233	428
50.283	429
50.333	431
50.384	433
50.434	438
50.484	442
50.534	448
50.584	453
50.635	459
50.686	464
50.736	469
50.786	474
50.836	477
50.886	479
50.937	480
50.987	480
51.037	478
51.087	475
51.137	472
51.187	467
51.238	462
51.288	456
51.338	451
51.388	445
51.438	440
51.489	436
51.539	432
51.590	431
51.640	429
51.690	429
51.740	431
51.791	434
51.841	437
51.891	442
51.941	447
51.991	452
52.042	458
52.092	463
52.142	468
52.192	472
52.242	475
52.292	478
52.343	479
52.393	479
52.443	478
52.494	475
52.544	472
52.594	468
52.645	462
52.695	457
52.745	452
52.795	447
52.845	442
52.896	438
52.946	435
52.996	432
53.046	431
53.096	431
53.146	432
53.197	434
53.247	438
53.297	442
53.347	446
53.398	451
53.448	457
53.499	462
53.549	466
53.599	470
53.649	475
53.699	477
53.750	478
53.800	478
53.850	477
53.900	475
53.950	472
54.000	467
54.051	463
54.101	458
54.151	453
54.201	448
54.251	444
54.302	439
54.353	436
54.403	433
54.453	432
54.503	431
54.553	432
54.604	434
54.654	438
54.704	441
54.754	446
54.804	451
54.854	455
54.905	460
54.955	465
55.005	469
55.055	473
55.105	475
55.155	476
55.207	477
55.257	476
55.307	475
55.357	472
55.407	468
55.458	464
55.508	459
55.558	454
55.608	449
55.658	445
55.708	441
55.759	437
55.809	435
55.859	433
55.909	433
55.959	433
56.010	435
56.060	438
56.111	441
56.161	445
56.211	450
56.261	454
56.312	459
56.362	464
56.412	468
56.462	471
56.512	474
56.562	475
56.613	476
56.663	475
56.713	474
56.763	472
56.813	468
56.864	465
56.914	460
56.965	455
57.015	451
57.065	446
57.115	442
57.166	438
57.216	436
57.266	434
57.316	433
57.366	434
57.416	435
57.467	438
57.517	441
57.567	445
57.617	449
57.667	453
57.718	458
57.768	462
57.818	466
57.869	470
57.919	473
57.969	474
58.020	475
58.070	475
58.120	473
58.170	471
58.220	468
58.270	465
58.321	460
58.371	457
58.421	452
58.471	448
58.521	444
58.572	440
58.622	437
58.672	436
58.722	435
58.773	435
58.823	436
58.874	438
58.924	441
58.974	445
59.024	448
59.074	453
59.125	457
59.175	461
59.225	465
59.275	469
59.325	471
59.375	473
59.426	474
59.476	474
59.526	473
59.576	471
59.626	468
59.677	465
59.728	461
59.778	457
59.828	453
59.878	448
59.928	445
59.979	441
60.029	439
60.079	437
60.129	436
60.179	436
60.229	437
60.280	439
60.330	441
60.380	444
60.430	448
60.480	452
60.530	456
60.582	460
60.632	464
60.682	467
60.732	470
60.782	471
60.833	473
60.883	473
60.933	472
60.983	470
61.033	468
61.083	465
61.134	462
61.184	458
61.234	454
61.284	449
61.334	446
61.384	443
61.435	440
61.486	438
61.536	437
61.586	437
61.636	437
61.687	439
61.737	441
61.787	444
61.837	447
61.887	452
61.937	455
61.988	459
62.038	462
62.088	466
62.138	468
62.188	471
62.238	471
62.289	472
62.339	471
62.390	470
62.440	468
62.490	465
62.541	462
62.591	458
62.641	454
62.691	451
62.741	447
62.791	444
62.842	441
62.892	440
62.942	438
62.992	438
63.042	438
63.093	439
63.143	441
63.193	444
63.243	447
63.294	451
63.344	455
63.395	458
63.445	462
63.495	465
63.545	467
63.595	469
63.645	471
63.696	471
63.746	471
63.796	470
63.846	468
63.896	465
63.947	462
63.997	458
64.047	455
64.097	452
64.147	448
64.198	445
64.249	442
64.299	440
64.349	439
64.399	438
64.449	439
64.499	440
64.550	442
64.600	444
64.650	447
64.700	450
64.750	454
64.801	457
64.851	460
64.901	463
64.951	466
65.001	469
65.051	470
65.103	470
65.153	470
65.203	469
65.253	467
65.303	465
65.354	462
65.404	460
65.454	456
65.504	452
65.554	449
65.604	446
65.655	443
65.705	442
65.755	440
65.805	439
65.855	440
65.905	441
65.956	442
66.007	444
66.057	447
66.107	450
66.157	453
66.208	456
66.258	459
66.308	462
66.358	464
66.408	467
66.458	468
66.509	469
66.559	469
66.609	468
66.659	467
66.709	465
66.759	462
66.810	460
66.860	457
66.911	453
66.961	450
67.011	447
67.062	445
67.112	443
67.162	441
67.212	440
67.262	441
67.312	441
67.363	442
67.413	444
67.463	447
67.513	449
67.563	452
67.613	455
67.664	459
67.714	461
67.765	464
67.815	466
67.865	467
67.916	468
67.966	468
68.016	467
68.066	466
68.116	464
68.166	462
68.217	460
68.267	457
68.317	454
68.367	451
68.417	448
68.467	446
68.518	444
68.568	442
68.618	442
68.669	441
68.719	442
68.770	443
68.820	445
68.870	447
68.920	449
68.970	452
69.020	455
69.071	458
69.121	461
69.171	462
69.221	465
69.271	466
69.322	467
69.372	467
69.422	467
69.472	466
69.522	464
69.573	462
69.624	460
69.674	457
69.724	455
69.774	452
69.824	449
69.874	447
69.925	445
69.975	443
70.025	443
70.075	442
70.125	442
70.176	443
70.226	445
70.276	447
70.326	449
70.376	452
70.426	455
70.478	457
70.528	459
70.578	462
70.628	464
70.678	465
70.728	466
70.779	467
70.829	466
70.879	465
70.929	464
70.979	462
71.030	460
71.080	457
71.130	455
71.180	452
71.230	450
71.280	448
71.331	446
71.382	444
71.432	443
71.482	443
71.532	443
71.582	444
71.633	445
71.683	447
71.733	449
71.783	452
71.833	454
71.884	456
71.934	459
71.984	461
72.034	463
72.084	464
72.134	465
72.185	466
72.235	465
72.286	465
72.336	463
72.386	462
72.437	460
72.487	458
72.537	455
72.587	453
72.637	450
72.687	448
72.738	447
72.788	445
72.838	444
72.888	444
72.938	444
72.988	445
73.039	446
73.089	447
73.139	449
73.190	451
73.240	454
73.291	456
73.341	458
73.391	460
73.441	462
73.491	463
73.541	464
73.592	465
73.642	465
73.692	464
73.742	463
73.792	462
73.842	460
73.893	458
73.943	456
73.993	453
74.043	451
74.094	449
74.145	448
74.195	446
74.245	445
74.295	445
74.345	445
74.395	445
74.446	446
74.496	448
74.546	449
74.596	451
74.646	453
74.696	455
74.747	458
74.797	460
74.847	461
74.897	462
74.947	464
74.999	463
75.049	464
75.099	463
75.149	462
75.199	461
75.249	460
75.300	458
75.350	456
75.400	454
75.450	452
75.500	450
75.550	448
75.601	447
75.651	446
75.701	446
75.751	445
75.801	446
75.852	447
75.903	448
75.953	449
76.003	451
76.053	453
76.103	455
76.154	457
76.204	459
76.254	460
76.304	461
76.354	463
76.405	463
76.455	463
76.505	463
76.555	462
76.605	461
76.655	459
76.706	458
76.757	456
76.807	454
76.857	452
76.907	450
76.957	449
77.008	448
77.058	447
77.108	446
77.158	446
77.208	446
77.259	448
77.309	448
77.359	450
77.409	451
77.459	453
77.509	455
77.560	457
77.610	458
77.661	460
77.711	461
77.761	462
77.811	462
77.862	462
77.912	462
77.962	462
78.012	460
78.062	459
78.113	458
78.163	456
78.213	454
78.263	453
78.313	451
78.363	450
78.414	448
78.464	448
78.514	447
78.565	447
78.615	447
78.666	448
78.716	449
78.766	450
78.816	451
78.866	453
78.916	455
78.967	456
79.017	458
79.067	459
79.117	460
79.167	461
79.217	462
79.268	462
79.318	461
79.368	460
79.418	460
79.469	459
79.520	457
79.570	456
79.620	454
79.670	453
79.720	451
79.770	450
79.821	449
79.871	448
79.921	448
79.971	448
80.021	448
80.071	448
80.122	449
80.172	450
80.222	452
80.272	453
80.322	455
80.374	456
80.424	457
80.474	458
80.524	460
80.574	460
80.624	461
80.675	461
80.725	461
80.775	460
80.825	459
80.875	458
80.925	457
80.976	456
81.026	455
81.076	453
81.126	452
81.176	451
81.227	449
81.278	449
81.328	448
81.378	448
81.428	448
81.478	449
81.529	450
81.579	451
81.629	452
81.679	453
81.729	455
81.779	456
81.830	457
81.880	458
81.930	459
81.980	460
82.030	460
82.081	460
82.131	460
82.182	460
82.232	458
82.282	458
82.332	457
82.383	456
82.433	454
82.483	453
82.533	452
82.583	451
82.634	450
82.684	450
82.734	449
82.784	449
82.834	449
82.884	450
82.935	450
82.985	451
83.035	452
83.086	453
83.136	454
83.186	456
83.237	457
83.287	458
83.337	458
83.387	459
83.437	459
83.488	459
83.538	460
83.588	459
83.638	459
83.688	457
83.738	456
83.789	455
83.839	455
83.889	454
83.939	452
83.990	451
84.040	451
84.091	450
84.141	450
84.191	450
84.241	450
84.291	450
84.342	451
84.392	451
84.442	452
84.492	453
84.542	454
84.592	455
84.643	456
84.693	457
84.743	458
84.793	458
84.843	459
84.894	459
84.945	459
84.995	458
85.045	458
85.095	457
85.145	457
85.196	456
85.246	455
85.296	454
85.346	453
85.396	452
85.446	451
85.497	451
85.547	451
85.597	450
85.647	451
85.697	451
85.747	451
85.799	452
85.849	453
85.899	454
85.949	454
85.999	455
86.050	456
86.100	457
86.150	457
86.200	458
86.250	458
86.300	458
86.351	458
86.401	458
86.451	457
86.501	457
86.551	456
86.602	455
86.652	454
86.703	454
86.753	453
86.803	453
86.853	452
86.904	451
86.954	451
87.004	451
87.054	451
87.104	451
87.154	452
87.205	452
87.255	453
87.305	454
87.355	454
87.405	455
87.456	456
87.506	457
87.557	457
87.607	457
87.657	458
87.707	458
87.758	457
87.808	457
87.858	457
87.908	457
87.958	456
88.008	455
88.059	454
88.109	454
88.159	453
88.209	452
88.259	452
88.310	451
88.360	451
88.410	451
88.461	452
88.511	452
88.561	453
88.612	453
88.662	454
88.712	455
88.762	455
88.812	455
88.862	456
88.913	456
88.963	456
89.013	457
89.063	457
89.113	457
89.164	457
89.214	456
89.264	456
89.314	455
89.365	455
89.415	455
89.466	454
89.516	453
89.566	453
89.616	453
89.666	453
89.717	452
89.767	452
89.817	452
89.867	453
89.917	453
89.967	453
90.018	454
90.068	454
90.118	455
90.168	455
90.218	455
90.269	455
90.320	456
90.370	456
90.420	456
90.470	456
90.520	456
90.571	456
90.621	456
90.671	455
90.721	455
90.771	455
90.821	454
90.872	454
90.922	454
90.972	453
91.022	453
91.072	452
91.122	453
91.174	453
91.224	453
91.274	453
91.324	453
91.374	453
