#Creator: pendulumdriveEventBuffer
#Creation time: Tue Apr  4 15:26:34 2017
#Time	Pos
#[s]	[au]
0.050	359
0.100	322
0.151	307
0.201	292
0.251	290
0.301	291
0.351	292
0.402	312
0.452	341
0.502	357
0.553	395
0.603	418
0.653	462
0.704	490
0.754	509
0.804	543
0.854	538
0.904	569
0.954	569
1.005	549
1.055	556
1.105	533
1.155	500
1.205	480
1.256	437
1.306	414
1.356	383
1.406	348
1.457	328
1.507	309
1.558	292
1.608	291
1.658	288
1.708	296
1.758	313
1.809	329
1.859	363
1.909	394
1.959	420
2.009	460
2.059	475
2.110	517
2.160	540
2.210	545
2.260	566
2.310	564
2.361	557
2.412	555
2.462	525
2.512	512
2.562	481
2.612	437
2.663	416
2.713	383
2.763	350
2.813	331
2.863	306
2.913	297
2.964	292
3.014	290
3.064	299
3.114	315
3.164	328
3.214	361
3.266	384
3.316	425
3.366	458
3.416	474
3.466	516
3.517	534
3.567	550
3.617	565
3.667	550
3.717	565
3.767	554
3.818	523
3.868	512
3.918	478
3.968	446
4.018	419
4.068	377
4.119	356
4.170	332
4.220	307
4.270	299
4.320	295
4.371	288
4.421	300
4.471	309
4.521	335
4.571	361
4.621	385
4.672	423
4.722	453
4.772	483
4.822	514
4.872	520
4.922	555
4.973	562
5.023	553
5.074	565
5.124	546
5.174	532
5.225	513
5.275	467
5.325	452
5.375	419
5.425	379
5.475	359
5.526	334
5.576	308
5.626	300
5.676	291
5.726	294
5.777	301
5.827	308
5.877	334
5.927	361
5.978	387
6.028	424
6.079	446
6.129	487
6.179	512
6.229	525
6.279	553
6.329	552
6.380	565
6.430	565
6.480	539
6.530	537
6.580	511
6.631	474
6.681	453
6.731	418
6.781	384
6.832	359
6.882	329
6.933	313
6.983	301
7.033	290
7.083	293
7.133	311
7.183	306
7.234	334
7.284	353
7.334	391
7.384	422
7.434	448
7.485	486
7.535	497
7.585	537
7.635	554
7.685	546
7.736	567
7.787	562
7.837	545
7.887	538
7.937	497
7.987	484
8.038	453
8.088	413
8.138	389
8.188	360
8.238	328
8.288	315
8.339	299
8.389	288
8.439	293
8.489	295
8.539	312
8.589	333
8.641	352
8.691	389
8.741	409
8.791	452
8.841	484
8.892	497
8.942	536
8.992	549
9.042	553
9.092	566
9.142	547
9.193	557
9.243	538
9.293	501
9.343	486
9.393	452
9.443	416
9.494	391
9.545	354
9.595	334
9.645	315
9.695	298
9.746	293
9.796	295
9.846	293
9.896	311
9.946	325
9.996	357
10.047	387
10.097	412
10.147	452
10.197	479
10.247	505
10.297	535
10.348	538
10.398	562
10.449	565
10.499	549
10.549	556
10.600	535
10.650	511
10.700	488
10.750	443
10.800	424
10.850	391
10.901	356
10.951	336
11.001	317
11.051	296
11.101	294
11.151	291
11.202	298
11.252	311
11.302	326
11.353	358
11.403	387
11.454	414
11.504	453
11.554	468
11.604	511
11.654	534
11.704	539
11.755	563
11.805	560
11.855	561
11.905	557
11.955	522
12.006	516
12.056	486
12.106	446
12.156	423
12.206	390
12.257	356
12.308	336
12.358	309
12.408	300
12.458	294
12.508	288
12.558	298
12.609	315
12.659	328
12.709	357
12.759	380
12.809	420
12.860	452
12.910	474
12.960	512
13.010	521
13.060	553
13.110	564
13.162	550
13.212	566
13.262	555
13.312	529
13.362	517
13.412	478
13.463	453
13.513	422
13.563	384
13.613	362
13.663	335
13.714	309
13.764	300
13.814	303
13.864	284
13.914	297
13.964	306
14.015	330
14.066	357
14.116	382
14.166	420
14.216	445
14.266	484
14.317	512
14.367	521
14.417	555
14.467	563
14.517	559
14.568	568
14.618	537
14.668	543
14.718	517
14.768	476
14.818	455
14.869	422
14.919	384
14.970	360
15.020	335
15.070	308
15.121	298
15.171	288
15.221	290
15.271	296
15.321	304
15.371	330
15.422	349
15.472	386
15.522	420
15.572	442
15.622	485
15.672	510
15.723	530
15.773	557
15.823	549
15.874	570
15.924	568
15.975	543
16.025	542
16.075	515
16.125	482
16.175	456
16.225	413
16.276	390
16.326	360
16.376	328
16.426	312
16.476	299
16.526	288
16.577	289
16.627	292
16.677	308
16.727	330
16.778	348
16.829	386
16.879	418
16.929	448
16.979	485
17.029	499
17.079	538
17.130	555
17.180	552
17.230	570
17.280	562
17.330	555
17.380	543
17.431	502
17.481	488
17.531	455
17.581	415
17.631	390
17.683	360
17.733	328
17.783	311
17.833	295
17.883	290
17.933	290
17.984	290
18.034	309
18.084	331
18.134	352
18.184	388
18.234	409
18.285	453
18.335	484
18.385	501
18.435	538
18.485	550
18.536	562
18.587	570
18.637	550
18.687	560
18.737	541
18.787	506
18.838	487
18.888	452
18.938	418
18.988	390
19.038	354
19.089	334
19.139	311
19.189	293
19.239	290
19.289	293
19.339	289
19.390	308
19.441	324
19.491	355
19.541	387
19.591	410
19.641	453
19.692	479
19.742	510
19.792	537
19.842	540
19.892	566
19.943	569
19.993	555
20.043	560
20.093	532
20.143	517
20.193	488
20.244	443
20.294	423
20.345	391
20.395	356
20.445	334
20.495	319
20.546	292
20.596	290
20.646	285
20.696	294
20.746	308
20.797	322
20.847	355
20.897	383
20.947	416
20.997	452
21.047	474
21.098	513
21.148	537
21.198	545
21.249	566
21.299	552
21.350	567
21.400	560
21.450	528
21.500	519
21.550	487
21.600	449
21.651	424
21.701	383
21.751	357
21.801	334
21.851	307
21.901	297
21.952	291
22.002	284
22.052	294
22.102	305
22.153	324
22.204	355
22.254	377
22.304	419
22.354	451
22.404	476
22.454	512
22.505	523
22.555	555
22.605	565
22.655	552
22.705	568
22.755	555
22.806	535
22.856	519
22.906	476
22.956	457
23.006	424
23.058	384
23.108	362
23.158	335
23.208	308
23.258	298
23.308	288
23.359	290
23.409	295
23.459	304
23.509	327
23.559	355
23.609	380
23.660	417
23.710	437
23.760	483
23.810	511
23.860	524
23.911	554
23.962	561
24.012	562
24.062	568
24.112	540
24.162	543
24.213	518
24.263	478
24.313	457
24.363	424
24.413	386
24.463	362
24.514	331
24.564	313
24.614	299
24.664	288
24.714	290
24.765	297
24.815	301
24.866	328
24.916	348
24.966	385
25.016	417
25.067	440
25.117	483
25.167	506
25.217	532
25.267	555
25.318	552
25.368	569
25.418	566
25.468	544
25.518	543
25.568	513
25.619	485
25.669	458
25.719	415
25.770	392
25.820	362
25.870	329
25.921	313
25.971	302
26.021	285
26.071	289
26.121	292
26.172	307
26.222	328
26.272	348
26.322	386
26.372	415
26.422	448
26.473	483
26.523	500
26.573	536
26.623	553
26.674	555
26.724	569
26.775	557
26.825	558
26.875	543
26.925	504
26.975	490
27.026	457
27.076	416
27.126	391
27.176	367
27.226	330
27.276	313
27.327	294
27.377	291
27.427	291
27.477	289
27.527	307
27.578	335
27.629	350
27.679	385
27.729	408
27.779	451
27.829	481
27.880	502
27.930	536
27.980	535
28.030	567
28.080	570
28.130	552
28.181	560
28.231	541
28.281	509
28.331	489
28.381	447
28.431	424
28.483	392
28.533	354
28.583	334
28.633	313
28.683	292
28.734	290
28.784	287
28.834	290
28.884	307
28.934	322
28.984	353
29.035	385
29.085	410
29.135	452
29.185	468
29.235	511
29.286	536
29.336	538
29.387	567
29.437	567
29.487	558
29.537	561
29.588	524
29.638	519
29.688	489
29.738	446
29.788	424
29.838	390
29.889	356
29.939	334
29.989	309
30.039	296
30.089	290
30.140	286
30.190	294
30.241	307
30.291	322
30.341	353
30.391	378
30.442	418
30.492	452
30.542	470
30.592	513
30.642	534
30.692	548
30.743	568
30.793	552
30.843	570
30.893	560
30.943	531
30.994	519
31.044	485
31.094	450
31.145	424
31.195	382
31.245	360
31.296	333
31.346	306
31.396	296
31.446	291
31.496	282
31.546	294
31.597	302
31.647	328
31.697	354
31.747	379
31.797	418
31.848	449
31.898	480
31.948	513
31.998	525
32.049	558
32.099	566
32.150	559
32.200	570
32.250	553
32.300	539
32.350	519
32.401	476
32.451	456
32.501	423
32.551	384
32.601	358
32.651	333
32.702	305
32.752	294
32.802	284
32.852	287
32.902	293
32.953	300
33.004	326
33.054	354
33.104	382
33.154	418
33.204	441
33.255	485
33.305	512
33.355	527
33.405	559
33.455	559
33.505	571
33.556	571
33.606	544
33.656	544
33.706	518
33.756	480
33.806	456
33.858	421
33.908	385
33.958	359
34.008	326
34.058	310
34.109	295
34.159	284
34.209	287
34.259	305
34.309	300
34.359	327
34.410	347
34.460	386
34.510	417
34.560	443
34.610	485
34.660	501
34.711	537
34.762	557
34.812	551
34.862	571
34.912	568
34.963	549
35.013	544
35.063	505
35.113	488
35.163	457
35.213	415
35.264	390
35.314	360
35.364	327
35.414	310
35.464	295
35.514	288
35.565	289
35.615	290
35.666	307
35.716	327
35.766	348
35.817	385
35.867	409
35.917	451
35.967	483
36.017	499
36.067	537
36.118	552
36.168	557
36.218	571
36.268	552
36.318	561
36.369	543
36.419	507
36.469	490
36.519	456
36.570	416
36.620	391
36.671	353
36.721	334
36.771	312
36.821	294
36.871	290
36.921	291
36.972	290
37.022	307
37.072	320
37.122	352
37.172	384
37.223	406
37.273	450
37.323	480
37.373	504
37.423	536
37.474	537
37.525	565
37.575	568
37.625	554
37.675	560
37.725	539
37.775	513
37.826	489
37.876	444
37.926	425
37.976	392
38.026	356
38.077	335
38.127	315
38.177	292
38.227	291
38.277	287
38.327	295
38.379	308
38.429	321
38.479	353
38.529	383
38.579	411
38.630	450
38.680	470
38.730	510
38.780	534
38.830	540
38.880	565
38.931	561
38.981	563
39.031	559
39.081	525
39.131	519
39.181	490
39.232	447
39.283	426
39.333	391
39.383	358
39.433	336
39.484	311
39.534	300
39.584	292
39.634	286
39.684	295
39.734	311
39.785	322
39.835	353
39.885	375
39.935	415
39.985	448
40.035	469
40.086	508
40.136	525
40.187	550
40.237	564
40.287	549
40.338	567
40.388	557
40.438	531
40.488	520
40.538	486
40.588	456
40.639	427
40.689	386
40.739	365
40.789	338
40.839	310
40.889	301
40.940	307
40.990	288
41.041	296
41.091	303
41.141	327
41.192	351
41.242	376
41.292	414
41.342	439
41.392	476
41.442	506
41.493	518
41.543	550
41.593	560
41.643	555
41.693	566
41.743	542
41.794	542
41.844	520
41.894	477
41.945	460
41.995	428
42.046	391
42.096	367
42.146	347
42.196	312
42.246	303
42.296	293
42.347	293
42.397	298
42.447	304
42.497	326
42.547	351
42.598	377
42.648	411
42.698	433
42.748	476
42.798	502
42.849	518
42.900	548
42.950	545
43.000	566
43.050	564
43.100	543
43.150	543
43.201	518
43.251	486
43.301	463
43.351	419
43.401	397
43.452	369
43.502	336
43.552	320
43.602	306
43.652	291
43.702	294
43.754	294
43.804	306
43.854	326
43.904	344
43.954	380
44.004	410
44.055	436
44.105	474
44.155	488
44.205	527
44.255	546
44.306	543
44.356	563
44.406	559
44.456	551
44.506	543
44.556	504
44.607	495
44.658	464
44.708	420
44.758	400
44.808	370
44.858	338
44.909	322
44.959	302
45.009	297
45.059	295
45.109	295
45.160	308
45.210	327
45.260	344
45.310	379
45.360	403
45.410	441
45.461	472
45.511	489
45.562	525
45.612	540
45.662	551
45.713	563
45.763	545
45.813	557
45.863	542
45.913	510
45.963	496
46.014	461
46.064	428
46.114	401
46.164	364
46.214	346
46.264	323
46.315	303
46.365	298
46.415	299
46.466	294
46.516	308
46.567	321
46.617	348
46.667	377
46.717	400
46.767	441
46.817	467
46.868	496
46.918	525
46.968	529
47.018	558
47.068	562
47.118	550
47.169	558
47.219	534
47.269	520
47.319	497
47.370	454
47.421	435
47.471	403
47.521	366
47.571	346
47.621	327
47.671	300
47.722	298
47.772	292
47.822	298
47.872	308
47.922	321
47.972	348
48.023	379
48.073	404
48.123	439
48.173	459
48.223	500
48.275	523
48.325	533
48.375	557
48.425	543
48.475	563
48.525	558
48.576	529
48.626	524
48.676	497
48.726	460
48.776	436
48.826	403
48.877	368
48.927	347
48.977	318
49.027	307
49.077	299
49.128	290
49.179	297
49.229	317
49.279	316
49.329	346
49.379	366
49.430	405
49.480	436
49.530	460
49.580	498
49.630	506
49.681	543
49.731	556
49.781	546
49.831	564
49.881	555
49.931	534
49.982	526
50.033	485
50.083	468
50.133	438
50.183	397
50.233	375
50.284	349
50.334	320
50.384	308
50.434	297
50.484	292
50.535	298
50.585	302
50.635	323
50.685	346
50.735	368
50.785	403
50.836	424
50.886	467
50.937	496
50.987	506
51.037	541
51.087	551
51.138	553
51.188	563
51.238	540
51.288	546
51.338	526
51.389	487
51.439	472
51.489	438
51.539	401
51.589	378
51.639	345
51.690	328
51.740	310
51.790	297
51.841	297
51.891	299
51.942	302
51.992	322
52.042	340
52.092	372
52.142	402
52.192	425
52.243	465
52.293	490
52.343	513
52.393	540
52.443	538
52.493	561
52.544	561
52.594	544
52.644	546
52.694	522
52.745	496
52.796	472
52.846	430
52.896	409
52.946	380
52.996	347
53.046	329
53.097	313
53.147	296
53.197	296
53.247	294
53.297	306
53.347	321
53.398	336
53.448	369
53.498	399
53.548	425
53.598	463
53.650	477
53.700	518
53.750	538
53.800	541
53.850	561
53.900	556
53.951	556
54.001	547
54.051	513
54.101	503
54.151	474
54.201	435
54.252	411
54.302	381
54.352	350
54.402	331
54.452	308
54.503	302
54.554	298
54.604	293
54.654	306
54.704	323
54.754	336
54.805	368
54.855	391
54.905	431
54.955	461
55.005	480
55.055	517
55.106	522
55.156	551
55.206	560
55.256	543
55.306	559
55.357	545
55.407	518
55.458	505
55.508	464
55.558	442
55.608	414
55.659	375
55.709	354
55.759	331
55.809	308
55.859	301
55.910	309
55.960	289
56.010	305
56.060	317
56.110	341
56.160	367
56.211	390
56.261	428
56.311	451
56.362	489
56.412	515
56.462	521
56.513	552
56.563	558
56.613	554
56.663	560
56.713	528
56.764	531
56.814	505
56.864	466
56.914	446
56.964	413
57.014	378
57.065	356
57.115	327
57.165	312
57.215	302
57.266	294
57.316	297
57.367	305
57.417	312
57.467	339
57.517	358
57.567	394
57.618	428
57.668	449
57.718	489
57.768	512
57.818	529
57.868	552
57.919	545
57.969	564
58.019	559
58.069	533
58.119	532
58.170	504
58.221	471
58.271	447
58.321	406
58.371	385
58.421	357
58.472	328
58.522	314
58.572	303
58.622	292
58.672	297
58.722	300
58.773	318
58.823	339
58.873	357
58.923	394
58.973	423
59.023	450
59.075	486
59.125	498
59.175	535
59.225	549
59.275	545
59.326	562
59.376	554
59.426	543
59.476	532
59.526	491
59.576	480
59.627	449
59.677	408
59.727	387
59.777	360
59.827	330
59.878	316
59.928	300
59.979	298
60.029	298
60.079	299
60.129	317
60.180	338
60.230	356
60.280	391
60.330	411
60.380	454
60.430	483
60.481	499
60.531	533
60.581	544
60.631	555
60.681	562
60.732	546
60.782	550
60.833	532
60.883	498
60.933	483
60.983	449
61.034	416
61.084	390
61.134	355
61.184	337
61.234	318
61.284	300
61.335	298
61.385	301
61.435	298
61.485	316
61.535	330
61.586	361
61.636	390
61.686	413
61.737	453
61.787	477
61.837	506
61.888	532
61.938	531
61.988	558
62.038	560
62.088	549
62.138	552
62.189	520
62.239	510
62.289	483
62.339	440
62.389	421
62.440	391
62.490	356
62.540	337
62.590	327
62.641	296
62.691	297
62.742	293
62.792	302
62.842	316
62.892	330
62.942	361
62.993	383
63.043	416
63.093	453
63.143	469
63.193	509
63.243	531
63.294	539
63.344	559
63.394	540
63.444	562
63.494	552
63.545	521
63.596	512
63.646	483
63.696	445
63.746	421
63.796	383
63.847	360
63.897	337
63.947	313
63.997	304
64.047	298
64.097	292
64.148	301
64.198	308
64.248	330
64.298	358
64.348	380
64.398	420
64.450	451
64.500	474
64.550	509
64.600	518
64.650	549
64.701	559
64.751	550
64.801	561
64.851	548
64.901	529
64.951	514
65.002	472
65.052	454
65.102	423
65.152	384
65.202	363
65.252	338
65.303	312
65.354	303
65.404	294
65.454	295
65.504	300
65.555	308
65.605	332
65.655	358
65.705	381
65.755	418
65.805	437
65.856	481
65.906	508
65.956	519
66.006	549
66.056	553
66.106	559
66.157	561
66.207	535
66.258	538
66.308	514
66.358	477
66.409	457
66.459	423
66.509	388
66.559	365
66.609	333
66.659	317
66.710	304
66.760	293
66.810	295
66.860	303
66.910	308
66.961	332
67.011	351
67.061	386
67.111	415
67.162	441
67.212	479
67.263	501
67.313	526
67.363	548
67.413	541
67.463	562
67.513	561
67.564	539
67.614	538
67.664	509
67.714	485
67.764	457
67.815	416
67.865	395
67.915	366
67.965	336
68.015	319
68.066	307
68.117	292
68.167	295
68.217	296
68.267	311
68.317	331
68.367	349
68.418	384
68.468	413
68.518	443
68.568	477
68.618	490
68.669	528
68.719	545
68.769	547
68.819	563
68.869	546
68.919	554
68.971	539
69.021	502
69.071	492
69.121	459
69.171	420
69.222	397
69.272	371
69.322	337
69.372	321
69.422	304
69.472	298
69.523	297
69.573	297
69.623	311
69.673	335
69.723	352
69.773	383
69.824	402
69.875	446
69.925	474
69.975	495
70.025	527
70.076	528
70.126	559
70.176	562
70.226	545
70.276	555
70.326	538
70.377	509
70.427	492
70.477	447
70.527	428
70.577	398
70.627	362
70.678	343
70.728	322
70.779	302
70.829	299
70.879	295
70.930	297
70.980	311
71.030	325
71.080	352
71.130	381
71.180	404
71.231	444
71.281	464
71.331	502
71.381	525
71.431	529
71.481	557
71.532	558
71.582	554
71.633	556
71.683	522
71.733	520
71.784	493
71.834	451
71.884	431
71.934	399
71.984	365
72.034	345
72.085	318
72.135	308
72.185	299
72.235	294
72.285	300
72.335	312
72.386	323
72.436	352
72.486	370
72.537	411
72.587	442
72.638	462
72.688	500
72.738	521
72.788	538
72.838	556
72.888	545
72.939	562
72.989	555
73.039	528
73.089	521
73.139	492
73.190	460
73.240	434
73.290	393
73.340	373
73.390	346
73.441	320
73.492	308
73.542	302
73.592	292
73.642	299
73.692	305
73.742	327
73.793	351
73.843	371
73.893	408
73.943	438
73.993	466
74.044	498
74.094	507
74.144	542
74.194	554
74.244	547
74.294	562
74.346	550
74.396	537
74.446	522
74.496	480
74.546	466
74.596	435
74.647	395
74.697	375
74.747	349
74.797	321
74.847	310
74.898	297
74.948	297
74.998	300
75.048	304
75.098	326
75.148	351
75.199	372
75.250	407
75.300	427
75.350	469
75.400	497
75.450	511
75.501	542
75.551	545
75.601	559
75.651	561
75.701	539
75.752	543
75.802	522
75.852	487
75.902	467
75.952	436
76.002	400
76.053	375
76.103	342
76.154	325
76.204	310
76.254	296
76.305	296
76.355	313
76.405	304
76.455	326
76.505	341
76.555	375
76.606	405
76.656	428
76.706	468
76.756	483
76.806	521
76.856	542
76.907	537
76.957	561
77.007	560
77.058	547
77.108	544
77.159	507
77.209	496
77.259	469
77.309	428
77.359	407
77.409	377
77.460	344
77.510	327
77.560	311
77.610	296
77.660	297
77.710	294
77.761	308
77.811	324
77.861	340
77.911	374
77.962	395
78.013	434
78.063	467
78.113	481
78.163	521
78.213	539
78.263	546
78.314	562
78.364	544
78.414	559
78.464	545
78.514	511
78.564	501
78.615	468
78.665	432
78.715	407
78.765	369
78.815	350
78.867	327
78.917	306
78.967	300
79.017	298
79.067	293
79.117	306
79.168	318
79.218	344
79.268	371
79.318	395
79.368	435
79.418	463
79.469	488
79.519	521
79.569	527
79.619	555
79.669	560
79.720	549
79.771	560
79.821	543
79.871	519
79.921	502
79.971	457
80.022	441
80.072	409
80.122	371
80.172	351
80.222	329
80.273	304
80.323	299
80.373	293
80.423	297
80.473	306
80.523	316
80.574	344
80.625	370
80.675	396
80.725	434
80.775	450
80.825	495
80.876	520
80.926	528
80.976	556
81.026	556
81.076	559
81.127	560
81.177	530
81.227	528
81.277	501
81.327	460
81.377	441
81.428	407
81.478	374
81.529	351
81.579	323
81.629	309
81.679	299
81.730	289
81.780	296
81.830	307
81.880	316
81.930	343
81.981	364
82.031	401
82.081	433
82.131	455
82.181	496
82.231	514
82.282	539
82.332	556
82.382	546
82.433	565
82.483	559
82.534	535
82.584	529
82.634	495
82.684	469
82.734	441
82.784	400
82.835	379
82.885	351
82.935	320
82.985	308
83.035	311
83.085	288
83.136	295
83.186	300
83.236	320
83.286	343
83.337	363
83.388	401
83.438	429
83.488	463
83.538	494
83.588	504
83.638	542
83.689	554
83.739	552
83.789	566
83.839	542
83.889	549
83.939	530
83.990	490
84.040	473
84.090	441
84.140	402
84.190	379
84.242	357
84.292	320
84.342	309
84.392	294
84.442	292
84.492	295
84.543	297
84.593	318
84.643	335
84.693	366
84.743	400
84.793	422
84.844	465
84.894	493
84.944	512
84.994	543
85.044	540
85.095	567
85.146	567
85.196	550
85.246	551
85.296	529
85.346	498
85.397	475
85.447	432
85.497	410
85.547	379
85.597	345
85.647	326
85.698	310
85.748	292
85.798	293
85.848	292
85.898	301
85.949	318
85.999	333
86.050	368
86.100	399
86.150	425
86.200	465
86.251	479
86.301	522
86.351	543
86.401	541
86.451	566
86.502	564
86.552	556
86.602	551
86.652	515
86.702	506
86.752	474
86.803	431
86.853	411
86.903	379
86.954	346
87.004	327
87.054	304
87.105	296
87.155	292
87.205	290
87.255	301
87.305	319
87.356	334
87.406	368
87.456	390
87.506	431
87.556	464
87.606	482
87.657	520
87.707	536
87.757	553
87.807	565
87.858	547
87.908	563
87.959	550
88.009	521
88.059	506
88.109	470
88.159	437
88.210	411
88.260	371
88.310	350
88.360	327
88.410	304
88.460	297
88.511	295
88.561	288
88.611	301
88.661	313
88.711	340
88.762	367
88.813	390
88.863	431
88.913	460
88.963	490
89.013	521
89.064	527
89.114	558
89.164	564
89.214	554
89.264	564
89.314	541
89.365	529
89.415	506
89.465	462
89.515	443
89.565	411
89.615	370
89.667	351
89.717	329
89.767	302
89.817	296
89.867	289
89.918	292
89.968	302
90.018	312
90.068	339
90.118	371
90.168	394
90.219	431
90.269	450
90.319	494
90.369	518
90.419	534
90.470	558
90.520	548
90.571	568
90.621	564
90.671	534
90.721	533
90.772	506
90.822	466
90.872	444
90.922	411
90.972	376
91.022	351
91.073	321
91.123	308
91.173	297
91.223	288
91.273	292
91.324	311
91.374	308
91.425	338
91.475	358
91.525	398
91.575	429
91.626	453
91.676	493
91.726	503
91.776	543
91.826	558
91.876	549
91.927	567
91.977	560
92.027	543
92.077	534
92.127	491
92.178	477
92.228	445
92.278	405
92.329	381
92.379	351
92.429	321
92.480	308
92.530	294
92.580	288
92.630	292
92.680	296
92.730	315
92.781	338
92.831	360
92.881	397
92.931	418
92.981	463
93.032	492
93.082	506
93.132	543
93.182	554
93.233	558
93.283	569
93.334	542
93.384	553
93.434	533
93.484	493
93.534	476
93.585	443
93.635	406
93.685	380
93.735	345
93.785	326
93.835	307
93.886	290
93.936	290
93.986	293
94.036	293
94.086	315
94.137	333
94.188	367
94.238	399
94.288	423
94.338	464
94.388	490
94.439	515
94.489	543
94.539	542
94.589	567
94.639	568
94.689	553
94.740	553
94.790	529
94.840	503
94.890	476
94.940	433
94.990	411
95.042	379
95.092	344
95.142	325
95.192	307
95.242	288
95.293	290
95.343	288
95.393	298
95.443	315
95.493	332
95.543	366
95.594	396
95.644	426
95.694	463
95.744	482
95.794	521
95.844	542
95.895	550
95.946	568
95.996	560
96.046	563
96.096	555
96.147	520
96.197	508
96.247	476
96.297	436
96.347	412
96.397	381
96.448	347
96.498	325
96.548	303
96.598	293
96.648	289
96.698	286
96.749	299
96.799	331
96.850	332
96.900	366
96.950	388
97.001	430
97.051	463
97.101	484
97.151	522
97.201	527
97.251	560
97.302	568
97.352	554
97.402	566
97.452	552
97.502	524
97.553	508
97.603	466
97.653	443
97.703	411
97.754	372
97.804	351
97.855	326
97.905	301
97.955	295
98.005	299
98.055	284
98.105	298
98.156	308
98.206	336
98.256	365
98.306	390
98.356	430
98.407	451
98.457	494
98.507	521
98.557	529
98.607	560
98.658	565
98.709	561
98.759	567
98.809	538
98.859	535
98.909	509
98.959	463
99.010	445
99.060	411
99.110	374
99.160	350
99.210	321
99.261	304
99.311	294
99.361	285
99.411	290
99.461	300
99.511	310
99.563	337
99.613	358
99.663	396
99.713	430
99.763	451
99.814	494
99.864	518
99.914	536
99.964	560
100.014	548
100.064	570
100.115	566
100.165	537
100.215	535
100.265	506
100.315	470
100.365	445
100.416	404
100.467	379
100.517	350
100.567	320
100.617	306
100.668	295
100.718	284
100.768	289
100.818	294
100.868	313
100.918	336
100.969	358
101.019	397
101.069	428
101.119	458
101.169	493
101.219	505
101.270	544
101.320	559
101.371	553
101.421	570
101.471	560
101.522	548
101.572	536
101.622	493
101.672	478
101.722	446
101.772	404
101.823	380
101.873	353
101.923	321
101.973	307
102.023	291
102.073	289
102.124	290
102.174	294
102.225	313
102.275	335
102.325	358
102.376	396
102.426	419
102.476	462
102.526	492
102.576	507
102.626	543
102.677	552
102.727	564
102.777	569
102.827	550
102.877	555
102.927	534
102.978	498
103.028	479
103.078	443
103.129	410
103.179	382
103.230	347
103.280	327
103.330	309
103.380	292
103.430	291
103.480	295
103.531	293
103.581	314
103.631	331
103.681	364
103.731	396
103.782	418
103.832	461
103.882	481
103.932	517
103.982	541
104.033	539
104.084	567
104.134	568
104.184	551
104.234	555
104.284	520
104.334	508
104.385	478
104.435	436
104.485	415
104.535	382
104.585	348
104.636	329
104.686	319
104.736	292
104.786	291
104.836	289
104.886	299
104.938	315
104.988	330
105.038	363
105.088	395
105.138	424
105.188	461
105.239	476
105.289	518
105.339	539
105.389	547
105.439	566
105.490	549
105.540	566
105.590	555
105.640	523
105.690	511
105.740	477
105.791	439
105.842	416
105.892	375
105.942	352
105.992	329
106.042	305
106.093	296
106.143	292
106.193	288
106.243	298
106.293	309
106.344	332
106.394	363
106.444	387
106.494	426
106.544	458
106.594	483
106.645	519
106.695	524
106.746	558
106.796	566
106.846	553
106.897	566
106.947	552
106.997	528
107.047	511
107.097	467
107.147	448
107.198	415
107.248	375
107.298	355
107.348	329
107.398	304
107.448	296
107.499	288
107.549	291
107.599	298
107.650	307
107.700	334
107.751	362
107.801	387
107.851	426
107.901	447
107.951	490
108.001	517
108.052	526
108.102	557
108.152	561
108.202	562
108.252	565
108.302	538
108.353	537
108.403	511
108.453	469
108.503	448
108.554	414
108.605	378
108.655	354
108.705	324
108.755	309
108.805	297
108.855	288
108.906	291
108.956	300
109.006	306
109.056	334
109.106	357
109.156	393
109.207	425
109.257	450
109.307	490
109.357	512
109.407	536
109.459	557
109.509	548
109.559	569
109.609	565
109.659	544
109.709	537
109.760	506
109.810	477
109.860	450
109.910	406
109.960	384
110.010	354
110.061	324
110.111	308
110.161	299
110.211	284
110.261	290
110.312	295
110.363	312
110.413	334
110.463	354
110.513	393
110.563	423
110.614	456
110.664	489
110.714	500
110.764	541
110.814	556
110.865	554
110.915	569
110.965	552
111.015	554
111.065	537
111.115	497
111.166	481
111.217	447
111.267	407
111.317	384
111.367	358
111.417	322
111.468	308
111.518	292
111.568	290
111.618	291
111.668	292
111.719	312
111.769	341
111.819	356
111.869	393
111.919	415
111.969	459
112.020	488
112.070	507
112.121	541
112.171	538
112.221	567
112.271	569
112.322	551
112.372	556
112.422	534
112.472	501
112.522	481
112.573	441
112.623	414
112.673	383
112.723	347
112.773	327
112.823	308
112.874	290
112.924	290
112.974	287
113.025	292
113.075	311
113.126	327
113.176	361
113.226	392
113.276	418
113.326	458
113.376	475
113.427	518
113.477	541
113.527	543
113.577	567
113.627	566
113.677	558
113.728	556
113.778	519
113.828	512
113.878	481
113.929	438
113.980	416
114.030	383
114.080	352
114.130	329
114.180	305
114.230	296
114.281	291
114.331	288
114.381	297
114.431	313
114.481	328
114.531	360
114.582	385
114.632	425
114.682	458
114.732	477
114.782	516
114.834	536
114.884	550
114.934	566
114.984	551
115.034	566
115.084	555
115.135	523
115.185	513
115.235	479
115.285	445
115.335	418
115.385	379
115.436	357
115.486	331
115.536	305
115.586	297
115.636	293
115.687	288
115.738	297
115.788	307
115.838	333
115.888	360
115.938	384
115.989	424
116.039	455
116.089	483
116.139	516
116.189	525
116.239	556
116.290	564
116.340	552
116.390	566
116.440	549
116.490	535
116.541	513
116.591	468
116.642	452
116.692	419
116.742	378
116.792	357
116.843	333
116.893	306
116.943	298
116.993	289
117.043	291
117.094	299
117.144	309
117.194	333
117.244	359
117.294	386
117.344	422
117.395	443
117.445	487
117.495	512
117.546	527
117.596	555
117.646	555
117.697	566
117.747	564
117.797	538
117.847	538
117.897	512
117.948	472
117.998	452
118.048	418
118.098	384
118.148	359
118.198	328
118.249	313
118.299	300
118.349	288
118.399	292
118.450	311
118.500	306
118.551	332
118.601	354
118.651	390
118.701	421
118.751	446
118.802	486
118.852	498
118.902	537
118.952	554
119.002	548
119.052	566
119.103	562
119.153	544
119.203	538
119.253	498
119.303	484
119.354	452
119.405	412
119.455	389
119.505	359
119.555	328
119.605	312
119.656	295
119.706	288
119.756	293
119.806	295
119.856	312
119.906	332
119.957	352
120.007	389
120.057	409
120.107	453
120.157	484
120.207	500
120.259	536
120.309	551
120.359	555
120.409	567
120.459	546
120.510	556
120.560	538
120.610	500
120.660	485
120.710	451
120.760	416
120.811	390
120.861	353
120.911	334
120.961	314
121.011	296
121.062	294
121.112	293
121.163	294
121.213	312
121.263	326
121.313	357
121.364	388
121.414	409
121.464	453
121.514	481
121.564	505
121.614	535
121.665	538
121.715	563
121.765	566
121.815	547
121.865	556
121.916	535
121.966	509
122.017	486
122.067	442
122.117	423
122.167	390
122.218	354
122.268	334
122.318	315
122.368	296
122.418	293
122.468	289
122.519	297
122.569	311
122.619	325
122.669	356
122.719	385
122.770	412
122.820	452
122.870	469
122.921	510
122.971	533
123.021	537
123.072	562
123.122	560
123.172	559
123.222	556
123.272	522
123.322	516
123.373	486
123.423	446
123.473	424
123.523	391
123.573	356
123.624	336
123.674	310
123.724	300
123.774	294
123.825	288
123.875	298
123.926	313
123.976	325
124.026	356
124.076	378
124.126	419
124.177	451
124.227	473
124.277	509
124.327	526
124.377	550
124.427	562
124.478	549
124.528	565
124.578	555
124.628	528
124.678	517
124.729	481
124.780	453
124.830	424
124.880	383
124.930	362
124.980	337
125.031	310
125.081	300
125.131	305
125.181	288
125.231	297
125.281	305
125.332	330
125.382	356
125.432	381
125.482	417
125.532	443
125.582	480
125.634	509
125.684	521
125.734	551
125.784	560
125.834	555
125.885	565
125.935	538
125.985	541
126.035	516
126.085	471
126.135	457
126.186	424
126.236	384
126.286	364
126.336	331
126.386	312
126.436	302
126.487	290
126.538	292
126.588	298
126.638	304
126.688	330
126.739	349
126.789	384
126.839	416
126.889	439
126.939	481
126.989	505
127.040	525
127.090	551
127.140	545
127.190	567
127.240	564
127.290	541
127.341	541
127.391	514
127.442	483
127.492	458
127.542	416
127.593	393
127.643	364
127.693	332
127.743	316
127.793	303
127.843	289
127.894	292
127.944	295
127.994	309
128.044	329
128.094	348
128.145	384
128.195	415
128.245	441
128.295	480
128.346	492
128.396	532
128.447	551
128.497	546
128.547	566
128.597	560
128.647	552
128.697	541
128.748	502
128.798	492
128.848	459
128.898	418
128.948	395
128.999	365
129.049	334
129.099	317
129.149	298
129.199	293
129.250	293
129.301	292
129.351	308
129.401	329
129.451	348
129.501	383
129.551	405
129.602	447
129.652	477
129.702	494
129.752	531
129.802	543
129.853	557
129.903	565
129.953	547
130.003	557
130.053	541
130.103	507
130.155	491
130.205	455
130.255	422
130.305	396
130.355	358
130.406	339
130.456	318
130.506	297
130.556	294
130.606	295
130.656	292
130.707	309
130.757	322
130.807	352
130.857	381
130.907	403
130.957	444
131.008	471
131.059	502
131.109	529
131.159	534
131.209	559
131.260	563
131.310	555
131.360	558
131.410	531
131.460	517
131.510	493
131.561	448
131.611	430
131.661	398
131.711	362
131.761	341
131.811	331
131.862	298
131.912	296
131.963	290
132.013	297
132.063	309
132.114	321
132.164	351
132.214	382
132.264	408
132.314	444
132.364	462
132.415	502
132.465	525
132.515	535
132.565	558
132.615	544
132.665	562
132.716	556
132.766	529
132.817	521
132.867	492
132.917	453
132.968	432
133.018	399
133.068	365
133.118	344
133.168	318
133.218	305
133.269	298
133.319	292
133.369	298
133.419	311
133.469	322
133.519	350
133.570	372
133.620	410
133.670	441
133.721	465
133.771	502
133.822	514
133.872	547
133.922	558
133.972	547
134.022	564
134.072	553
134.123	533
134.173	521
134.223	481
134.273	462
134.323	432
134.374	390
134.424	369
134.474	344
134.524	316
134.574	304
134.625	294
134.676	290
134.726	298
134.776	304
134.826	325
134.876	350
134.926	372
134.977	410
135.027	430
135.077	474
135.127	502
135.177	511
135.228	547
135.278	555
135.328	556
135.378	564
135.428	538
135.478	544
135.530	522
135.580	478
135.630	464
135.680	431
135.730	395
135.780	370
135.831	337
135.881	321
135.931	305
135.981	293
136.031	293
136.082	297
136.132	301
136.182	324
136.232	342
136.282	377
136.332	409
136.383	431
136.434	472
136.484	496
136.534	521
136.584	546
136.634	544
136.685	564
136.735	564
136.785	545
136.835	545
136.885	518
136.936	491
136.986	465
137.036	423
137.086	402
137.136	372
137.186	339
137.237	321
137.287	308
137.338	292
137.388	293
137.438	292
137.489	306
137.539	324
137.589	340
137.639	375
137.689	405
137.739	434
137.790	469
137.840	482
137.890	525
137.940	543
137.990	543
138.040	563
138.091	556
138.141	557
138.191	545
138.242	507
138.292	498
138.343	466
138.393	427
138.443	405
138.493	374
138.543	342
138.593	324
138.644	303
138.694	298
138.744	295
138.794	293
138.844	306
138.894	333
138.945	341
138.995	374
139.045	397
139.095	437
139.146	467
139.197	487
139.247	522
139.297	523
139.347	555
139.397	562
139.447	547
139.498	559
139.548	543
139.598	514
139.648	499
139.698	460
139.748	434
139.799	407
139.849	370
139.899	350
139.949	327
139.999	305
140.051	300
140.101	307
140.151	290
140.201	307
140.251	319
140.301	345
140.352	373
140.402	394
140.452	435
140.502	455
140.552	494
140.602	518
140.653	525
140.703	553
140.753	558
140.803	551
140.853	557
140.904	524
140.955	525
141.005	501
141.055	456
141.105	440
141.155	409
141.206	373
141.256	353
141.306	325
141.356	310
141.406	302
141.457	295
141.507	299
141.557	309
141.607	318
141.657	344
141.707	361
141.758	400
141.809	432
141.859	451
141.909	491
141.959	514
142.009	529
142.060	551
142.110	541
142.160	561
142.210	556
142.260	531
142.311	527
142.361	499
142.411	467
142.461	442
142.511	401
142.561	382
142.612	355
142.662	327
142.713	313
142.763	305
142.813	293
142.863	299
142.914	303
142.964	322
143.014	343
143.064	360
143.114	397
143.165	427
143.215	454
143.265	490
143.315	499
143.365	535
143.415	549
143.466	544
143.516	560
143.566	552
143.617	539
143.667	528
143.718	488
143.768	476
143.818	444
143.868	407
143.918	384
143.968	357
144.019	328
144.069	316
144.119	300
144.169	299
144.219	300
144.269	301
144.320	321
144.370	343
144.420	361
144.470	396
144.521	416
144.572	459
144.622	487
144.672	501
144.722	534
144.772	542
144.822	555
144.873	560
144.923	541
144.973	547
145.023	528
145.073	494
145.123	478
145.174	443
145.224	412
145.274	385
145.324	350
145.374	334
145.426	315
145.476	298
145.526	298
145.576	303
145.626	300
145.676	320
145.727	335
145.777	365
145.827	395
145.877	419
145.927	457
145.977	477
146.028	511
146.078	535
146.128	533
146.178	559
146.228	559
146.279	545
146.330	548
146.380	516
146.430	505
146.480	480
146.530	436
146.581	416
146.631	386
146.681	352
146.731	335
146.781	325
146.831	297
146.882	298
146.932	295
146.982	304
147.032	319
147.082	332
147.133	364
147.183	393
147.234	420
147.284	457
147.334	473
147.384	513
147.435	531
147.485	540
147.535	560
147.585	544
147.635	559
147.686	550
147.736	517
147.786	509
147.836	478
147.886	441
147.936	417
147.987	378
148.037	357
148.087	335
148.138	310
148.188	303
148.238	298
148.289	290
148.339	302
148.389	311
148.439	336
148.489	363
148.540	385
148.590	423
148.640	453
148.690	477
148.740	512
148.790	521
148.841	551
148.891	559
148.941	547
148.991	561
149.042	547
149.092	526
149.143	510
149.193	467
149.243	451
149.293	420
149.343	381
149.394	361
149.444	337
149.494	310
149.544	303
149.594	294
149.644	296
149.695	303
149.745	312
149.795	336
149.845	362
149.895	386
149.946	422
149.997	441
150.047	485
150.097	511
150.147	518
150.197	550
150.248	553
150.298	557
150.348	561
150.398	532
150.448	535
150.498	510
150.549	472
150.599	452
150.649	419
150.699	385
150.749	361
150.799	332
150.851	316
150.901	303
150.951	292
151.001	297
151.051	303
151.102	310
151.152	335
151.202	353
151.252	390
151.302	420
151.352	442
151.403	483
151.453	504
151.503	529
151.553	550
151.603	543
151.654	564
151.704	560
151.755	540
151.805	536
151.855	507
151.905	480
151.956	453
152.006	411
152.056	391
152.106	363
152.156	332
152.206	316
152.257	305
152.307	290
152.357	296
152.407	298
152.457	314
152.508	334
152.558	353
152.609	389
152.659	418
152.709	448
152.759	483
152.810	495
152.860	533
152.910	548
152.960	549
153.010	564
153.060	551
153.111	551
153.161	538
153.211	499
153.261	485
153.311	453
153.362	414
153.412	391
153.462	367
153.513	332
153.563	316
153.613	299
153.664	296
153.714	295
153.764	296
153.814	312
153.864	339
153.914	353
153.965	389
154.015	410
154.065	452
154.115	481
154.165	500
154.216	534
154.266	534
154.316	563
154.366	565
154.417	549
154.467	554
154.518	536
154.568	506
154.618	487
154.668	445
154.718	420
154.769	391
154.819	354
154.869	335
154.919	315
154.969	296
155.019	295
155.070	292
155.120	296
155.170	311
155.220	327
155.270	357
155.321	387
155.372	411
155.422	452
155.472	471
155.522	510
155.572	533
155.623	535
155.673	562
155.723	563
155.773	558
155.823	556
155.873	520
155.924	515
155.974	487
156.024	444
156.074	424
156.124	391
156.174	357
156.226	336
156.276	311
156.326	301
156.376	295
156.426	289
156.477	298
156.527	312
156.577	324
156.627	355
156.677	380
156.727	419
156.778	451
156.828	469
156.878	509
156.928	528
156.978	545
157.028	562
157.079	551
157.130	565
157.180	555
157.230	528
157.280	516
157.331	483
157.381	450
157.431	425
157.481	384
157.531	363
157.581	337
157.632	310
157.682	301
157.732	297
157.782	288
157.832	298
157.882	306
157.933	330
157.983	355
158.034	379
158.084	417
158.134	447
158.185	476
158.235	508
158.285	517
158.335	551
158.385	560
158.435	556
158.486	564
158.536	548
158.586	537
158.636	517
158.686	473
158.737	456
158.787	425
158.837	386
158.887	364
158.938	339
158.988	312
159.039	303
159.089	292
159.139	292
159.189	299
159.239	305
159.289	329
159.340	358
159.390	380
159.440	415
159.490	437
159.540	479
159.591	506
159.641	521
159.691	550
159.741	539
159.791	563
159.842	563
159.893	539
159.943	541
159.993	516
160.043	479
160.093	458
160.143	423
160.194	392
160.244	365
160.294	335
160.344	317
160.394	304
160.445	291
160.495	294
160.545	307
160.595	306
160.645	328
160.695	347
160.747	383
160.797	413
160.847	437
160.897	477
160.947	490
160.998	530
161.048	548
161.098	543
161.148	563
161.198	561
161.248	545
161.299	541
161.349	502
161.399	491
161.449	459
161.499	420
161.549	397
161.600	367
161.651	336
161.701	319
161.751	303
161.801	292
161.852	294
161.902	294
161.952	309
162.002	328
162.052	346
162.102	381
162.153	403
162.203	444
162.253	475
162.303	489
162.353	528
162.403	543
162.454	551
162.504	564
162.555	548
162.605	556
162.655	541
162.706	507
162.756	493
162.806	459
162.856	425
162.906	399
162.956	364
163.007	342
163.057	321
163.107	301
163.157	298
163.207	297
163.257	294
163.308	310
163.358	323
163.409	351
163.459	381
163.509	401
163.560	444
163.610	471
163.660	495
163.710	527
163.760	527
163.810	558
163.861	562
163.911	550
163.961	557
164.011	536
164.061	515
164.111	495
164.162	449
164.212	433
164.262	401
164.313	367
164.363	345
164.414	325
164.464	304
164.514	299
164.564	293
164.614	299
164.664	310
164.715	320
164.765	350
164.815	378
164.865	403
164.915	441
164.966	459
165.016	499
165.066	523
165.116	533
165.166	556
165.217	556
165.268	556
165.318	556
165.368	529
165.418	521
165.468	495
165.518	457
165.569	435
165.619	401
165.669	369
165.719	348
165.769	320
165.820	310
165.870	301
165.920	294
165.970	299
166.020	311
166.070	320
166.122	349
166.172	371
166.222	407
166.272	438
166.322	461
166.372	498
166.423	515
166.473	540
166.523	554
166.573	547
166.623	562
166.674	554
166.724	530
166.774	522
166.824	488
166.874	464
166.924	435
166.975	397
167.026	375
167.076	349
167.126	322
167.176	310
167.226	311
167.277	292
167.327	299
167.377	304
167.427	325
167.477	348
167.528	370
167.578	406
167.628	433
167.678	467
167.728	497
167.778	508
167.829	542
167.879	553
167.930	550
167.980	563
168.030	538
168.081	543
168.131	523
168.181	484
168.231	467
168.281	436
168.331	399
168.382	375
168.432	351
168.482	321
168.532	309
168.582	296
168.632	296
168.683	299
168.733	304
168.783	324
168.834	343
168.884	370
168.935	404
168.985	427
169.035	468
169.085	494
169.135	514
169.185	542
169.236	536
169.286	563
169.336	562
169.386	544
169.436	546
169.486	521
169.537	490
169.587	469
169.637	426
169.687	406
169.738	376
169.789	344
169.839	326
169.889	309
169.939	294
169.989	296
170.039	294
170.090	305
170.140	322
170.190	340
170.240	373
170.290	402
170.340	428
170.391	468
170.441	483
170.491	521
170.541	541
170.591	542
170.643	563
170.693	560
170.743	552
170.793	546
170.843	507
170.893	501
170.944	469
170.994	428
171.044	407
171.094	376
171.144	344
171.194	325
171.245	304
171.295	298
171.345	295
171.395	291
171.445	305
171.496	323
171.547	338
171.597	373
171.647	394
171.697	435
171.747	466
171.798	484
171.848	522
171.898	538
171.948	552
171.998	564
172.049	547
172.099	560
172.149	547
172.199	514
172.249	501
172.299	466
172.350	433
172.401	406
172.451	367
172.501	348
172.551	324
172.601	302
172.652	296
172.702	295
172.752	290
172.802	304
172.852	315
172.903	343
172.953	372
173.003	395
173.053	436
173.103	463
173.153	495
173.204	524
173.254	528
173.305	559
173.355	565
173.405	551
173.455	562
173.506	542
173.556	526
173.606	502
173.656	458
173.706	439
173.757	405
173.807	368
173.857	347
173.907	327
173.957	298
174.007	294
174.058	288
174.108	294
174.158	303
174.209	314
174.259	344
174.310	379
174.360	400
174.410	436
174.460	457
174.510	500
174.560	524
174.611	537
174.661	561
174.711	548
174.761	569
174.811	563
174.861	534
174.912	529
174.962	500
175.012	460
175.062	438
175.113	403
175.164	368
175.214	346
175.264	318
175.314	303
175.364	295
175.414	285
175.465	292
175.515	303
175.565	314
175.615	344
175.665	365
175.715	404
175.766	436
175.816	463
175.866	500
175.916	509
175.966	549
176.018	562
176.068	552
176.118	569
176.168	561
176.218	541
176.268	529
176.319	483
176.369	469
176.419	438
176.469	396
176.519	373
176.569	345
176.620	316
176.670	302
176.720	291
176.770	288
176.820	292
176.871	296
176.922	319
176.972	343
177.022	365
177.072	405
177.122	426
177.173	471
177.223	501
177.273	511
177.323	549
177.373	559
177.423	562
177.474	570
177.524	544
177.574	551
177.624	528
177.674	489
177.725	468
177.775	435
177.826	397
177.876	372
177.926	338
177.976	319
178.027	302
178.077	289
178.127	289
178.177	293
178.227	294
178.278	319
178.328	336
178.378	372
178.428	405
178.478	427
178.528	471
178.579	497
178.629	523
178.679	549
178.730	545
178.780	569
178.830	569
178.881	552
178.931	551
178.981	523
179.031	497
179.081	469
179.132	425
179.182	404
179.232	373
179.282	339
179.332	319
179.382	303
179.433	288
179.483	288
179.533	288
179.583	300
179.634	318
179.684	336
179.735	372
179.785	403
179.835	433
179.885	471
179.935	489
179.986	528
180.036	548
180.086	550
180.136	570
180.186	560
180.236	563
180.287	551
180.337	516
180.387	502
180.437	468
180.487	431
180.538	404
180.589	373
180.639	340
180.689	319
180.739	298
180.789	292
180.840	289
180.890	287
180.940	300
180.990	329
181.040	337
181.090	372
181.141	395
181.191	438
181.241	470
181.291	492
181.341	528
181.391	531
181.443	562
181.493	570
181.543	554
181.593	565
181.643	550
181.694	520
181.744	503
181.794	462
181.844	432
181.894	404
181.944	365
181.995	344
182.045	321
182.095	297
182.145	292
182.195	287
182.246	288
182.296	301
182.347	313
182.397	342
182.447	372
182.497	396
182.548	437
182.598	460
182.648	500
182.698	527
182.748	534
182.798	563
182.849	566
182.899	561
182.949	565
182.999	529
183.049	530
183.100	501
183.150	459
183.201	438
183.251	403
183.301	366
183.351	344
183.402	317
183.452	298
183.502	292
183.552	284
183.602	291
183.652	301
183.703	313
183.753	343
183.803	365
183.853	403
183.903	438
183.954	462
184.004	501
184.054	525
184.105	541
184.155	564
184.205	554
184.256	571
184.306	564
184.356	536
184.406	530
184.456	499
184.506	462
184.557	438
184.607	394
184.657	373
184.707	345
184.757	317
184.808	302
184.858	294
184.908	284
184.958	290
185.009	298
185.059	318
185.110	343
185.160	366
185.210	405
185.260	436
185.310	465
185.361	501
185.411	511
185.461	550
185.511	563
185.561	556
185.611	571
185.662	558
185.712	547
185.762	530
185.812	485
185.862	470
185.913	437
185.964	396
186.014	372
186.064	345
186.114	316
186.164	302
186.215	289
186.265	288
186.315	291
186.365	297
186.415	318
186.465	343
186.516	368
186.566	404
186.616	427
186.666	471
186.716	499
186.766	517
186.818	549
186.868	555
186.918	567
186.968	570
187.018	548
187.069	551
187.119	529
187.169	491
187.219	471
187.269	434
187.319	400
187.370	374
187.420	339
187.470	320
187.520	303
187.570	288
187.620	289
187.671	307
187.722	294
187.772	317
187.822	336
187.872	371
187.923	403
187.973	427
188.023	470
188.073	489
188.123	526
188.173	548
188.224	545
188.274	569
188.324	568
188.374	552
188.424	551
188.474	512
188.525	501
188.575	470
188.626	426
188.676	405
188.726	374
188.777	341
188.827	321
188.877	314
188.927	288
188.977	289
189.027	288
189.078	301
189.128	319
189.178	338
189.228	372
189.278	395
189.329	435
189.379	470
189.429	486
189.479	526
189.530	544
189.580	554
189.631	568
189.681	550
189.731	565
189.781	551
189.831	516
189.881	503
189.932	469
189.982	432
190.032	406
190.082	369
190.132	345
190.183	322
190.233	300
190.283	294
190.333	291
190.383	288
190.434	301
190.485	314
190.535	340
190.585	371
190.635	393
190.685	436
190.735	467
190.786	492
190.836	525
190.886	534
190.936	561
190.986	567
191.037	558
191.087	564
191.137	546
191.187	524
191.237	504
191.287	458
191.339	440
191.389	406
191.439	368
191.489	348
191.539	325
191.590	300
191.640	294
191.690	288
191.740	291
191.790	301
191.840	313
191.891	342
191.941	371
191.991	396
192.041	436
192.091	453
192.141	498
192.192	524
192.243	533
192.293	562
192.343	562
192.393	563
192.444	564
192.494	532
192.544	531
192.594	504
192.644	462
192.694	441
192.745	407
192.795	370
192.845	348
192.895	319
192.945	306
192.995	295
193.046	288
193.096	292
193.147	303
193.197	312
193.247	341
193.298	361
193.348	400
193.398	433
193.448	455
193.498	496
193.548	518
193.599	541
193.649	560
193.699	555
193.749	568
193.799	561
193.849	539
193.900	531
193.950	498
194.001	469
194.051	442
194.101	398
194.152	378
194.202	350
194.252	320
194.302	307
194.352	299
194.402	288
194.453	292
194.503	298
194.553	317
194.603	340
194.653	363
194.703	401
194.754	430
194.804	464
194.854	495
194.905	507
194.955	544
195.006	557
195.056	552
195.106	567
195.156	544
195.206	550
195.256	531
195.307	489
195.357	474
195.407	442
195.457	402
195.507	379
195.558	355
195.608	320
195.658	307
195.708	293
195.758	291
195.809	294
195.860	297
195.910	317
195.960	347
196.010	364
196.060	400
196.110	422
196.161	466
196.211	494
196.261	512
196.311	543
196.361	538
196.412	567
196.462	568
196.512	546
196.562	552
196.612	529
196.662	497
196.714	474
196.764	431
196.814	408
196.864	378
196.914	343
196.964	325
197.015	307
197.065	292
197.115	291
197.165	289
197.215	300
197.266	317
197.316	335
197.366	368
197.416	400
197.466	426
197.516	466
197.567	481
197.618	522
197.668	544
197.718	544
197.768	567
197.818	564
197.869	556
197.919	552
197.969	513
198.019	505
198.069	474
198.120	430
198.170	409
198.220	377
198.270	344
198.320	323
198.370	303
198.421	294
198.471	290
198.522	288
198.572	300
198.622	318
198.673	333
198.723	368
198.773	390
198.823	434
198.873	466
198.923	483
198.974	524
199.024	541
199.074	556
199.124	569
199.174	548
199.224	566
199.275	552
199.325	517
199.375	506
199.426	470
199.476	435
199.527	408
199.577	368
199.627	347
199.677	323
199.727	300
199.777	292
199.828	291
199.878	285
199.928	300
199.978	312
200.028	339
200.078	369
200.129	392
200.179	435
200.229	463
200.279	493
200.330	525
200.381	532
200.431	562
200.481	568
200.531	555
200.581	566
200.631	546
200.682	529
200.732	505
200.782	460
200.832	441
200.882	408
200.932	369
200.983	347
201.033	324
201.083	300
201.133	293
201.183	286
201.235	290
201.285	299
201.335	311
201.385	340
201.435	370
201.485	396
201.536	434
201.586	457
201.636	498
201.686	523
201.736	538
201.786	563
201.837	550
201.887	570
201.937	565
201.987	537
202.037	532
202.088	503
202.139	461
202.189	440
202.239	407
202.289	372
202.339	346
202.390	316
202.440	302
202.490	292
202.540	282
202.590	289
202.641	311
202.691	310
202.741	339
202.791	362
202.841	402
202.891	434
202.942	460
202.993	500
203.043	513
203.093	549
203.143	564
203.193	553
203.244	573
203.294	564
203.344	543
203.394	533
203.444	489
203.495	471
203.545	440
203.595	397
203.645	374
203.695	345
203.745	315
203.796	301
203.846	295
203.897	280
203.947	288
203.997	294
204.047	316
204.098	340
204.148	365
204.198	403
204.248	425
204.298	469
204.349	501
204.399	514
204.449	550
204.499	562
204.549	563
204.599	572
204.650	549
204.700	554
204.750	531
204.801	490
204.851	470
204.902	437
204.952	398
205.002	373
205.052	337
205.102	317
205.152	300
205.203	286
205.253	285
205.303	289
205.353	292
205.403	316
205.453	334
205.504	372
205.554	404
205.604	430
205.654	472
205.705	500
205.756	523
205.806	551
205.856	550
205.906	573
205.956	572
206.006	553
206.057	554
206.107	527
206.157	496
206.207	471
206.257	425
206.307	404
206.358	371
206.408	336
206.458	317
206.508	301
206.558	284
206.610	284
206.660	284
206.710	298
206.760	317
206.810	336
206.860	372
206.911	404
206.961	434
207.011	473
207.061	488
207.111	531
207.161	551
207.212	553
207.262	574
207.312	567
207.362	564
207.412	554
207.463	514
207.514	503
207.564	469
207.614	427
207.664	403
207.714	370
207.765	336
207.815	316
207.865	294
207.915	288
207.965	285
208.015	283
208.066	298
208.116	319
208.166	336
208.216	373
208.266	396
208.317	440
208.367	473
208.418	497
208.468	532
208.518	545
208.568	566
208.619	574
208.669	558
208.719	568
208.769	552
208.819	517
208.870	501
208.920	460
208.970	432
209.020	400
209.070	360
209.120	338
209.171	314
209.221	291
209.271	286
209.322	301
209.372	280
209.422	298
209.473	312
209.523	342
209.573	374
209.623	399
209.673	442
209.724	463
209.774	504
209.824	534
209.874	539
209.924	569
209.974	572
210.025	563
210.075	569
210.125	537
210.175	531
210.226	501
210.276	456
210.327	433
210.377	398
210.427	360
210.477	337
210.527	311
210.578	292
210.628	286
210.678	281
210.728	285
210.778	298
210.828	310
210.879	343
210.929	368
210.979	408
211.029	443
211.079	465
211.130	509
211.181	533
211.231	549
211.281	571
211.331	559
211.381	575
211.432	568
211.482	538
211.532	529
211.582	495
211.632	457
211.682	431
211.733	388
211.783	364
211.833	335
211.883	305
211.933	294
211.983	286
212.035	278
212.085	286
212.135	294
212.185	318
212.235	344
212.286	371
212.336	410
212.386	445
212.436	473
212.486	511
212.536	521
212.587	560
212.637	571
212.687	567
212.737	577
212.787	563
212.838	546
212.888	528
212.939	479
212.989	463
213.039	429
213.089	386
213.140	361
213.190	333
213.240	302
213.290	291
213.340	281
213.390	280
213.441	286
213.491	294
213.541	318
213.591	347
213.641	374
213.692	412
213.742	436
213.793	482
213.843	512
213.893	529
213.943	561
213.994	567
214.044	573
214.094	577
214.144	545
214.194	552
214.244	526
214.295	483
214.345	461
214.395	425
214.445	386
214.495	359
214.546	325
214.596	306
214.646	289
214.697	279
214.747	279
214.797	287
214.848	292
214.898	319
214.948	343
214.998	381
215.048	414
215.098	440
215.149	485
215.199	510
215.249	541
215.299	564
215.349	559
215.400	580
215.450	576
215.500	557
215.550	551
215.601	519
215.651	489
215.702	459
215.752	414
215.802	390
215.852	357
215.902	321
215.953	304
216.003	307
216.053	274
216.103	279
216.153	282
216.203	298
216.254	321
216.304	344
216.354	383
216.404	414
216.454	450
216.505	487
216.556	503
216.606	544
216.656	561
216.706	563
216.756	579
216.807	554
216.857	567
216.907	551
216.957	507
217.007	490
217.057	457
217.108	415
217.158	387
217.208	351
217.258	322
217.308	302
217.358	285
217.410	280
217.460	279
217.510	280
217.560	299
217.610	319
217.661	348
217.711	384
217.761	409
217.811	455
217.861	486
217.911	511
217.962	546
218.012	548
218.062	577
218.112	579
218.162	562
218.212	568
218.263	546
218.314	514
218.364	489
218.414	442
218.464	420
218.515	386
218.565	348
218.615	325
218.665	303
218.715	282
218.765	279
218.816	276
218.866	285
218.916	300
218.966	317
219.016	352
219.066	385
219.117	413
219.167	455
219.218	477
219.268	520
219.318	546
219.369	552
219.419	576
219.469	576
219.519	569
219.569	568
219.619	531
219.670	522
219.720	487
219.770	447
219.820	419
219.870	383
219.921	348
219.971	323
220.021	297
220.071	286
220.122	279
220.172	275
220.223	285
220.273	302
220.323	317
220.373	354
220.423	378
220.473	420
220.524	457
220.574	476
220.624	521
220.674	542
220.724	561
220.775	577
220.825	565
220.875	577
220.925	565
220.975	534
221.026	520
221.077	481
221.127	449
221.177	418
221.227	374
221.277	352
221.327	324
221.378	296
221.428	286
221.478	283
221.528	273
221.578	286
221.629	297
221.679	323
221.729	354
221.779	378
221.829	422
221.879	454
221.931	488
221.981	521
222.031	529
222.081	566
222.131	575
222.182	567
222.232	576
222.282	554
222.332	543
222.382	519
222.432	473
222.483	451
222.533	416
222.583	375
222.633	350
222.683	331
222.733	293
222.784	285
222.835	277
222.885	279
222.935	287
222.985	296
223.036	325
223.086	363
223.136	386
223.186	425
223.236	449
223.286	494
223.337	521
223.387	539
223.437	568
223.487	558
223.537	580
223.587	576
223.638	551
223.688	545
223.739	514
223.789	472
223.839	449
223.890	411
223.940	372
223.990	346
224.040	314
224.090	297
224.140	285
224.191	273
224.241	278
224.291	287
224.341	298
224.391	327
224.441	352
224.492	391
224.542	425
224.593	455
224.643	496
224.693	508
224.744	552
224.794	569
224.844	559
224.894	580
224.944	573
224.994	555
225.045	544
225.095	497
225.145	480
225.195	447
225.245	401
225.295	377
225.346	346
225.396	312
225.446	296
225.497	280
225.547	276
225.598	278
225.648	284
225.698	302
225.748	329
225.798	354
225.848	392
225.899	417
225.949	465
225.999	497
226.049	513
226.099	553
226.150	565
226.200	571
226.250	581
226.300	556
226.350	564
226.401	542
226.452	498
226.502	480
226.552	445
226.602	405
226.652	376
226.702	337
226.753	316
226.803	296
226.853	278
226.903	276
226.953	280
227.004	282
227.054	303
227.104	323
227.154	361
227.204	393
227.254	419
227.306	465
227.356	494
227.406	521
227.456	552
227.506	553
227.556	578
227.607	578
227.657	561
227.707	563
227.757	536
227.807	508
227.858	478
227.908	433
227.958	409
228.008	375
228.058	337
228.108	316
228.159	297
228.210	277
228.260	277
228.310	276
228.360	287
228.410	305
228.461	324
228.511	362
228.561	394
228.611	426
228.661	466
228.712	483
228.762	528
228.812	551
228.862	553
228.912	578
228.962	570
229.013	572
229.063	561
229.114	527
229.164	511
229.214	476
229.265	435
229.315	408
229.365	374
229.415	338
229.465	316
229.515	290
229.566	283
229.616	280
229.666	275
229.716	288
229.766	311
229.816	326
229.867	362
229.917	388
229.967	431
230.018	465
230.068	488
230.119	528
230.169	535
230.219	568
230.269	577
230.319	558
230.369	573
230.420	558
230.470	529
230.520	509
230.570	464
230.620	440
230.670	407
230.721	367
230.771	343
230.821	316
230.871	290
230.922	283
230.973	291
231.023	272
231.073	289
231.123	302
231.173	332
231.223	364
231.274	389
231.324	432
231.374	455
231.424	499
231.474	528
231.524	539
231.575	569
231.625	574
231.675	569
231.725	573
231.775	542
231.827	539
231.877	509
231.927	463
231.977	442
232.027	406
232.077	365
232.128	342
232.178	312
232.228	292
232.278	283
232.328	277
232.378	280
232.429	290
232.479	304
232.529	333
232.579	358
232.629	398
232.680	433
232.731	456
232.781	500
232.831	526
232.881	544
232.931	570
232.982	557
233.032	579
233.082	572
233.132	542
233.182	538
233.233	505
233.283	466
233.333	441
233.383	396
233.433	371
233.483	342
233.534	308
233.585	294
233.635	285
233.685	274
233.735	281
233.785	287
233.836	308
233.886	333
233.936	358
233.986	399
234.036	431
234.087	463
234.137	500
234.187	513
234.237	553
234.287	568
234.337	562
234.388	578
234.438	566
234.489	553
234.539	536
234.589	491
234.639	474
234.690	440
234.740	395
234.790	371
234.840	342
234.890	309
234.941	294
234.991	282
235.041	279
235.091	282
235.141	286
235.191	309
235.242	335
235.292	361
235.342	399
235.393	424
235.443	469
235.494	500
235.544	516
235.594	552
235.644	559
235.694	572
235.744	576
235.795	555
235.845	557
235.895	534
235.945	492
235.995	473
236.045	437
236.096	400
236.146	371
236.196	335
236.246	315
236.297	296
236.348	280
236.398	280
236.448	287
236.498	288
236.548	310
236.598	329
236.649	367
236.699	399
236.749	428
236.799	469
236.849	490
236.899	529
236.950	553
237.000	551
237.050	575
237.100	574
237.150	558
237.202	557
237.252	520
237.302	503
237.352	471
237.402	428
237.452	403
237.503	370
237.553	334
237.603	314
237.653	307
237.703	278
237.753	280
237.804	280
237.854	293
237.904	311
237.954	331
238.004	369
238.055	399
238.106	432
238.156	470
238.206	487
238.256	530
238.306	551
238.357	560
238.407	576
238.457	553
238.507	572
238.557	556
238.607	520
238.658	505
238.708	469
238.758	428
238.808	403
238.858	363
238.909	337
238.959	314
239.010	291
239.060	284
239.110	281
239.160	278
239.211	293
239.261	306
239.311	336
239.361	368
239.411	393
239.462	436
239.512	468
239.562	494
239.612	530
239.662	539
239.712	567
239.763	574
239.813	563
239.863	570
239.914	552
239.964	525
240.014	503
240.065	458
240.115	438
240.165	402
240.215	361
240.265	340
240.316	316
240.366	290
240.416	286
240.466	279
240.516	284
240.566	294
240.617	306
240.667	338
240.717	369
240.767	397
240.818	436
240.868	457
240.919	502
240.969	529
241.019	538
241.069	567
241.119	568
241.170	568
241.220	569
241.270	539
241.320	533
241.370	504
241.420	458
241.471	438
241.521	402
241.571	365
241.621	341
241.671	312
241.722	296
241.773	287
241.823	278
241.873	285
241.923	297
241.973	306
242.024	338
242.074	363
242.124	401
242.174	435
242.224	460
242.274	501
242.325	521
242.375	547
242.425	566
242.475	555
242.525	574
242.575	567
242.627	540
242.677	532
242.727	497
242.777	466
242.827	438
242.878	393
242.928	371
242.978	342
243.028	311
243.078	298
243.128	291
243.179	280
243.229	287
243.279	292
243.329	313
243.379	339
243.430	363
243.480	401
243.531	432
243.581	465
243.631	499
243.681	515
243.732	549
243.782	562
243.832	559
243.882	572
243.932	557
243.982	551
244.033	531
244.083	490
244.133	471
244.183	438
244.233	397
244.284	372
244.334	349
244.385	313
244.435	300
244.485	285
244.535	285
244.586	289
244.636	292
244.686	314
244.736	346
244.786	364
244.836	400
244.887	422
244.937	468
244.987	497
245.037	513
245.087	548
245.138	542
245.188	571
245.238	569
245.289	549
245.339	552
245.389	529
245.440	493
245.490	471
245.540	431
245.590	402
245.640	374
245.690	338
245.741	319
245.791	301
245.841	288
245.891	286
245.941	287
245.992	296
246.042	315
246.092	331
246.142	368
246.193	399
246.243	425
246.294	467
246.344	483
246.394	524
246.444	546
246.494	547
246.545	568
246.595	566
246.645	557
246.695	552
246.745	513
246.795	504
246.846	472
246.896	428
246.946	407
246.996	375
247.046	340
247.097	321
247.148	298
247.198	292
247.248	288
247.298	286
247.348	298
247.399	316
247.449	332
247.499	367
247.549	389
247.599	432
247.649	466
247.700	484
247.750	522
247.800	541
247.850	554
247.900	567
247.950	550
248.002	563
248.052	550
248.102	517
248.152	505
248.202	469
248.253	434
248.303	408
248.353	369
248.403	348
248.453	323
248.503	300
248.554	293
248.604	291
248.654	285
248.704	299
248.754	312
248.804	338
248.855	367
248.906	389
248.956	431
249.006	461
249.056	489
249.107	521
249.157	530
249.207	559
249.257	564
249.307	555
249.357	563
249.408	542
249.458	527
249.508	505
249.558	462
249.608	442
249.658	409
249.709	369
249.759	349
249.810	325
249.860	300
249.910	294
249.961	287
250.011	291
250.061	300
250.111	311
250.161	337
250.211	366
250.262	394
250.312	430
250.362	450
250.412	493
250.462	519
250.513	530
250.563	558
250.613	544
250.663	567
250.714	563
250.764	532
250.815	532
250.865	504
250.915	464
250.965	443
251.015	407
251.065	376
251.116	350
251.166	320
251.216	305
251.266	295
251.316	285
251.367	290
251.417	311
251.467	308
251.517	337
251.567	359
251.618	397
251.669	429
251.719	454
251.769	493
251.819	503
251.869	543
251.919	557
251.970	549
252.020	567
252.070	561
252.120	541
252.170	531
252.221	491
252.271	474
252.321	443
252.371	401
252.421	378
252.471	350
252.523	320
252.573	305
252.623	291
252.673	288
252.723	291
252.774	296
252.824	315
252.874	338
252.924	360
252.974	397
253.024	418
253.075	464
253.125	493
253.175	504
253.225	543
253.275	555
253.325	558
253.376	568
253.427	543
253.477	552
253.527	532
253.577	490
253.628	475
253.678	441
253.728	402
253.778	378
253.828	344
253.878	324
253.929	306
253.979	290
254.029	290
254.079	290
254.129	293
254.179	313
254.230	330
254.280	366
254.331	397
254.381	421
254.431	463
254.482	490
254.532	514
254.582	543
254.632	540
254.682	566
254.732	568
254.783	547
254.833	553
254.883	527
254.933	499
254.983	474
255.033	430
255.084	410
255.134	378
255.185	344
255.235	323
255.285	307
255.336	288
255.386	289
255.436	286
255.486	298
255.536	315
255.586	332
255.637	366
255.687	397
255.737	426
255.787	464
255.837	479
255.887	522
255.938	542
255.988	546
256.038	567
256.089	562
256.139	560
256.190	553
256.240	514
256.290	507
256.340	474
256.390	434
256.440	409
256.491	377
256.541	344
256.591	323
256.641	302
256.691	292
256.742	288
256.792	286
256.842	297
256.892	316
256.942	332
256.993	366
257.044	388
257.094	431
257.144	464
257.194	484
257.244	523
257.294	537
257.345	557
257.395	568
257.445	554
257.495	565
257.545	552
257.596	520
257.646	507
257.696	468
257.746	438
257.796	409
257.846	369
257.898	348
257.948	323
257.998	299
258.048	292
258.098	303
258.148	284
258.199	297
258.249	310
258.299	336
258.349	366
258.399	390
258.450	432
258.500	455
258.550	494
258.600	523
258.650	529
258.700	562
258.751	566
258.802	559
258.852	566
258.902	536
258.952	531
259.002	506
259.053	460
259.103	442
259.153	407
259.203	368
259.253	347
259.304	319
259.354	297
259.404	291
259.454	282
259.504	288
259.554	297
259.605	306
259.655	337
259.706	359
259.756	396
259.806	432
259.857	452
259.907	496
259.957	521
260.007	538
260.057	562
260.107	552
260.158	571
260.208	566
260.258	538
260.308	533
260.358	504
260.408	464
260.459	442
260.509	398
260.559	373
260.610	347
260.660	314
260.711	301
260.761	291
260.811	281
260.861	287
260.911	293
260.961	312
261.012	337
261.062	360
261.112	399
261.162	431
261.212	459
261.262	499
261.313	508
261.363	549
261.413	563
261.463	556
261.514	572
261.565	562
261.615	547
261.665	533
261.715	491
261.765	471
261.815	439
261.866	395
261.916	373
261.966	344
262.016	314
262.066	300
262.116	285
262.167	284
262.217	287
262.267	292
262.317	313
262.367	338
262.419	363
262.469	400
262.519	423
262.569	470
262.619	498
262.669	514
262.720	550
262.770	559
262.820	567
262.870	573
262.920	547
262.970	555
263.021	532
263.071	491
263.121	471
263.171	436
263.221	400
263.272	372
263.323	336
263.373	316
263.423	298
263.473	283
263.523	283
263.574	287
263.624	288
263.674	313
263.724	332
263.774	369
263.825	402
263.875	427
263.925	471
263.975	496
264.025	526
264.075	552
264.126	552
264.177	574
264.227	573
264.277	555
264.327	555
264.377	525
264.428	500
264.478	471
264.528	427
264.578	403
264.628	370
264.679	336
264.729	316
264.779	301
264.829	280
264.879	283
264.929	282
264.980	296
265.030	315
265.081	333
265.131	370
265.181	402
265.231	434
265.282	472
265.332	490
265.382	531
265.432	552
265.482	555
265.533	574
265.583	549
265.633	569
265.683	555
265.733	514
265.783	504
265.834	469
265.884	429
265.934	402
265.985	373
266.035	336
266.086	315
266.136	293
266.186	286
266.236	284
266.286	280
266.336	295
266.387	319
266.437	336
266.487	370
266.537	393
266.587	439
266.637	471
266.688	495
266.738	530
266.788	536
266.838	568
266.889	573
266.940	556
266.990	568
267.040	550
267.090	520
267.140	502
267.190	455
267.241	435
267.291	401
267.341	363
267.391	340
267.441	315
267.491	293
267.542	286
267.592	280
267.642	285
267.692	296
267.742	311
267.794	339
267.844	372
267.894	397
267.944	439
267.994	458
268.044	504
268.095	531
268.145	541
268.195	567
268.245	569
268.295	568
268.345	568
268.396	535
268.446	531
268.496	502
268.546	458
268.596	435
268.647	401
268.698	362
268.748	340
268.798	310
268.848	296
268.898	287
268.949	279
268.999	285
269.049	297
269.099	308
269.149	339
269.199	364
269.250	404
269.300	438
269.350	461
269.400	503
269.450	525
269.501	547
269.551	567
269.602	553
269.652	574
269.702	567
269.752	539
269.803	532
269.853	497
269.903	464
269.953	436
270.003	392
270.054	369
270.104	340
270.154	310
270.204	297
270.254	289
270.304	277
270.355	287
270.405	292
270.455	314
270.506	340
270.556	364
270.606	403
270.657	435
270.707	468
270.757	503
270.807	517
270.857	552
270.908	564
270.958	559
271.008	573
271.058	560
271.108	551
271.158	531
271.209	487
271.259	470
271.309	436
271.359	394
271.410	371
271.460	343
271.511	310
271.561	299
271.611	285
271.661	284
271.711	287
271.762	292
271.812	315
271.862	347
271.912	368
271.962	403
272.012	426
272.063	471
272.113	500
272.163	518
272.213	551
272.263	544
272.314	572
272.365	572
272.415	547
272.465	553
272.515	528
272.565	490
272.616	469
272.666	430
272.716	396
272.766	370
272.816	336
272.866	316
272.917	299
272.967	284
273.017	285
273.067	287
273.117	294
273.167	316
273.219	334
273.269	372
273.319	403
273.369	430
273.419	471
273.470	487
273.520	530
273.570	550
273.620	548
273.670	572
273.720	570
273.771	555
273.821	552
273.871	509
273.921	502
273.971	468
274.022	426
274.072	402
274.123	370
274.173	337
274.223	316
274.273	295
274.324	288
274.374	285
274.424	284
274.474	298
274.524	317
274.574	334
274.625	372
274.675	395
274.725	437
274.775	471
274.825	487
274.876	528
274.926	546
274.977	554
275.027	571
275.077	557
275.127	567
275.178	551
275.228	514
275.278	502
275.328	466
275.378	429
275.428	402
275.479	363
275.529	342
275.579	317
275.629	294
275.679	289
275.730	287
275.780	284
275.830	299
275.881	311
275.931	342
275.981	373
276.032	394
276.082	439
276.132	469
276.182	495
276.232	529
276.282	534
276.333	565
276.383	569
276.433	556
276.483	566
276.533	546
276.584	525
276.634	502
276.684	455
276.734	436
276.785	402
276.835	362
276.886	342
276.936	318
276.986	294
277.036	289
277.086	283
277.137	288
277.187	300
277.237	310
277.287	341
277.337	372
277.387	400
277.438	438
277.488	460
277.538	503
277.588	528
277.638	540
277.689	565
277.740	562
277.790	568
277.840	566
277.890	537
277.940	530
277.991	499
278.041	457
278.091	436
278.141	401
278.191	366
278.241	342
278.292	314
278.342	299
278.392	289
278.442	281
278.492	288
278.542	305
278.594	312
278.644	340
278.694	365
278.744	404
278.794	438
278.845	462
278.895	503
278.945	514
278.995	550
279.045	565
279.095	553
279.146	571
279.196	563
279.246	538
279.296	529
279.346	487
279.396	464
279.447	435
279.498	393
279.548	369
279.598	341
279.648	312
279.699	298
279.749	287
279.799	280
279.849	288
279.899	295
279.949	317
280.000	342
280.050	368
280.100	405
280.150	431
280.200	473
280.250	503
280.301	515
280.351	553
280.402	563
280.452	562
280.502	572
280.553	548
280.603	553
280.653	529
280.703	486
280.753	468
280.803	433
280.854	394
280.904	368
280.954	334
281.004	314
281.054	297
281.105	284
281.155	285
281.205	289
281.255	294
281.306	317
281.356	336
281.407	372
281.457	405
281.507	428
281.557	473
281.607	500
281.657	523
281.708	552
281.758	546
281.808	572
281.858	572
281.908	551
281.959	551
282.009	525
282.059	493
282.109	468
282.159	421
282.210	401
282.261	368
282.311	334
282.361	314
282.411	299
282.461	282
282.511	285
282.562	285
282.612	298
282.662	317
282.712	337
282.762	373
282.813	405
282.863	434
282.913	474
282.963	491
283.013	531
283.063	552
283.115	553
283.165	572
283.215	566
283.265	560
283.315	552
283.366	514
283.416	499
283.466	465
283.516	424
283.566	399
283.616	367
283.667	333
283.717	314
283.767	294
283.817	287
283.867	285
283.917	284
283.968	298
284.019	319
284.069	336
284.119	376
284.169	397
284.220	442
284.270	475
284.320	493
284.370	534
284.420	548
284.470	565
284.521	573
284.571	556
284.621	567
284.671	550
284.721	515
284.771	498
284.822	461
284.872	428
284.923	397
284.973	359
285.023	336
285.074	312
285.124	290
285.174	286
285.224	287
285.274	281
285.324	297
285.375	313
285.425	344
285.475	377
285.525	400
285.575	445
285.625	471
285.676	507
285.726	536
285.777	542
285.827	569
285.877	573
285.928	560
285.978	567
286.028	534
286.078	526
286.128	496
286.178	450
286.229	430
286.279	395
286.329	356
286.379	335
286.429	319
286.479	288
286.530	284
286.580	280
286.630	286
286.681	299
286.731	313
286.782	344
286.832	379
286.882	406
286.932	446
286.982	465
287.032	510
287.083	535
287.133	547
287.183	571
287.233	552
287.283	575
287.334	566
287.384	532
287.434	527
287.484	493
287.534	454
287.585	429
287.636	393
287.686	360
287.736	334
287.786	305
287.836	293
287.886	285
287.937	277
287.987	286
288.037	295
288.087	316
288.137	344
288.188	369
288.238	410
288.288	445
288.338	472
288.388	509
288.438	520
288.490	558
288.540	569
288.590	559
288.640	575
288.690	562
288.740	542
288.791	526
288.841	480
288.891	462
288.941	428
288.991	385
289.042	361
289.092	334
289.142	306
289.192	293
289.242	280
289.292	282
289.343	286
289.394	293
289.444	319
289.494	346
289.544	372
289.594	411
289.645	435
289.695	480
289.745	510
289.795	523
289.845	558
289.896	565
289.946	569
289.996	574
290.046	547
290.096	549
290.146	526
290.197	483
290.247	462
290.298	426
290.348	387
290.398	361
290.449	328
290.499	308
290.549	293
290.599	278
290.649	282
290.699	290
290.750	293
290.800	319
290.850	340
290.900	379
290.950	412
291.000	436
291.051	481
291.101	506
291.151	533
291.202	559
291.252	550
291.303	576
291.353	573
291.403	552
291.453	549
291.503	518
291.553	489
291.604	460
291.654	416
291.704	392
291.754	361
291.804	327
291.854	307
291.905	295
291.955	278
292.005	282
292.055	284
292.106	299
292.157	320
292.207	341
292.257	381
292.307	411
292.357	445
292.407	482
292.458	496
292.508	539
292.558	557
292.608	558
292.658	576
292.708	555
292.759	565
292.809	549
292.859	510
292.909	493
292.959	458
293.011	418
293.061	390
293.111	369
293.161	326
293.211	306
293.261	286
293.312	282
293.362	282
293.412	282
293.462	299
293.512	331
293.562	344
293.613	381
293.663	404
293.713	449
293.763	481
293.813	501
293.864	539
293.915	538
293.965	572
294.015	575
294.065	559
294.115	566
294.166	546
294.216	513
294.266	491
294.316	447
294.366	423
294.417	391
294.467	353
294.517	330
294.567	308
294.617	286
294.667	284
294.718	287
294.769	282
294.819	300
294.869	315
294.919	348
294.969	381
295.020	407
295.070	449
295.120	471
295.170	512
295.220	539
295.271	543
295.321	572
295.371	572
295.421	565
295.471	565
295.521	533
295.572	523
295.622	491
295.673	448
295.723	426
295.773	390
295.823	353
295.874	331
295.924	304
295.974	290
296.024	284
296.074	279
296.125	287
296.175	301
296.225	315
296.275	348
296.325	375
296.375	414
296.426	449
296.476	469
296.526	512
296.577	535
296.627	551
296.678	571
296.728	557
296.778	572
296.828	564
296.878	533
296.928	522
296.979	488
297.029	454
297.079	425
297.129	382
297.179	358
297.229	331
297.280	302
297.330	291
297.380	286
297.430	276
297.481	288
297.532	298
297.582	321
297.632	349
297.682	373
297.732	414
297.782	448
297.833	479
297.883	513
297.933	523
297.983	559
298.033	570
298.083	561
298.134	573
298.184	557
298.234	543
298.284	522
298.334	476
298.386	458
298.436	423
298.486	383
298.536	358
298.586	332
298.636	304
298.687	291
298.737	280
298.787	283
298.837	288
298.887	296
298.937	322
298.988	351
299.038	378
299.088	415
299.138	437
299.188	483
299.239	511
299.290	526
299.340	558
299.390	560
299.440	572
299.490	572
299.541	545
299.591	547
299.641	520
299.691	478
299.741	457
299.791	422
299.842	385
299.892	359
299.942	324
299.992	307
300.042	292
300.093	281
300.143	282
300.194	305
300.244	296
300.294	322
300.344	344
300.395	384
300.445	415
300.495	444
300.545	485
300.595	501
300.646	539
300.696	559
300.746	550
300.796	575
300.846	570
300.896	550
300.947	546
300.997	503
301.047	489
301.098	457
301.148	413
301.198	388
301.249	357
301.299	324
301.349	306
301.399	295
301.449	280
301.500	282
301.550	285
301.600	302
301.650	322
301.700	345
301.750	384
301.801	407
301.851	451
301.901	485
301.951	500
302.002	541
302.052	556
302.103	562
302.153	575
302.203	557
302.253	564
302.303	545
302.354	507
302.404	488
302.454	454
302.504	416
302.554	388
302.604	350
302.655	328
302.705	306
302.755	286
302.805	283
302.855	285
302.906	284
302.957	302
303.007	319
303.057	351
303.107	384
303.157	408
303.208	452
303.258	481
303.308	508
303.358	540
303.408	542
303.458	571
303.509	574
303.559	556
303.609	563
303.659	540
303.709	513
303.759	487
303.811	443
303.861	421
303.911	387
303.961	350
304.011	328
304.062	306
304.112	284
304.162	284
304.212	280
304.262	289
304.312	302
304.363	318
304.413	353
304.463	385
304.513	413
304.563	454
304.614	472
304.664	516
304.715	541
304.765	546
304.815	572
304.865	571
304.916	567
304.966	563
305.016	527
305.066	519
305.116	486
305.166	446
305.217	420
305.267	386
305.317	352
305.367	326
305.417	300
305.468	289
305.518	282
305.569	277
305.619	288
305.669	305
305.719	320
305.770	354
305.820	377
305.870	420
305.920	455
305.970	478
306.020	518
306.071	536
306.121	559
306.171	572
306.221	556
306.271	573
306.322	561
306.372	533
306.422	518
306.473	480
306.523	449
306.573	418
306.624	375
306.674	353
306.724	326
306.774	297
306.824	288
306.874	290
306.925	276
306.975	288
307.025	298
307.075	325
307.125	354
307.176	380
307.226	422
307.276	449
307.326	487
307.377	519
307.427	535
307.478	563
307.528	570
307.578	564
307.628	574
307.678	544
307.729	544
307.779	517
307.829	468
307.879	451
307.929	416
307.979	376
308.030	352
308.080	319
308.130	298
308.180	288
308.230	278
308.281	281
308.332	289
308.382	298
308.432	325
308.482	351
308.532	386
308.583	422
308.633	446
308.683	490
308.733	517
308.783	538
308.833	563
308.884	558
308.934	577
308.984	572
309.034	548
309.084	543
309.134	514
309.186	474
309.236	451
309.286	407
309.336	380
309.386	351
309.437	318
309.487	301
309.537	289
309.587	276
309.637	281
309.687	283
309.738	304
309.788	326
309.838	351
309.888	390
309.938	421
309.988	452
310.039	491
310.090	504
310.140	545
310.190	562
310.240	558
310.291	576
310.341	568
310.391	555
310.441	543
310.491	500
310.541	482
310.592	450
310.642	408
310.692	382
310.742	351
310.792	320
310.842	302
310.893	284
310.943	282
310.994	282
311.044	286
311.094	304
311.145	327
311.195	352
311.245	390
311.295	414
311.345	458
311.395	490
311.446	507
311.496	545
311.546	556
311.596	569
311.646	574
311.697	553
311.747	562
311.797	541
311.847	501
311.898	483
311.948	447
311.999	411
312.049	382
312.099	345
312.149	324
312.199	304
312.249	285
312.300	283
312.350	286
312.400	285
312.450	305
312.500	323
312.551	356
312.601	389
312.651	413
312.701	458
312.751	484
312.802	515
312.853	543
312.903	543
312.953	571
313.003	573
313.053	558
313.103	560
313.154	532
313.204	513
313.254	483
313.304	437
313.354	416
313.405	382
313.455	346
313.505	325
313.555	314
313.605	284
313.655	284
313.707	280
313.757	290
313.807	307
313.857	323
313.907	357
313.958	391
314.008	420
314.058	457
314.108	477
314.158	517
314.208	541
314.259	550
314.309	570
314.359	554
314.409	569
314.459	560
314.509	525
314.560	515
314.611	480
314.661	441
314.711	416
314.761	383
314.812	344
314.862	325
314.912	301
314.962	290
315.012	286
315.062	280
315.113	290
315.163	303
315.213	324
315.263	357
315.313	383
315.363	423
315.414	455
315.464	478
315.515	517
315.565	522
315.615	561
315.666	569
315.716	558
315.766	569
315.816	556
315.866	533
315.916	515
315.967	466
316.017	450
316.067	416
316.117	374
316.167	353
316.217	326
316.268	300
316.318	291
316.369	282
316.419	282
316.469	292
316.520	303
316.570	328
316.620	357
316.670	384
316.720	423
316.770	448
316.821	488
316.871	516
316.921	526
316.971	558
317.021	564
317.071	566
317.122	568
317.172	543
317.222	541
317.273	514
317.323	471
317.374	451
317.424	416
317.474	378
317.524	354
317.574	321
317.624	305
317.675	293
317.725	282
317.775	286
317.825	294
317.875	301
317.926	329
317.976	349
318.026	389
318.076	422
318.126	444
318.177	488
318.228	512
318.278	535
318.328	559
318.378	548
318.428	571
318.478	567
318.529	543
318.579	540
318.629	509
318.679	476
318.729	450
318.780	407
318.830	383
318.880	353
318.930	320
318.980	305
319.030	295
319.082	280
319.132	285
319.182	290
319.232	307
319.282	330
319.332	352
319.383	390
319.433	420
319.483	452
319.533	488
319.583	503
319.634	541
319.684	558
319.734	557
319.784	571
319.834	560
319.884	556
319.935	539
319.986	499
320.036	482
320.086	449
320.136	407
320.186	384
320.237	355
320.287	322
320.337	306
320.387	288
320.437	286
320.488	286
320.538	288
320.588	307
320.638	333
320.688	352
320.738	389
320.789	414
320.839	456
320.890	486
320.940	505
320.990	540
321.041	544
321.091	567
321.141	571
321.191	551
321.241	559
321.291	538
321.342	503
321.392	483
321.442	445
321.492	414
321.542	384
321.592	348
321.643	328
321.693	307
321.743	288
321.794	287
321.844	299
321.895	288
321.945	307
321.995	323
322.045	356
322.095	387
322.145	413
322.196	454
322.246	474
322.296	514
322.346	538
322.396	539
322.446	566
322.497	566
322.547	557
322.597	557
322.647	522
322.698	515
322.749	483
322.799	440
322.849	419
322.899	385
322.949	352
322.999	330
323.050	304
323.100	293
323.150	289
323.200	286
323.250	294
323.300	309
323.351	322
323.401	355
323.451	379
323.501	418
323.551	452
323.603	470
323.653	512
323.703	533
323.753	547
323.803	563
323.853	548
323.904	566
323.954	556
324.004	521
324.054	515
324.104	483
324.154	448
324.205	421
324.255	382
324.305	360
324.355	334
324.405	307
