#Creator: pendulumdriveEventBuffer
#Creation time: Tue Apr  4 15:26:34 2017
#Time	Pos
#[s]	[au]
0.050	287
0.100	265
0.150	255
0.201	253
0.251	252
0.301	270
0.351	294
0.401	320
0.451	360
0.502	384
0.552	436
0.602	474
0.652	494
0.702	541
0.754	559
0.804	575
0.854	589
0.904	565
0.954	576
1.004	559
1.055	515
1.105	495
1.155	458
1.205	417
1.255	383
1.305	340
1.356	314
1.406	286
1.456	261
1.506	253
1.556	255
1.607	250
1.658	271
1.708	288
1.758	328
1.808	363
1.858	389
1.909	439
1.959	472
2.009	506
2.059	543
2.109	553
2.160	583
2.210	587
2.260	571
2.310	577
2.360	549
2.410	525
2.461	493
2.511	447
2.562	420
2.612	380
2.662	338
2.712	311
2.763	287
2.813	256
2.863	252
2.913	249
2.963	257
3.014	271
3.064	288
3.114	330
3.164	367
3.214	397
3.264	442
3.315	467
3.365	514
3.415	544
3.466	554
3.516	585
3.566	563
3.617	587
3.667	577
3.717	539
3.767	526
3.817	489
3.868	445
3.918	417
3.968	377
4.018	337
4.068	308
4.118	275
4.169	261
4.219	252
4.269	246
4.319	257
4.370	285
4.420	290
4.471	334
4.521	360
4.571	405
4.621	445
4.671	473
4.722	518
4.772	529
4.822	574
4.872	586
4.922	569
4.972	587
5.023	571
5.073	546
5.123	522
5.173	471
5.223	451
5.275	412
5.325	365
5.375	336
5.425	303
5.475	272
5.525	258
5.576	247
5.626	248
5.676	259
5.726	270
5.776	303
5.826	338
5.877	364
5.927	410
5.977	436
6.027	488
6.077	522
6.128	539
6.179	576
6.229	585
6.279	583
6.329	587
6.379	555
6.430	553
6.480	518
6.530	471
6.580	447
6.630	406
6.680	360
6.731	332
6.781	294
6.831	273
6.881	255
6.931	244
6.982	249
7.032	261
7.083	268
7.133	304
7.183	334
7.233	374
7.284	413
7.334	445
7.384	491
7.434	521
7.484	549
7.534	578
7.585	568
7.635	593
7.685	586
7.735	554
7.785	550
7.836	510
7.886	473
7.937	445
7.987	392
8.037	364
8.087	329
8.138	290
8.188	270
8.238	255
8.288	240
8.338	248
8.388	255
8.439	275
8.489	307
8.539	334
8.589	377
8.639	414
8.690	452
8.740	493
8.790	510
8.841	559
8.891	578
8.941	574
8.992	593
9.042	576
9.092	567
9.142	548
9.192	497
9.243	478
9.293	441
9.343	392
9.393	361
9.443	327
9.493	288
9.544	268
9.594	249
9.644	246
9.694	248
9.745	256
9.795	276
9.846	311
9.896	337
9.946	380
9.996	408
10.046	461
10.097	495
10.147	516
10.197	561
10.247	556
10.297	591
10.347	593
10.398	564
10.448	573
10.498	544
10.548	496
10.598	476
10.649	431
10.700	392
10.750	358
10.800	319
10.850	292
10.900	268
10.951	248
11.001	245
11.051	255
11.101	256
11.151	279
11.201	305
11.252	346
11.302	380
11.352	413
11.402	463
11.452	484
11.502	531
11.554	563
11.604	561
11.654	592
11.704	589
11.754	571
11.805	570
11.855	523
11.905	507
11.955	473
12.005	422
12.055	394
12.106	355
12.156	314
12.206	290
12.256	263
12.306	248
12.356	246
12.407	247
12.458	261
12.508	282
12.558	310
12.608	349
12.659	374
12.709	425
12.759	465
12.809	486
12.859	536
12.909	561
12.960	575
13.010	593
13.060	572
13.110	584
13.160	568
13.211	525
13.261	506
13.311	467
13.362	424
13.412	391
13.462	344
13.513	318
13.563	287
13.613	260
13.663	250
13.713	247
13.763	244
13.814	262
13.864	277
13.914	316
13.964	352
14.014	378
14.065	428
14.115	465
14.165	497
14.215	538
14.266	548
14.316	584
14.367	591
14.417	572
14.467	582
14.517	561
14.567	530
14.617	501
14.668	451
14.718	429
14.768	389
14.818	342
14.868	316
14.919	287
14.969	256
15.019	249
15.069	242
15.119	250
15.170	263
15.221	280
15.271	319
15.321	351
15.371	384
15.421	430
15.472	456
15.522	506
15.572	538
15.622	554
15.672	584
15.722	582
15.773	588
15.823	582
15.873	545
15.923	535
15.973	499
16.023	453
16.075	427
16.125	383
16.175	344
16.225	315
16.275	279
16.326	261
16.376	250
16.426	241
16.476	250
16.526	269
16.576	280
16.627	321
16.677	346
16.727	391
16.777	431
16.827	460
16.877	507
16.928	520
16.979	566
17.029	583
17.079	574
17.129	589
17.180	577
17.230	548
17.280	532
17.330	479
17.380	460
17.430	424
17.481	372
17.531	346
17.581	312
17.631	276
17.681	260
17.731	255
17.782	240
17.832	251
17.883	260
17.933	289
17.983	324
18.034	350
18.084	395
18.134	429
18.184	472
18.234	510
18.284	527
18.335	570
18.385	583
18.435	579
18.485	589
18.535	553
18.585	562
18.636	528
18.686	477
18.737	460
18.787	418
18.837	372
18.888	342
18.938	303
18.988	276
19.038	258
19.088	244
19.138	245
19.189	254
19.239	260
19.289	292
19.339	320
19.389	358
19.440	398
19.490	427
19.540	478
19.590	510
19.641	538
19.691	571
19.742	565
19.792	594
19.842	589
19.892	560
19.942	560
19.992	524
20.043	482
20.093	458
20.143	405
20.193	374
20.243	340
20.294	299
20.344	276
20.394	259
20.444	240
20.494	245
20.545	249
20.596	264
20.646	291
20.696	321
20.746	362
20.796	399
20.846	435
20.897	480
20.947	496
20.997	547
21.047	571
21.097	571
21.148	593
21.198	582
21.248	571
21.298	559
21.348	510
21.398	490
21.450	456
21.500	404
21.550	374
21.600	339
21.650	300
21.700	276
21.751	253
21.801	246
21.851	246
21.901	249
21.951	267
22.002	295
22.052	322
22.102	363
22.152	389
22.202	443
22.252	480
22.303	502
22.354	548
22.404	564
22.454	583
22.504	591
22.555	567
22.605	577
22.655	554
22.705	511
22.755	488
22.805	450
22.856	408
22.906	373
22.956	329
23.006	303
23.056	275
23.106	251
23.157	246
23.207	251
23.258	248
23.308	269
23.358	293
23.409	332
23.459	366
23.509	394
23.559	447
23.609	476
23.659	515
23.710	550
23.760	555
23.810	587
23.860	589
23.910	568
23.960	575
24.011	529
24.061	517
24.111	485
24.162	437
24.212	409
24.263	370
24.313	328
24.363	300
24.413	287
24.463	248
24.513	246
24.564	244
24.614	255
24.664	271
24.714	294
24.764	335
24.814	369
24.865	404
24.915	449
24.965	469
25.015	521
25.066	550
25.117	563
25.167	588
25.217	566
25.267	587
25.317	573
25.367	532
25.418	516
25.468	479
25.518	437
25.568	406
25.618	359
25.668	328
25.719	298
25.769	266
25.819	253
25.869	247
25.919	242
25.971	256
26.021	267
26.071	298
26.121	337
26.171	362
26.221	411
26.272	450
26.322	483
26.372	524
26.422	532
26.472	578
26.523	588
26.573	570
26.623	585
26.673	569
26.723	541
26.773	514
26.824	460
26.875	444
26.925	402
26.975	355
27.025	328
27.075	296
27.126	264
27.176	251
27.226	242
27.276	246
27.326	255
27.377	270
27.427	304
27.477	339
27.527	368
27.577	413
27.627	439
27.678	491
27.728	525
27.779	541
27.829	577
27.879	585
27.929	583
27.980	585
28.030	552
28.080	548
28.130	512
28.180	464
28.231	442
28.281	399
28.331	354
28.381	326
28.431	287
28.481	267
28.532	251
28.582	240
28.633	246
28.683	259
28.733	268
28.784	306
28.834	332
28.884	374
28.934	414
28.984	444
29.034	492
29.085	521
29.135	549
29.185	578
29.235	568
29.285	592
29.335	582
29.386	556
29.436	546
29.486	505
29.537	470
29.587	440
29.638	389
29.688	360
29.738	325
29.788	287
29.838	266
29.888	255
29.939	240
29.989	247
30.039	253
30.089	276
30.139	308
30.189	334
30.240	377
30.290	415
30.340	454
30.390	493
30.441	512
30.492	558
30.542	576
30.592	572
30.642	590
30.692	572
30.742	566
30.793	542
30.843	492
30.893	474
30.943	435
30.993	385
31.043	356
31.094	331
31.144	282
31.194	265
31.244	246
31.294	244
31.346	249
31.396	253
31.446	277
31.496	319
31.546	340
31.596	381
31.647	409
31.697	461
31.747	495
31.797	520
31.847	561
31.897	559
31.948	590
31.998	589
32.048	561
32.098	568
32.148	537
32.199	493
32.250	469
32.300	424
32.350	387
32.400	353
32.450	312
32.501	286
32.551	263
32.601	243
32.651	243
32.701	247
32.752	256
32.802	279
32.852	306
32.902	347
32.952	383
33.002	416
33.053	465
33.103	481
33.154	535
33.204	562
33.254	563
33.304	591
33.355	585
33.405	571
33.455	567
33.505	516
33.555	502
33.606	467
33.656	416
33.706	389
33.756	350
33.806	310
33.856	284
33.907	258
33.957	246
34.007	243
34.058	243
34.108	259
34.158	282
34.209	308
34.259	350
34.309	375
34.359	427
34.409	467
34.460	492
34.510	537
34.560	559
34.610	575
34.660	591
34.710	566
34.761	582
34.811	565
34.861	517
34.911	501
34.962	463
35.012	422
35.063	386
35.113	340
35.163	313
35.213	282
35.263	256
35.314	246
35.364	245
35.414	240
35.464	260
35.514	276
35.564	317
35.615	352
35.665	378
35.715	430
35.765	466
35.815	499
35.867	539
35.917	546
35.967	584
36.017	590
36.067	573
36.117	581
36.168	556
36.218	527
36.268	498
36.318	449
36.368	424
36.418	383
36.469	338
36.519	311
36.569	283
36.619	256
36.669	246
36.720	240
36.771	248
36.821	262
36.871	280
36.921	319
36.971	354
37.022	386
37.072	432
37.122	457
37.172	506
37.222	539
37.272	550
37.323	583
37.373	577
37.423	586
37.473	578
37.523	539
37.574	529
37.624	493
37.675	448
37.725	421
37.775	379
37.825	338
37.876	309
37.926	277
37.976	258
38.026	247
38.076	238
38.126	250
38.177	269
38.227	280
38.277	323
38.327	348
38.377	393
38.428	434
38.478	462
38.529	507
38.579	529
38.629	565
38.679	582
38.730	573
38.780	587
38.830	574
38.880	545
38.930	527
38.980	478
39.031	456
39.081	419
39.131	368
39.181	342
39.231	309
39.282	274
39.332	257
39.382	255
39.433	240
39.483	251
39.533	260
39.584	288
39.634	324
39.684	350
39.734	394
39.784	426
39.835	472
39.885	507
39.935	522
39.985	567
40.035	578
40.085	578
40.136	587
40.186	556
40.236	559
40.286	526
40.337	477
40.387	458
40.438	418
40.488	370
40.538	342
40.588	302
40.638	276
40.689	259
40.739	245
40.789	246
40.839	252
40.889	258
40.939	288
40.990	316
41.040	356
41.090	395
41.140	423
41.190	474
41.241	505
41.292	530
41.342	566
41.392	562
41.442	588
41.492	584
41.543	553
41.593	558
41.643	523
41.693	483
41.743	457
41.793	406
41.844	378
41.894	342
41.944	302
41.994	280
42.044	261
42.094	242
42.146	247
42.196	248
42.246	266
42.296	290
42.346	320
42.397	358
42.447	395
42.497	429
42.547	475
42.597	493
42.647	541
42.698	565
42.748	564
42.798	587
42.848	576
42.898	568
42.948	556
42.999	506
43.050	490
43.100	455
43.150	404
43.200	377
43.251	342
43.301	302
43.351	280
43.401	256
43.451	248
43.501	248
43.552	248
43.602	267
43.652	293
43.702	320
43.752	360
43.803	386
43.853	438
43.903	474
43.954	497
44.004	541
44.054	556
44.105	575
44.155	585
44.205	561
44.255	572
44.305	552
44.355	506
44.406	488
44.456	447
44.506	410
44.556	376
44.606	331
44.657	307
44.707	280
44.757	256
44.807	250
44.858	255
44.908	248
44.959	269
45.009	288
45.059	328
45.109	362
45.159	389
45.209	438
45.260	463
45.310	508
45.360	540
45.410	546
45.460	578
45.511	581
45.561	567
45.611	571
45.661	534
45.711	519
45.762	486
45.813	440
45.863	413
45.913	374
45.963	332
46.013	306
46.064	287
46.114	256
46.164	250
46.214	245
46.264	255
46.314	270
46.365	288
46.415	328
46.465	355
46.515	398
46.565	439
46.615	460
46.667	510
46.717	537
46.767	553
46.817	579
46.867	564
46.918	583
46.968	572
47.018	531
47.068	521
47.118	483
47.168	444
47.219	414
47.269	366
47.319	338
47.369	307
47.419	275
47.469	260
47.520	253
47.571	244
47.621	256
47.671	265
47.721	292
47.772	329
47.822	352
47.872	400
47.922	438
47.972	468
48.022	509
48.073	522
48.123	563
48.173	576
48.223	566
48.273	580
48.323	566
48.374	541
48.424	519
48.475	469
48.525	451
48.575	413
48.626	364
48.676	338
48.726	307
48.776	274
48.826	261
48.876	250
48.927	251
48.977	257
49.027	266
49.077	295
49.127	330
49.177	358
49.228	400
49.278	426
49.329	477
49.379	508
49.429	528
49.480	563
49.530	570
49.580	573
49.630	578
49.680	547
49.730	548
49.781	517
49.831	469
49.881	450
49.931	409
49.981	368
50.032	339
50.082	301
50.132	279
50.182	262
50.233	249
50.283	253
50.334	261
50.384	266
50.434	297
50.484	324
50.534	365
50.584	401
50.635	429
50.685	477
50.735	504
50.785	535
50.835	563
50.886	554
50.936	581
50.986	576
51.036	552
51.086	548
51.137	508
51.188	478
51.238	448
51.288	399
51.338	372
51.388	338
51.438	301
51.489	279
51.539	267
51.589	248
51.639	253
51.689	254
51.740	273
51.790	298
51.840	326
51.890	366
51.940	403
51.990	437
52.042	477
52.092	496
52.142	540
52.192	560
52.242	561
52.292	579
52.343	553
52.393	565
52.443	546
52.493	501
52.543	482
52.594	446
52.644	400
52.694	372
52.744	342
52.794	300
52.844	281
52.895	257
52.946	254
52.996	254
53.046	256
53.096	275
53.147	307
53.197	328
53.247	367
53.297	390
53.347	442
53.397	476
53.448	501
53.498	540
53.548	542
53.598	575
53.648	577
53.698	558
53.749	566
53.799	543
53.850	505
53.900	481
53.950	437
54.001	406
54.051	371
54.101	330
54.151	306
54.201	281
54.251	259
54.302	254
54.352	250
54.402	257
54.452	275
54.502	294
54.552	334
54.603	367
54.653	395
54.703	442
54.754	462
54.804	511
54.855	538
54.905	544
54.955	573
55.005	573
55.055	565
55.105	566
55.156	522
55.206	516
55.256	478
55.306	432
55.356	409
55.406	371
55.457	331
55.507	306
55.557	276
55.607	264
55.658	256
55.709	251
55.759	262
55.809	278
55.859	296
55.909	334
55.959	359
56.010	405
56.060	443
56.110	464
56.160	512
56.210	534
56.260	553
56.311	574
56.361	559
56.411	574
56.461	562
56.511	528
56.563	513
56.613	474
56.663	440
56.713	407
56.763	357
56.813	336
56.864	306
56.914	275
56.964	263
57.014	255
57.064	248
57.115	262
57.165	272
57.215	302
57.265	337
57.315	362
57.365	406
57.416	440
57.467	474
57.517	512
57.567	521
57.617	561
57.667	572
57.718	561
57.768	573
57.818	553
57.868	538
57.918	511
57.969	459
58.019	442
58.069	403
58.119	358
58.169	334
58.219	305
58.270	272
58.320	262
58.371	252
58.421	255
58.471	263
58.521	273
58.572	304
58.622	339
58.672	366
58.722	409
58.772	432
58.823	482
58.873	513
58.923	529
58.973	563
59.023	563
59.073	574
59.124	572
59.174	543
59.225	540
59.275	508
59.325	462
59.376	440
59.426	404
59.476	362
59.526	332
59.576	296
59.626	276
59.677	262
59.727	249
59.777	255
59.827	277
59.877	272
59.927	304
59.978	332
60.028	373
60.078	410
60.129	437
60.179	484
60.230	502
60.280	543
60.330	564
60.380	555
60.430	578
60.480	570
60.531	550
60.581	540
60.631	489
60.681	471
60.731	439
60.781	390
60.832	364
60.882	331
60.932	294
60.982	277
61.033	271
61.084	248
61.134	255
61.184	260
61.234	279
61.284	306
61.334	336
61.385	374
61.435	401
61.485	449
61.535	484
61.585	501
61.635	544
61.686	560
61.736	564
61.786	577
61.836	551
61.886	561
61.938	538
61.988	493
62.038	472
62.088	435
62.138	392
62.188	362
62.239	320
62.289	298
62.339	276
62.389	256
62.439	254
62.489	258
62.540	258
62.590	282
62.640	302
62.690	343
62.740	376
62.791	401
62.842	452
62.892	482
62.942	510
62.992	545
63.042	549
63.093	576
63.143	576
63.193	553
63.243	559
63.293	532
63.344	495
63.394	470
63.444	418
63.494	397
63.544	360
63.594	320
63.645	298
63.695	277
63.746	256
63.796	255
63.846	254
63.896	265
63.947	283
63.997	304
64.047	346
64.097	378
64.147	411
64.198	454
64.248	472
64.298	519
64.348	545
64.398	550
64.448	575
64.499	568
64.549	565
64.599	558
64.650	513
64.700	500
64.750	466
64.801	422
64.851	394
64.901	357
64.951	320
65.001	296
65.052	269
65.102	260
65.152	255
65.202	252
65.252	265
65.302	287
65.353	306
65.403	348
65.453	370
65.503	419
65.554	455
65.604	479
65.655	522
65.705	539
65.755	565
65.805	576
65.855	555
65.906	570
65.956	555
66.006	517
66.056	500
66.106	454
66.156	428
66.207	392
66.257	348
66.307	324
66.357	295
66.407	267
66.459	258
66.509	269
66.559	248
66.609	265
66.659	278
66.709	312
66.760	346
66.810	372
66.860	419
66.910	447
66.960	488
67.010	522
67.061	531
67.111	567
67.161	573
67.211	566
67.261	573
67.312	536
67.363	534
67.413	500
67.463	450
67.513	431
67.563	391
67.614	351
67.664	324
67.714	295
67.764	266
67.814	258
67.864	248
67.915	255
67.965	266
68.015	277
68.065	312
68.115	338
68.166	380
68.216	419
68.267	445
68.317	492
68.367	521
68.417	537
68.468	568
68.518	552
68.568	579
68.618	571
68.668	541
68.718	534
68.769	497
68.819	455
68.869	430
68.919	382
68.969	353
69.020	323
69.070	286
69.121	272
69.171	261
69.221	248
69.271	256
69.322	262
69.372	284
69.422	315
69.472	342
69.522	384
69.572	420
69.623	451
69.673	492
69.723	510
69.773	551
69.823	567
69.874	561
69.924	576
69.974	563
70.025	546
70.075	530
70.125	475
70.176	462
70.226	426
70.276	377
70.326	352
70.376	319
70.427	284
70.477	269
70.527	254
70.577	253
70.627	258
70.677	264
70.728	288
70.778	319
70.828	346
70.878	388
70.929	411
70.979	464
71.030	496
71.080	511
71.130	554
71.180	564
71.230	571
71.281	576
71.331	549
71.381	554
71.431	526
71.481	477
71.531	458
71.582	419
71.632	378
71.682	348
71.732	310
71.782	287
71.833	267
71.884	251
71.934	252
71.984	259
72.034	262
72.084	288
72.135	313
72.185	355
72.235	390
72.285	418
72.335	466
72.385	492
72.436	528
72.486	556
72.536	550
72.586	579
72.636	576
72.686	556
72.738	554
72.788	515
72.838	485
72.888	458
72.938	409
72.989	382
73.039	345
73.089	306
73.139	284
73.189	279
73.239	248
73.290	251
73.340	251
73.390	267
73.440	290
73.490	313
73.540	357
73.591	390
73.642	428
73.692	468
73.742	483
73.792	533
73.843	556
73.893	559
73.943	580
73.993	552
74.043	570
74.093	553
74.144	510
74.194	490
74.244	454
74.294	409
74.344	380
74.395	347
74.445	308
74.495	285
74.546	260
74.596	255
74.646	252
74.697	249
74.747	268
74.797	287
74.847	320
74.897	356
74.947	380
74.998	431
75.048	466
75.098	489
75.148	532
75.198	540
75.249	573
75.299	577
75.349	557
75.399	570
75.450	548
75.500	513
75.551	489
75.601	439
75.651	417
75.701	380
75.751	338
75.801	313
75.852	287
75.902	260
75.952	255
76.002	251
76.052	256
76.103	271
76.153	288
76.203	323
76.253	358
76.303	386
76.354	433
76.405	455
76.455	502
76.505	532
76.555	540
76.605	571
76.656	572
76.706	566
76.756	567
76.806	529
76.856	523
76.906	486
76.957	442
77.007	417
77.057	379
77.107	340
77.157	312
77.207	280
77.259	266
77.309	256
77.359	250
77.409	258
77.459	273
77.510	288
77.560	325
77.610	349
77.660	394
77.710	432
77.760	453
77.811	502
77.861	524
77.911	550
77.961	570
78.011	553
78.061	575
78.112	564
78.163	529
78.213	520
78.263	479
78.313	446
78.364	416
78.414	368
78.464	344
78.514	313
78.564	282
78.614	267
78.665	261
78.715	248
78.765	260
78.815	266
78.865	294
78.915	325
78.966	349
79.016	395
79.067	428
79.117	464
79.167	502
79.218	515
79.268	555
79.318	568
79.368	559
79.418	574
79.468	553
79.519	545
79.569	520
79.619	467
79.669	453
79.719	415
79.769	370
79.820	344
79.870	319
79.921	281
79.971	267
80.021	255
80.072	255
80.122	261
80.172	268
80.222	294
80.272	332
80.322	354
80.373	395
80.423	417
80.473	468
80.523	498
80.573	519
80.624	554
80.674	544
80.724	575
80.774	573
80.825	544
80.875	548
80.926	519
80.976	475
81.026	454
81.076	411
81.126	376
81.176	346
81.227	310
81.277	289
81.327	271
81.377	256
81.427	257
81.478	271
81.528	268
81.578	296
81.628	318
81.678	360
81.729	394
81.780	424
81.830	467
81.880	479
81.930	529
81.980	550
82.030	546
82.081	571
82.131	566
82.181	553
82.231	546
82.281	501
82.332	486
82.382	453
82.432	404
82.482	381
82.532	346
82.582	308
82.634	290
82.684	267
82.734	258
82.784	260
82.834	259
82.884	276
82.935	297
82.985	320
83.035	360
83.085	382
83.135	431
83.186	466
83.236	483
83.286	527
83.336	545
83.386	555
83.436	570
83.487	548
83.538	562
83.588	544
83.638	504
83.688	485
83.739	450
83.789	409
83.839	380
83.889	337
83.939	317
83.989	292
84.040	268
84.090	263
84.140	263
84.190	260
84.240	278
84.290	292
84.341	328
84.391	361
84.442	385
84.492	432
84.542	463
84.593	490
84.643	527
84.693	528
84.743	562
84.793	567
84.843	550
84.894	560
84.944	536
84.994	513
85.044	484
85.094	438
85.144	417
85.195	382
85.245	340
85.295	318
85.346	294
85.396	268
85.447	265
85.497	260
85.547	266
85.597	279
85.647	293
85.697	327
85.748	359
85.798	389
85.848	431
85.898	454
85.948	497
85.998	524
86.049	532
86.099	561
86.149	555
86.199	563
86.250	559
86.301	525
86.351	517
86.401	483
86.451	440
86.501	417
86.551	381
86.602	344
86.652	320
86.702	289
86.752	276
86.802	267
86.852	260
86.903	268
86.953	293
87.003	294
87.053	328
87.103	353
87.155	395
87.205	429
87.255	455
87.305	496
87.355	507
87.405	545
87.456	559
87.506	544
87.556	565
87.606	555
87.656	530
87.707	517
87.757	471
87.807	449
87.857	417
87.907	371
87.957	350
88.008	320
88.059	289
88.109	277
88.159	278
88.209	258
88.259	269
88.310	276
88.360	302
88.410	329
88.460	355
88.510	395
88.561	423
88.611	464
88.661	496
88.711	510
88.761	546
88.811	557
88.862	553
88.912	564
88.963	533
89.013	541
89.063	515
89.113	465
89.164	450
89.214	415
89.264	374
89.314	350
89.364	313
89.415	292
89.465	277
89.515	263
89.565	267
89.615	271
89.665	276
89.716	303
89.766	321
89.817	360
89.867	397
89.917	420
89.968	467
90.018	493
90.068	516
90.118	545
90.168	539
90.218	565
90.269	562
90.319	538
90.369	539
90.419	511
90.469	475
90.519	449
90.570	403
90.620	380
90.670	348
90.721	312
90.771	294
90.822	279
90.872	264
90.922	267
90.972	267
91.022	283
91.072	304
91.123	323
91.173	364
91.223	395
91.273	428
91.323	467
91.373	480
91.424	524
91.474	545
91.524	543
91.574	563
91.625	557
91.676	547
91.726	539
91.776	495
91.826	483
91.876	448
91.926	404
91.977	380
92.027	349
92.077	314
92.127	295
92.177	272
92.227	269
92.278	268
92.328	266
92.378	284
92.428	306
92.478	326
92.530	365
92.580	385
92.630	434
92.680	467
92.730	483
92.780	526
92.831	540
92.881	554
92.931	563
92.981	544
93.031	555
93.081	536
93.132	500
93.182	481
93.232	444
93.282	410
93.332	379
93.383	339
93.434	318
93.484	294
93.534	273
93.584	269
93.634	271
93.685	266
93.735	284
93.785	299
93.835	334
93.885	366
93.936	392
93.986	436
94.036	457
94.086	498
94.136	527
94.186	529
94.237	561
94.287	562
94.338	548
94.388	555
94.438	516
94.488	511
94.539	478
94.589	429
94.639	411
94.689	376
94.739	337
94.790	315
94.840	301
94.890	270
94.940	267
94.990	261
95.040	272
95.091	286
95.141	300
95.191	335
95.242	367
95.292	398
95.342	439
95.393	458
95.443	504
95.493	528
95.543	541
95.593	563
95.644	544
95.694	566
95.744	554
95.794	521
95.844	511
95.894	474
95.945	434
95.995	408
96.045	362
96.095	338
96.146	312
96.196	282
96.247	273
96.297	266
96.347	260
96.397	271
96.447	281
96.498	306
96.548	338
96.598	362
96.648	407
96.698	441
96.748	468
96.799	507
96.849	518
96.899	554
96.949	564
96.999	550
97.051	565
97.101	550
97.151	526
97.201	507
97.251	456
97.301	441
97.352	403
97.402	360
97.452	336
97.502	307
97.552	277
97.602	269
97.653	260
97.703	263
97.753	271
97.803	280
97.853	310
97.904	342
97.955	368
98.005	411
98.055	433
98.105	482
98.155	512
98.206	524
98.256	558
98.306	562
98.356	563
98.406	567
98.456	536
98.507	535
98.557	504
98.607	455
98.657	437
98.707	399
98.758	358
98.808	333
98.859	297
98.909	281
98.959	267
99.009	256
99.060	261
99.110	271
99.160	280
99.210	313
99.260	338
99.310	380
99.361	416
99.411	441
99.461	487
99.511	511
99.561	539
99.612	562
99.662	547
99.713	572
99.763	565
99.813	541
99.863	532
99.914	494
99.964	461
100.014	432
100.064	385
100.114	358
100.164	326
100.215	292
100.265	275
100.315	267
100.365	256
100.415	260
100.466	265
100.516	288
100.566	317
100.617	343
100.667	385
100.717	419
100.768	455
100.818	494
100.868	507
100.918	550
100.968	564
101.019	558
101.069	575
101.119	553
101.169	551
101.219	529
101.269	479
101.320	462
101.370	425
101.420	377
101.470	352
101.521	327
101.571	284
101.622	271
101.672	256
101.722	255
101.772	259
101.822	266
101.873	290
101.923	327
101.973	352
102.023	389
102.073	416
102.123	467
102.174	498
102.224	519
102.274	555
102.324	552
102.374	578
102.425	576
102.476	548
102.526	552
102.576	522
102.626	478
102.676	455
102.727	413
102.777	377
102.827	345
102.877	305
102.927	285
102.977	266
103.028	250
103.078	252
103.128	255
103.178	266
103.228	293
103.278	318
103.330	361
103.380	395
103.430	427
103.480	474
103.530	493
103.581	538
103.631	561
103.681	555
103.731	582
103.781	574
103.831	558
103.882	551
103.932	499
103.982	484
104.032	450
104.082	403
104.132	374
104.183	338
104.234	302
104.284	280
104.334	258
104.384	250
104.435	251
104.485	252
104.535	271
104.585	297
104.635	325
104.685	366
104.736	391
104.786	442
104.836	479
104.886	498
104.936	542
104.987	560
105.037	573
105.087	583
105.138	555
105.188	568
105.238	547
105.289	501
105.339	480
105.389	443
105.439	400
105.489	368
105.539	324
105.590	300
105.640	275
105.690	252
105.740	249
105.790	253
105.841	252
105.891	273
105.941	294
105.991	336
106.042	369
106.092	398
106.143	448
106.193	478
106.243	512
106.293	548
106.343	547
106.393	582
106.444	583
106.494	563
106.544	568
106.594	536
106.644	505
106.695	477
106.745	426
106.795	401
106.845	362
106.895	320
106.946	296
106.997	273
107.047	246
107.097	246
107.147	245
107.197	256
107.248	274
107.298	295
107.348	339
107.398	373
107.448	408
107.498	452
107.549	472
107.599	522
107.649	550
107.699	559
107.749	584
107.799	560
107.851	578
107.901	567
107.951	526
108.001	508
108.051	472
108.102	427
108.152	397
108.202	361
108.252	320
108.302	293
108.352	263
108.403	251
108.453	246
108.503	242
108.553	257
108.603	287
108.653	300
108.704	341
108.755	365
108.805	417
108.855	456
108.905	481
108.956	527
109.006	538
109.056	575
109.106	585
109.156	565
109.206	578
109.257	562
109.307	527
109.357	504
109.407	459
109.457	432
109.507	393
109.558	347
109.608	319
109.659	289
109.709	259
109.759	248
109.810	247
109.860	240
109.910	257
109.960	272
110.010	309
110.060	345
110.111	371
110.161	420
110.211	443
110.261	496
110.311	530
110.361	541
110.412	577
110.462	582
110.513	575
110.563	579
110.613	540
110.664	537
110.714	500
110.764	452
110.814	429
110.864	387
110.914	343
110.965	315
111.015	279
111.065	260
111.115	247
111.165	239
111.216	246
111.266	259
111.316	272
111.366	313
111.417	337
111.467	382
111.518	424
111.568	451
111.618	499
111.668	528
111.718	553
111.768	580
111.819	565
111.869	588
111.919	578
111.969	544
112.019	534
112.070	493
112.120	455
112.170	425
112.220	374
112.270	347
112.321	313
112.372	275
112.422	259
112.472	247
112.522	236
112.572	247
112.622	255
112.673	279
112.723	315
112.773	341
112.823	387
112.873	425
112.924	461
112.974	503
113.024	520
113.074	563
113.124	579
113.174	572
113.226	587
113.276	569
113.326	555
113.376	530
113.426	477
113.476	462
113.527	421
113.577	370
113.627	343
113.677	310
113.727	273
113.778	256
113.828	242
113.878	241
113.928	247
113.978	256
114.028	282
114.079	319
114.130	346
114.180	389
114.230	416
114.280	469
114.331	503
114.381	523
114.431	565
114.481	569
114.531	585
114.581	586
114.632	553
114.682	559
114.732	525
114.782	480
114.832	458
114.882	418
114.933	374
114.983	342
115.034	299
115.084	276
115.134	256
115.185	240
115.235	241
115.285	261
115.335	256
115.385	286
115.435	314
115.486	354
115.536	391
115.586	424
115.636	472
115.686	489
115.736	539
115.787	565
115.837	565
115.887	588
115.938	583
115.988	563
116.039	557
116.089	505
116.139	488
116.189	455
116.239	405
116.289	376
116.340	339
116.390	298
116.440	275
116.490	255
116.540	240
116.590	243
116.641	244
116.691	262
116.741	287
116.791	317
116.842	356
116.893	387
116.943	435
116.993	473
117.043	494
117.093	541
117.143	562
117.194	570
117.244	588
117.294	558
117.344	574
117.394	554
117.444	507
117.495	488
117.545	451
117.595	406
117.645	373
117.695	328
117.747	301
117.797	275
117.847	250
117.897	243
117.947	245
117.997	242
118.048	264
118.098	283
118.148	324
118.198	358
118.248	386
118.299	437
118.349	472
118.399	502
118.449	542
118.499	543
118.549	582
118.600	586
118.651	568
118.701	574
118.751	548
118.801	512
118.851	486
118.902	436
118.952	412
119.002	372
119.052	330
119.102	303
119.153	276
119.203	249
119.253	244
119.303	240
119.353	250
119.403	265
119.454	283
119.504	326
119.555	359
119.605	392
119.655	439
119.705	458
119.756	512
119.806	541
119.856	551
119.906	581
119.956	580
120.007	575
120.057	571
120.107	529
120.157	519
120.207	483
120.257	437
120.308	409
120.358	369
120.409	329
120.459	300
120.509	270
120.560	254
120.610	246
120.660	240
120.710	251
120.760	269
120.810	288
120.861	329
120.911	352
120.961	400
121.011	440
121.061	466
121.111	513
121.162	536
121.212	564
121.262	581
121.313	562
121.363	581
121.414	569
121.464	535
121.514	516
121.564	475
121.614	440
121.664	407
121.715	360
121.765	332
121.815	299
121.865	266
121.915	252
121.965	253
122.016	236
122.066	253
122.116	264
122.166	295
122.217	331
122.268	356
122.318	403
122.368	440
122.418	478
122.468	514
122.518	530
122.569	569
122.619	580
122.669	571
122.719	582
122.769	544
122.819	548
122.870	515
122.920	464
122.970	445
123.020	404
123.070	357
123.122	330
123.172	303
123.222	264
123.272	253
123.322	240
123.372	244
123.423	254
123.473	261
123.523	296
123.573	335
123.623	362
123.673	405
123.724	432
123.774	483
123.824	514
123.874	536
123.924	571
123.975	560
124.026	588
124.076	581
124.126	550
124.176	548
124.226	511
124.277	468
124.327	442
124.377	391
124.427	362
124.477	329
124.528	289
124.578	268
124.628	253
124.678	240
124.728	244
124.778	250
124.829	268
124.879	299
124.930	324
124.980	368
125.030	405
125.080	440
125.131	484
125.181	500
125.231	548
125.281	570
125.331	565
125.382	585
125.432	573
125.482	559
125.532	544
125.582	487
125.632	476
125.683	439
125.733	387
125.783	361
125.834	326
125.884	288
125.934	267
125.985	247
126.035	243
126.085	246
126.135	249
126.185	271
126.236	302
126.286	330
126.336	371
126.386	398
126.436	452
126.486	486
126.537	507
126.587	551
126.637	565
126.687	577
126.738	585
126.788	557
126.839	565
126.889	540
126.939	492
126.989	472
127.039	433
127.090	390
127.140	357
127.190	314
127.240	290
127.290	265
127.340	244
127.391	242
127.441	250
127.491	248
127.541	274
127.591	300
127.643	340
127.693	375
127.743	405
127.793	455
127.843	484
127.893	520
127.944	554
127.994	550
128.044	585
128.094	582
128.144	559
128.194	565
128.245	527
128.295	499
128.345	469
128.395	419
128.445	391
128.496	352
128.547	312
128.597	288
128.647	267
128.697	240
128.747	242
128.798	241
128.848	256
128.898	275
128.948	299
128.998	343
129.048	378
129.099	414
129.149	458
129.199	478
129.249	527
129.299	554
129.350	563
129.400	585
129.451	558
129.501	575
129.551	564
129.601	516
129.652	501
129.702	466
129.752	420
129.802	389
129.852	354
129.902	312
129.953	285
130.003	256
130.053	246
130.103	243
130.153	240
130.204	256
130.254	287
130.305	304
130.355	344
130.405	369
130.455	420
130.506	458
130.556	484
130.606	529
130.656	537
130.706	575
130.756	585
130.807	565
130.857	577
130.907	559
130.957	523
131.007	500
131.058	451
131.108	425
131.158	387
131.209	339
131.259	313
131.309	283
131.360	256
131.410	245
131.460	239
131.510	240
131.560	257
131.611	272
131.661	311
131.711	346
131.761	373
131.811	423
131.861	446
131.912	498
131.962	531
132.012	544
132.062	578
132.113	581
132.163	574
132.214	576
132.264	537
132.314	530
132.364	495
132.414	445
132.465	423
132.515	381
132.565	338
132.615	311
132.665	278
132.715	258
132.766	245
132.816	236
132.866	246
132.916	261
132.966	274
133.017	315
133.068	342
133.118	387
133.168	427
133.218	451
133.268	502
133.319	530
133.369	554
133.419	579
133.469	568
133.519	585
133.569	574
133.620	541
133.670	528
133.720	487
133.770	451
133.820	419
133.870	368
133.922	342
133.972	306
134.022	271
134.072	255
134.122	245
134.173	236
134.223	246
134.273	253
134.323	282
134.373	319
134.423	344
134.474	389
134.524	429
134.574	464
134.624	505
134.674	520
134.724	565
134.775	579
134.826	568
134.876	584
134.926	564
134.976	551
135.027	524
135.077	470
135.127	454
135.177	413
135.227	365
135.277	336
135.328	303
135.378	266
135.428	253
135.478	239
135.528	240
135.579	247
135.629	256
135.679	286
135.730	323
135.780	352
135.830	394
135.881	421
135.931	474
135.981	508
136.031	530
136.081	568
136.131	552
136.182	586
136.232	584
136.282	550
136.332	553
136.382	517
136.433	471
136.483	451
136.533	404
136.583	365
136.634	333
136.684	291
136.735	270
136.785	251
136.835	236
136.885	239
136.935	255
136.985	256
137.036	289
137.086	317
137.136	358
137.186	396
137.236	430
137.287	478
137.337	494
137.387	545
137.437	569
137.487	566
137.538	588
137.589	579
137.639	559
137.689	551
137.739	499
137.789	482
137.840	447
137.890	398
137.940	366
137.990	330
138.040	289
138.090	267
138.141	244
138.191	236
138.241	240
138.291	243
138.341	263
138.391	291
138.443	321
138.493	361
138.543	388
138.593	441
138.643	479
138.694	498
138.744	546
138.794	566
138.844	575
138.894	588
138.944	563
138.995	572
139.045	548
139.095	499
139.145	481
139.195	442
139.245	396
139.296	364
139.347	321
139.397	294
139.447	267
139.497	244
139.548	239
139.598	241
139.648	241
139.698	264
139.748	288
139.798	328
139.849	363
139.899	391
139.949	445
139.999	477
140.049	508
140.099	548
140.150	551
140.200	585
140.251	586
140.301	567
140.351	570
140.402	542
140.452	507
140.502	478
140.552	427
140.602	401
140.652	361
140.703	316
140.753	291
140.803	267
140.853	240
140.903	239
140.953	238
141.004	250
141.054	267
141.105	290
141.155	332
141.205	366
141.256	400
141.306	448
141.356	467
141.406	519
141.456	549
141.506	556
141.557	585
141.607	578
141.657	575
141.707	569
141.757	521
141.808	509
141.858	473
141.908	428
141.958	397
142.009	357
142.059	317
142.110	288
142.160	258
142.210	245
142.260	239
142.310	235
142.360	250
142.411	271
142.461	296
142.511	335
142.561	358
142.611	410
142.662	450
142.712	475
142.762	522
142.812	539
142.862	572
142.913	586
142.964	568
143.014	580
143.064	564
143.114	524
143.164	506
143.214	463
143.265	430
143.315	392
143.365	344
143.415	318
143.465	285
143.516	256
143.566	243
143.616	255
143.666	233
143.716	251
143.766	266
143.818	303
143.868	338
143.918	363
143.968	414
144.018	446
144.068	490
144.119	526
144.169	536
144.219	576
144.269	583
144.319	571
144.370	578
144.420	536
144.470	538
144.520	502
144.570	452
144.620	430
144.671	387
144.722	340
144.772	314
144.822	279
144.872	256
144.923	242
144.973	231
145.023	240
145.073	252
145.123	266
145.173	307
145.224	331
145.274	374
145.324	418
145.374	446
145.424	495
145.474	526
145.525	548
145.575	579
145.626	565
145.676	588
145.726	578
145.777	542
145.827	533
145.877	495
145.927	455
145.977	425
146.027	372
146.078	344
146.128	309
146.178	272
146.228	253
146.278	241
146.328	230
146.379	240
146.429	250
146.479	276
146.530	311
146.580	336
146.631	380
146.681	421
146.731	456
146.781	500
146.831	521
146.881	563
146.932	581
146.982	567
147.032	588
147.082	572
147.132	554
147.182	529
147.233	474
147.283	459
147.333	419
147.383	370
147.434	339
147.485	305
147.535	266
147.585	250
147.635	234
147.685	234
147.735	240
147.786	248
147.836	278
147.886	315
147.936	344
147.986	386
148.036	415
148.087	469
148.137	504
148.187	525
148.237	567
148.287	575
148.339	586
148.389	587
148.439	555
148.489	558
148.539	524
148.589	475
148.640	454
148.690	411
148.740	368
148.790	333
148.840	293
148.891	267
148.941	247
148.991	231
149.041	233
149.091	247
149.141	248
149.192	281
149.243	311
149.293	352
149.343	391
149.393	424
149.443	474
149.494	500
149.544	541
149.594	569
149.644	569
149.694	591
149.745	585
149.795	561
149.845	556
149.895	499
149.945	482
149.995	450
150.046	397
150.096	367
150.147	330
150.197	290
150.247	264
150.297	255
150.348	228
150.398	234
150.448	239
150.498	257
150.548	286
150.599	315
150.649	356
150.699	395
150.749	437
150.799	479
150.849	500
150.900	550
150.950	571
151.001	571
151.051	592
151.101	558
151.152	575
151.202	551
151.252	494
151.302	481
151.352	444
151.402	394
151.453	360
151.503	319
151.553	280
151.603	260
151.653	236
151.703	231
151.754	234
151.804	236
151.854	259
151.905	287
151.955	320
152.006	362
152.056	392
152.106	446
152.156	482
152.206	509
152.256	554
152.307	554
152.357	591
152.407	592
152.457	566
152.507	573
152.557	543
152.608	501
152.658	476
152.708	422
152.758	394
152.809	354
152.860	311
152.910	282
152.960	255
153.010	232
153.060	230
153.110	229
153.161	242
153.211	262
153.261	291
153.311	333
153.361	367
153.411	402
153.462	452
153.512	473
153.562	528
153.612	558
153.662	561
153.714	593
153.764	586
153.814	575
153.864	570
153.914	518
153.964	505
154.015	470
154.065	418
154.115	388
154.165	347
154.215	304
154.265	276
154.316	246
154.366	234
154.416	229
154.466	230
154.516	245
154.567	268
154.618	293
154.668	337
154.718	363
154.768	417
154.818	460
154.869	482
154.919	534
154.969	557
155.019	580
155.069	595
155.120	571
155.170	583
155.220	567
155.270	519
155.320	499
155.370	460
155.421	419
155.471	381
155.522	331
155.572	304
155.622	271
155.672	240
155.723	230
155.773	231
155.823	226
155.873	245
155.923	265
155.974	306
156.024	341
156.074	370
156.124	424
156.174	459
156.224	498
156.275	539
156.325	548
156.375	588
156.426	594
156.476	577
156.526	583
156.577	554
156.627	529
156.677	496
156.727	445
156.777	420
156.828	375
156.878	328
156.928	300
156.978	279
157.028	236
157.078	230
157.129	224
157.179	232
157.229	247
157.279	266
157.330	310
157.380	349
157.431	378
157.481	428
157.531	456
157.581	506
157.631	540
157.682	559
157.732	589
157.782	565
157.832	593
157.882	581
157.932	540
157.983	527
158.033	490
158.083	448
158.133	415
158.183	367
158.235	326
158.285	296
158.335	260
158.385	241
158.435	230
158.485	224
158.536	234
158.586	247
158.636	273
158.686	314
158.736	340
158.786	388
158.837	430
158.887	463
158.937	511
158.987	527
159.037	575
159.088	589
159.139	575
159.189	592
159.239	576
159.289	547
159.339	523
159.390	470
159.440	450
159.490	408
159.540	358
159.590	327
159.640	291
159.691	256
159.741	239
159.791	226
159.841	224
159.891	236
159.942	248
159.992	281
160.043	319
160.093	346
160.143	394
160.193	421
160.244	478
160.294	516
160.344	533
160.394	576
160.444	586
160.494	585
160.545	591
160.595	556
160.645	555
160.695	518
160.745	469
160.796	446
160.846	401
160.897	352
160.947	322
160.997	280
161.047	256
161.098	237
161.148	222
161.198	227
161.248	238
161.298	248
161.348	285
161.399	312
161.449	356
161.499	399
161.549	431
161.599	483
161.650	515
161.700	547
161.750	580
161.801	568
161.851	597
161.901	589
161.952	562
162.002	551
162.052	509
162.102	472
162.152	442
162.203	388
162.253	356
162.303	318
162.353	276
162.403	252
162.453	238
162.504	218
162.554	227
162.604	232
162.654	255
162.705	290
162.755	316
162.806	360
162.856	401
162.906	441
162.956	485
163.006	505
163.057	558
163.107	578
163.157	578
163.207	596
163.257	576
163.307	572
163.358	548
163.408	496
163.458	475
163.508	436
163.558	381
163.609	351
163.660	315
163.710	272
163.760	251
163.810	228
163.860	225
163.911	228
163.961	234
164.011	258
164.061	303
164.111	322
164.161	364
164.212	393
164.262	451
164.312	488
164.362	515
164.412	560
164.462	553
164.514	594
164.564	595
164.614	562
164.664	573
164.714	540
164.765	493
164.815	472
164.865	425
164.915	384
164.965	347
165.015	304
165.066	275
165.116	249
165.166	225
165.216	224
165.266	239
165.316	232
165.367	262
165.418	289
165.468	333
165.518	369
165.568	403
165.619	456
165.669	478
165.719	531
165.769	562
165.819	568
165.869	595
165.920	590
165.970	574
166.020	570
166.070	517
166.120	502
166.171	467
166.221	418
166.271	385
166.322	344
166.372	300
166.422	272
166.473	242
166.523	228
166.573	226
166.623	225
166.673	242
166.723	266
166.774	296
166.824	335
166.874	364
166.924	416
166.974	459
167.025	479
167.075	535
167.125	559
167.175	577
167.226	595
167.276	573
167.327	583
167.377	567
167.427	519
167.477	501
167.527	462
167.577	416
167.628	380
167.678	332
167.728	304
167.778	270
167.828	238
167.879	231
167.929	227
167.979	224
168.029	244
168.079	263
168.130	304
168.181	337
168.231	366
168.281	420
168.331	456
168.381	491
168.432	535
168.482	542
168.532	584
168.582	593
168.632	575
168.682	582
168.733	556
168.783	526
168.833	497
168.883	448
168.933	422
168.983	378
169.035	332
169.085	302
169.135	271
169.185	240
169.235	231
169.286	223
169.336	232
169.386	246
169.436	264
169.486	305
169.536	341
169.587	372
169.637	422
169.687	446
169.737	501
169.787	536
169.837	552
169.888	584
169.939	581
169.989	587
170.039	579
170.089	544
170.140	530
170.190	493
170.240	447
170.290	419
170.340	374
170.390	332
170.441	301
170.491	263
170.541	244
170.591	231
170.641	224
170.691	233
170.742	263
170.792	264
170.843	308
170.893	333
170.943	380
170.994	423
171.044	453
171.094	502
171.144	516
171.194	564
171.244	584
171.295	571
171.345	590
171.395	576
171.445	548
171.495	527
171.545	475
171.596	455
171.646	416
171.697	362
171.747	335
171.797	299
171.848	261
171.898	243
171.948	246
171.998	220
172.048	235
172.098	244
172.149	274
172.199	311
172.249	336
172.299	384
172.349	415
172.400	466
172.450	503
172.500	520
172.550	567
172.601	580
172.651	576
172.702	589
172.752	552
172.802	559
172.852	524
172.902	471
172.952	454
173.003	411
173.053	361
173.103	332
173.153	293
173.203	260
173.254	243
173.304	228
173.354	229
173.404	237
173.454	244
173.505	277
173.556	307
173.606	344
173.656	387
173.706	416
173.756	470
173.806	503
173.857	532
173.907	568
173.957	563
174.007	591
174.057	587
174.108	557
174.158	556
174.208	516
174.258	476
174.308	452
174.358	397
174.410	366
174.460	329
174.510	288
174.560	262
174.610	243
174.660	224
174.711	229
174.761	234
174.811	252
174.861	280
174.911	309
174.962	351
175.012	389
175.062	427
175.112	473
175.162	489
175.212	544
175.263	569
175.314	569
175.364	591
175.414	578
175.464	567
175.515	553
175.565	496
175.615	483
175.665	447
175.715	393
175.765	363
175.816	327
175.866	284
175.916	260
175.966	236
176.016	229
176.066	230
176.117	233
176.167	254
176.218	285
176.268	312
176.318	353
176.369	380
176.419	438
176.469	476
176.519	497
176.569	546
176.619	561
176.670	582
176.720	591
176.770	566
176.820	573
176.870	549
176.920	496
176.971	481
177.021	439
177.071	396
177.122	361
177.172	316
177.223	288
177.273	259
177.323	234
177.373	229
177.423	235
177.473	232
177.524	255
177.574	280
177.624	321
177.674	356
177.724	386
177.774	439
177.825	463
177.875	514
177.925	548
177.975	553
178.026	588
178.077	588
178.127	569
178.177	571
178.227	523
178.277	510
178.327	477
178.378	428
178.428	397
178.478	356
178.528	312
178.578	284
178.628	255
178.679	229
178.729	228
178.779	227
178.829	241
178.879	258
178.931	282
178.981	325
179.031	351
179.081	396
179.131	444
179.181	469
179.232	518
179.282	548
179.332	560
179.382	588
179.432	560
179.483	585
179.533	570
179.583	525
179.633	509
179.683	471
179.733	426
179.784	394
179.835	343
179.885	312
179.935	281
179.985	247
180.035	235
180.086	229
180.136	224
180.186	241
180.236	256
180.286	288
180.337	328
180.387	354
180.437	405
180.487	446
180.537	477
180.587	523
180.638	532
180.688	575
180.739	588
180.789	571
180.839	582
180.889	565
180.940	530
180.990	505
181.040	451
181.090	432
181.140	390
181.191	340
181.241	313
181.291	279
181.341	248
181.391	235
181.441	224
181.492	230
181.542	242
181.593	257
181.643	295
181.693	330
181.744	358
181.794	408
181.844	434
181.894	488
181.944	524
181.994	540
182.045	577
182.095	581
182.145	581
182.195	580
182.245	542
182.295	539
182.346	503
182.396	453
182.446	431
182.497	386
182.547	342
182.598	311
182.648	271
182.698	250
182.748	234
182.798	224
182.848	232
182.899	246
182.949	256
182.999	297
183.049	324
183.099	368
183.149	409
183.200	438
183.250	489
183.300	519
183.350	550
183.401	576
183.452	566
183.502	589
183.552	578
183.602	547
183.652	537
183.702	493
183.753	459
183.803	428
183.853	370
183.903	345
183.953	310
184.003	269
184.054	251
184.104	239
184.154	224
184.204	233
184.254	239
184.306	264
184.356	300
184.406	325
184.456	371
184.506	409
184.556	451
184.607	491
184.657	508
184.707	556
184.757	575
184.807	573
184.857	587
184.908	562
184.958	563
185.008	533
185.058	478
185.108	464
185.159	423
185.210	374
185.260	343
185.310	315
185.360	266
185.410	250
185.461	231
185.511	230
185.561	235
185.611	241
185.661	268
185.712	311
185.762	330
185.812	374
185.862	401
185.912	457
185.962	491
186.013	518
186.063	559
186.114	552
186.164	587
186.214	585
186.264	555
186.315	562
186.365	526
186.415	483
186.465	461
186.515	414
186.566	376
186.616	341
186.666	297
186.716	272
186.766	249
186.816	228
186.867	230
186.917	231
186.967	241
187.018	270
187.068	300
187.118	341
187.169	376
187.219	411
187.269	461
187.319	482
187.369	532
187.420	559
187.470	557
187.520	588
187.570	580
187.620	564
187.670	559
187.721	502
187.771	492
187.821	457
187.871	404
187.922	375
187.972	337
188.023	293
188.073	269
188.123	241
188.173	232
188.223	230
188.274	231
188.324	249
188.374	274
188.424	301
188.474	343
188.524	367
188.575	424
188.625	463
188.675	483
188.725	534
188.775	555
188.827	572
188.877	588
188.927	563
188.977	574
189.027	556
189.077	507
189.128	489
189.178	450
189.228	406
189.278	372
189.328	323
189.378	298
189.429	268
189.479	241
189.529	232
189.579	233
189.629	230
189.680	249
189.731	267
189.781	310
189.831	345
189.881	372
189.931	425
189.982	461
190.032	496
190.082	536
190.132	537
190.182	580
190.232	585
190.283	568
190.333	573
190.383	546
190.433	517
190.483	487
190.534	436
190.584	411
190.635	370
190.685	324
190.735	297
190.785	269
190.836	236
190.886	233
190.936	227
190.986	237
191.036	250
191.086	269
191.137	312
191.187	346
191.237	380
191.287	427
191.337	451
191.388	501
191.438	534
191.489	549
191.539	579
191.589	576
191.639	579
191.690	572
191.740	527
191.790	520
191.840	483
191.890	439
191.940	410
191.991	367
192.041	326
192.091	296
192.141	261
192.191	245
192.242	235
192.292	228
192.342	239
192.393	267
192.443	272
192.493	314
192.544	338
192.594	386
192.644	427
192.694	454
192.744	503
192.795	515
192.845	561
192.895	578
192.945	565
192.995	582
193.045	567
193.096	537
193.146	516
193.196	470
193.246	445
193.297	408
193.347	354
193.398	330
193.448	295
193.498	260
193.548	244
193.598	239
193.649	226
193.699	240
193.749	250
193.799	280
193.849	317
193.899	342
193.950	389
194.000	415
194.050	468
194.100	503
194.150	518
194.201	563
194.252	574
194.302	572
194.352	579
194.402	544
194.452	550
194.503	514
194.553	464
194.603	446
194.653	404
194.703	357
194.753	328
194.804	287
194.854	264
194.904	244
194.954	231
195.004	233
195.054	243
195.106	248
195.156	283
195.206	309
195.256	352
195.306	391
195.357	419
195.407	471
195.457	503
195.507	530
195.557	563
195.607	556
195.658	583
195.708	578
195.758	551
195.808	547
195.858	508
195.908	470
195.959	445
196.010	389
196.060	363
196.110	327
196.160	285
196.211	264
196.261	247
196.311	226
196.361	234
196.411	238
196.461	256
196.512	283
196.562	311
196.612	354
196.662	391
196.712	426
196.763	471
196.813	491
196.863	539
196.914	561
196.964	560
197.014	582
197.065	570
197.115	561
197.165	547
197.215	496
197.265	478
197.315	442
197.366	390
197.416	362
197.466	327
197.516	288
197.566	265
197.617	241
197.667	236
197.717	236
197.767	236
197.818	257
197.868	287
197.919	314
197.969	354
198.019	380
198.069	435
198.119	471
198.169	495
198.220	539
198.270	549
198.320	573
198.370	580
198.420	551
198.471	565
198.521	542
198.571	496
198.621	476
198.671	439
198.722	396
198.773	361
198.823	318
198.873	292
198.923	265
198.973	242
199.024	236
199.074	255
199.124	240
199.174	260
199.224	280
199.274	323
199.325	356
199.375	385
199.425	436
199.475	461
199.525	506
199.575	539
199.627	545
199.677	576
199.727	576
199.777	557
199.827	563
199.878	522
199.928	507
199.978	473
200.028	427
200.078	398
200.128	358
200.179	316
200.229	291
200.279	263
200.329	240
200.379	238
200.429	233
200.480	245
200.531	261
200.581	282
200.631	324
200.681	351
200.732	395
200.782	438
200.832	460
200.882	508
200.932	536
200.982	548
201.033	575
201.083	552
201.133	574
201.183	561
201.233	518
201.283	505
201.334	469
201.384	427
201.435	396
201.485	347
201.535	320
201.586	289
201.636	258
201.686	245
201.736	238
201.786	232
201.836	246
201.887	256
201.937	288
201.987	327
202.037	349
202.087	399
202.137	437
202.188	469
202.238	510
202.289	523
202.339	563
202.389	575
202.440	558
202.490	572
202.540	556
202.590	527
202.640	505
202.690	453
202.741	435
202.791	395
202.841	347
202.891	320
202.941	290
202.992	257
203.042	245
203.092	234
203.142	239
203.193	247
203.243	257
203.294	292
203.344	327
203.394	355
203.444	401
203.494	425
203.544	478
203.595	510
203.645	527
203.695	564
203.745	567
203.795	571
203.846	573
203.896	537
203.946	537
203.996	502
204.046	453
204.097	434
204.148	391
204.198	348
204.248	320
204.298	283
204.348	263
204.398	246
204.449	232
204.499	241
204.549	252
204.599	258
204.649	293
204.700	321
204.750	363
204.800	401
204.850	432
204.900	478
204.950	503
205.002	537
205.052	563
205.102	552
205.152	576
205.202	568
205.252	543
205.303	535
205.353	491
205.403	464
205.453	433
205.503	378
205.554	355
205.604	321
205.654	283
205.704	263
205.754	263
205.804	232
205.855	241
205.906	245
205.956	266
206.006	296
206.056	323
206.107	365
206.157	398
206.207	440
206.257	479
206.307	494
206.357	542
206.408	560
206.458	559
206.508	575
206.558	545
206.608	557
206.658	534
206.709	478
206.759	465
206.810	429
206.860	382
206.910	353
206.961	323
207.011	280
207.061	262
207.111	241
207.161	240
207.211	243
207.262	244
207.312	269
207.362	303
207.412	328
207.462	367
207.512	393
207.563	445
207.613	478
207.663	506
207.714	543
207.764	540
207.815	575
207.865	575
207.915	547
207.965	557
208.015	529
208.065	489
208.116	464
208.166	412
208.216	388
208.266	353
208.316	309
208.366	286
208.417	263
208.467	240
208.517	240
208.567	239
208.618	248
208.669	270
208.719	294
208.769	333
208.819	367
208.869	400
208.919	446
208.970	465
209.020	514
209.070	542
209.120	548
209.170	573
209.220	570
209.271	559
209.321	556
209.371	506
209.421	497
209.471	463
209.523	413
209.573	388
209.623	351
209.673	310
209.723	286
209.773	256
209.824	247
209.874	241
209.924	238
209.974	252
210.024	271
210.075	295
210.125	335
210.175	360
210.225	407
210.275	447
210.325	468
210.376	515
210.427	537
210.477	557
210.527	572
210.577	551
210.627	568
210.678	553
210.728	513
210.778	496
210.828	458
210.878	420
210.929	387
210.979	339
211.029	316
211.079	286
211.129	256
211.179	246
211.230	243
211.280	238
211.331	253
211.381	265
211.431	302
211.481	337
211.532	360
211.582	409
211.632	444
211.682	476
211.732	515
211.783	523
211.833	563
211.883	570
211.933	557
211.983	567
212.033	544
212.084	524
212.134	495
212.185	445
212.235	424
212.285	385
212.336	340
212.386	314
212.436	287
212.486	256
212.536	247
212.586	236
212.637	245
212.687	254
212.737	265
212.787	303
212.837	339
212.887	368
212.938	411
212.988	433
213.038	484
213.089	515
213.139	530
213.190	564
213.240	560
213.290	571
213.340	567
213.390	534
213.440	529
213.491	492
213.541	447
213.591	423
213.641	382
213.691	344
213.741	314
213.792	276
213.842	260
213.892	247
213.942	236
213.993	244
214.044	255
214.094	268
214.144	304
214.194	329
214.244	373
214.294	412
214.345	440
214.395	485
214.445	498
214.495	544
214.545	563
214.595	554
214.646	574
214.696	561
214.746	538
214.796	525
214.846	471
214.898	456
214.948	421
214.998	370
215.048	346
215.098	312
215.148	276
215.199	259
215.249	243
215.299	240
215.349	245
215.399	251
215.449	275
215.500	305
215.550	332
215.600	376
215.650	401
215.700	453
215.751	486
215.802	506
215.852	545
215.902	560
215.952	561
216.002	572
216.053	540
216.103	552
216.153	524
216.203	473
216.253	456
216.304	417
216.354	373
216.404	344
216.454	302
216.504	282
216.554	259
216.605	242
216.655	242
216.706	247
216.756	250
216.806	278
216.856	301
216.907	343
216.957	377
217.007	405
217.057	455
217.107	484
217.158	513
217.208	546
217.258	542
217.308	572
217.358	571
217.408	547
217.459	550
217.509	517
217.559	480
217.610	454
217.660	405
217.710	380
217.761	344
217.811	301
217.861	281
217.911	262
217.961	240
218.012	243
218.062	243
218.112	258
218.162	278
218.212	302
218.262	344
218.313	376
218.363	411
218.413	456
218.463	476
218.514	521
218.564	544
218.615	547
218.665	572
218.715	561
218.765	559
218.815	548
218.866	503
218.916	487
218.966	454
219.016	406
219.066	378
219.116	343
219.167	304
219.217	281
219.267	256
219.317	248
219.367	245
219.419	242
219.469	259
219.519	282
219.569	305
219.619	344
219.669	368
219.720	418
219.770	455
219.820	474
219.870	521
219.920	522
219.970	562
220.021	570
220.071	549
220.121	564
220.171	545
220.221	510
220.272	486
220.323	440
220.373	412
220.423	378
220.473	332
220.523	310
220.574	281
220.624	256
220.674	248
220.724	255
220.774	242
220.824	260
220.875	273
220.925	312
220.975	345
221.025	371
221.075	419
221.126	444
221.176	488
221.227	521
221.277	527
221.327	563
221.377	568
221.428	558
221.478	562
221.528	521
221.578	517
221.628	484
221.678	432
221.729	415
221.779	375
221.829	334
221.879	308
221.929	271
221.980	256
222.030	248
222.081	242
222.131	248
222.181	261
222.231	275
222.282	313
222.332	339
222.382	380
222.432	420
222.482	444
222.532	492
222.583	519
222.633	533
222.683	563
222.733	553
222.783	569
222.834	560
222.884	526
222.934	517
222.985	481
223.035	441
223.085	414
223.136	365
223.186	340
223.236	308
223.286	275
223.336	260
223.387	251
223.437	240
223.487	250
223.537	256
223.587	282
223.637	313
223.688	340
223.738	382
223.788	417
223.838	448
223.889	489
223.939	500
223.990	545
224.040	560
224.090	547
224.140	569
224.190	552
224.241	536
224.291	517
224.341	466
224.391	450
224.441	414
224.491	364
224.542	340
224.592	311
224.642	274
224.692	262
224.742	246
224.793	247
224.844	252
224.894	258
224.944	283
224.994	314
225.044	341
225.095	382
225.145	406
225.195	457
225.245	489
225.295	509
225.345	545
225.396	551
225.446	562
225.496	566
225.546	537
225.596	544
225.646	517
225.698	470
225.748	450
225.798	411
225.848	370
225.898	341
225.949	301
225.999	281
226.049	263
226.099	245
226.149	247
226.199	255
226.250	256
226.300	285
226.350	309
226.400	349
226.450	383
226.500	410
226.551	457
226.602	482
226.652	517
226.702	545
226.752	541
226.803	567
226.853	564
226.903	542
226.953	542
227.003	507
227.053	478
227.104	448
227.154	401
227.204	375
227.254	340
227.304	302
227.355	282
227.405	271
227.455	245
227.506	249
227.556	250
227.606	265
227.657	287
227.707	310
227.757	351
227.807	383
227.857	420
227.907	461
227.958	476
228.008	522
228.058	543
228.108	546
228.158	567
228.209	540
228.259	559
228.309	541
228.359	497
228.410	478
228.460	444
228.511	400
228.561	373
228.611	335
228.661	304
228.711	281
228.761	258
228.812	251
228.862	251
228.912	249
228.962	267
229.012	282
229.063	317
229.113	353
229.163	375
229.213	427
229.263	459
229.314	484
229.365	524
229.415	527
229.465	562
229.515	566
229.565	543
229.616	557
229.666	536
229.716	502
229.766	477
229.816	430
229.866	408
229.917	371
229.967	328
230.017	305
230.067	281
230.117	256
230.167	251
230.219	244
230.269	254
230.319	268
230.369	282
230.419	322
230.470	353
230.520	384
230.570	429
230.620	447
230.670	498
230.720	525
230.771	533
230.821	563
230.871	560
230.921	559
230.971	557
231.021	519
231.072	511
231.123	474
231.173	430
231.223	405
231.273	367
231.324	326
231.374	303
231.424	272
231.474	259
231.524	250
231.574	242
231.625	255
231.675	271
231.725	284
231.775	324
231.825	346
231.875	394
231.926	431
231.976	454
232.027	501
232.077	523
232.127	545
232.178	564
232.228	548
232.278	566
232.328	555
232.378	520
232.428	510
232.479	467
232.529	433
232.579	402
232.629	352
232.679	331
232.729	299
232.780	266
232.830	257
232.881	252
232.931	241
232.981	255
233.032	261
233.082	292
233.132	327
233.182	351
233.232	397
233.282	431
233.333	466
233.383	503
233.433	512
233.483	554
233.533	564
233.584	553
233.634	566
233.684	541
233.734	532
233.785	503
233.835	451
233.886	436
233.936	398
233.986	352
234.036	326
234.086	306
234.136	264
234.187	254
234.237	242
234.287	248
234.337	255
234.387	264
234.438	296
234.488	335
234.538	360
234.588	401
234.638	425
234.689	476
234.740	506
234.790	524
234.840	557
234.890	543
234.940	571
234.990	566
235.041	535
235.091	534
235.141	499
235.191	455
235.241	432
235.292	383
235.342	352
235.392	323
235.442	286
235.492	267
235.542	253
235.594	240
235.644	246
235.694	255
235.744	264
235.794	298
235.844	323
235.895	367
235.945	402
235.995	434
236.045	479
236.095	493
236.146	540
236.196	559
236.246	551
236.296	572
236.346	562
236.396	544
236.447	532
236.498	480
236.548	464
236.598	430
236.648	381
236.699	353
236.749	319
236.799	281
236.849	264
236.899	245
236.949	240
237.000	245
237.050	248
237.100	272
237.150	300
237.200	328
237.250	368
237.301	393
237.351	446
237.402	480
237.452	494
237.502	543
237.553	556
237.603	562
237.653	573
237.703	544
237.753	555
237.803	530
237.854	485
237.904	462
237.954	423
238.004	380
238.054	350
238.104	308
238.155	286
238.205	262
238.255	243
238.306	241
238.356	247
238.407	246
238.457	273
238.507	294
238.557	338
238.607	371
238.657	398
238.708	450
238.758	478
238.808	512
238.858	544
238.908	541
238.958	572
239.009	571
239.059	548
239.109	554
239.159	520
239.210	487
239.261	459
239.311	411
239.361	384
239.411	346
239.461	306
239.511	284
239.562	263
239.612	240
239.662	242
239.712	241
239.762	256
239.812	276
