#Creator: pendulumdriveEventBuffer
#Creation time: Tue Apr  4 15:26:34 2017
#Time	Pos
#[s]	[au]
0.050	251
0.100	292
0.150	327
0.200	355
0.250	405
0.301	432
0.352	482
0.402	518
0.452	528
0.502	569
0.553	571
0.603	571
0.653	570
0.703	527
0.753	527
0.803	490
0.854	441
0.904	417
0.954	373
1.004	328
1.054	301
1.104	260
1.155	243
1.205	228
1.256	217
1.306	227
1.356	243
1.407	256
1.457	295
1.507	318
1.557	365
1.607	407
1.657	436
1.708	485
1.758	510
1.808	545
1.858	569
1.908	557
1.959	578
2.009	566
2.059	538
2.109	525
2.160	479
2.210	449
2.261	414
2.311	360
2.361	334
2.411	299
2.461	261
2.511	242
2.562	242
2.612	216
2.662	227
2.712	234
2.762	263
2.813	298
2.863	324
2.913	369
2.963	403
3.013	448
3.064	488
3.115	503
3.165	550
3.215	566
3.265	562
3.315	577
3.365	544
3.416	553
3.466	519
3.516	465
3.566	451
3.616	409
3.667	360
3.717	331
3.767	291
3.817	258
3.867	241
3.917	222
3.969	224
4.019	231
4.069	234
4.119	265
4.169	295
4.219	330
4.270	373
4.320	400
4.370	456
4.420	487
4.470	514
4.521	552
4.571	547
4.621	579
4.671	575
4.721	546
4.771	549
4.822	512
4.873	470
4.923	447
4.973	392
5.023	364
5.074	327
5.124	287
5.174	262
5.224	239
5.274	222
5.324	224
5.375	226
5.425	242
5.475	268
5.525	294
5.575	338
5.625	374
5.676	410
5.726	458
5.777	473
5.827	527
5.877	553
5.928	553
5.978	579
6.028	569
6.078	555
6.128	547
6.178	494
6.229	479
6.279	444
6.329	389
6.379	362
6.429	325
6.479	284
6.530	259
6.580	233
6.630	226
6.681	225
6.731	226
6.782	244
6.832	271
6.882	300
6.932	340
6.982	367
7.032	422
7.083	460
7.133	481
7.183	531
7.233	548
7.283	567
7.333	579
7.384	551
7.434	565
7.484	543
7.534	494
7.585	475
7.636	435
7.686	392
7.736	357
7.786	311
7.836	286
7.886	255
7.937	228
7.987	224
8.037	229
8.087	224
8.137	246
8.187	269
8.238	310
8.288	345
8.338	372
8.388	427
8.438	457
8.490	496
8.540	534
8.590	542
8.640	575
8.690	577
8.740	559
8.791	564
8.841	514
8.891	504
8.941	471
8.991	421
9.042	393
9.092	353
9.142	308
9.192	282
9.242	255
9.292	226
9.343	223
9.394	219
9.444	232
9.494	250
9.544	272
9.594	314
9.645	351
9.695	386
9.745	432
9.795	454
9.845	507
9.896	537
9.946	547
9.996	577
10.046	550
10.096	572
10.146	560
10.197	514
10.247	501
10.298	464
10.348	417
10.398	388
10.448	347
10.499	304
10.549	276
10.599	241
10.649	229
10.699	223
10.750	218
10.800	233
10.850	247
10.900	280
10.950	318
11.000	346
11.051	395
11.101	435
11.152	462
11.202	512
11.252	520
11.303	567
11.353	578
11.403	560
11.453	573
11.503	556
11.553	519
11.604	497
11.654	443
11.704	424
11.754	382
11.804	331
11.854	306
11.905	271
11.955	236
12.005	227
12.056	216
12.106	220
12.157	235
12.207	246
12.257	289
12.307	323
12.357	348
12.407	402
12.458	426
12.508	480
12.558	516
12.608	529
12.658	569
12.708	574
12.759	569
12.809	572
12.859	533
12.909	527
12.960	491
13.011	441
13.061	418
13.111	373
13.161	326
13.211	298
13.261	259
13.312	239
13.362	224
13.412	214
13.462	224
13.512	239
13.562	248
13.613	294
13.663	317
13.713	364
13.763	409
13.813	438
13.865	487
13.915	517
13.965	546
14.015	573
14.065	561
14.115	581
14.166	569
14.216	536
14.266	523
14.316	481
14.366	444
14.416	412
14.467	353
14.517	329
14.567	292
14.617	254
14.667	235
14.718	223
14.769	212
14.819	223
14.869	232
14.919	262
14.969	300
15.020	322
15.070	371
15.120	411
15.170	452
15.220	493
15.271	508
15.321	558
15.371	574
15.421	566
15.471	582
15.521	552
15.572	549
15.622	517
15.673	461
15.723	447
15.773	404
15.823	352
15.874	323
15.924	297
15.974	248
16.024	231
16.074	215
16.125	217
16.175	226
16.225	232
16.275	267
16.325	310
16.375	332
16.426	378
16.476	408
16.526	463
16.577	498
16.627	519
16.677	562
16.728	555
16.778	585
16.828	581
16.878	549
16.928	547
16.979	509
17.029	463
17.079	441
17.129	391
17.179	348
17.229	318
17.280	273
17.330	249
17.380	230
17.430	210
17.481	217
17.531	223
17.582	234
17.632	271
17.682	298
17.732	343
17.782	383
17.833	417
17.883	467
17.933	480
17.983	540
18.033	565
18.083	561
18.134	586
18.184	576
18.234	555
18.284	543
18.334	481
18.386	471
18.436	435
18.486	378
18.536	349
18.586	312
18.636	268
18.687	245
18.737	221
18.787	212
18.837	218
18.887	222
18.937	244
18.988	278
19.038	305
19.088	348
19.138	377
19.188	435
19.239	472
19.290	493
19.340	545
19.390	563
19.440	573
19.490	585
19.541	555
19.591	565
19.641	536
19.691	484
19.741	466
19.791	426
19.842	378
19.892	343
19.942	297
19.992	269
20.042	242
20.093	217
20.143	214
20.194	220
20.244	220
20.294	247
20.344	272
20.395	318
20.445	353
20.495	385
20.545	441
20.595	474
20.645	507
20.696	548
20.746	551
20.796	584
20.846	584
20.896	559
20.947	563
20.997	526
21.048	488
21.098	462
21.148	403
21.198	378
21.249	337
21.299	291
21.349	264
21.399	239
21.449	212
21.499	214
21.550	213
21.600	229
21.650	252
21.700	279
21.750	322
21.801	357
21.851	397
21.901	447
21.952	465
22.002	522
22.052	552
22.103	559
22.153	586
22.203	573
22.253	569
22.303	559
22.354	506
22.404	492
22.454	455
22.504	404
22.554	371
22.604	331
22.655	288
22.705	259
22.755	229
22.805	217
22.856	214
22.906	212
22.957	231
23.007	261
23.057	284
23.107	327
23.157	351
23.208	410
23.258	452
23.308	475
23.358	527
23.408	535
23.458	577
23.509	586
23.559	564
23.609	574
23.659	554
23.709	509
23.760	486
23.811	437
23.861	406
23.911	365
23.961	316
24.011	288
24.062	255
24.112	224
24.162	216
24.212	223
24.262	212
24.312	234
24.363	251
24.413	296
24.463	331
24.513	360
24.563	416
24.613	439
24.665	494
24.715	532
24.765	540
24.815	580
24.865	583
24.916	567
24.966	572
25.016	522
25.066	517
25.116	481
25.166	431
25.217	403
25.267	358
25.317	312
25.367	282
25.417	246
25.467	224
25.518	213
25.569	208
25.619	222
25.669	237
25.719	256
25.770	303
25.820	326
25.870	376
25.920	422
25.970	447
26.020	502
26.071	533
26.121	556
26.171	583
26.221	564
26.271	584
26.322	569
26.372	529
26.422	512
26.473	472
26.523	430
26.573	396
26.624	342
26.674	314
26.724	277
26.774	238
26.824	224
26.874	215
26.925	208
26.975	222
27.025	233
27.075	270
27.125	308
27.176	331
27.226	385
27.276	425
27.326	464
27.377	508
27.427	522
27.478	568
27.528	583
27.578	567
27.628	582
27.678	559
27.728	533
27.779	505
27.829	451
27.879	432
27.929	387
27.979	333
28.030	306
28.080	271
28.130	232
28.180	219
28.230	206
28.281	213
28.332	226
28.382	237
28.432	277
28.482	315
28.532	342
28.583	392
28.633	422
28.683	477
28.733	514
28.783	535
28.833	574
28.884	572
28.934	585
28.984	581
29.034	541
29.084	537
29.134	498
29.186	448
29.236	426
29.286	377
29.336	332
29.386	299
29.437	256
29.487	236
29.537	217
29.587	202
29.637	213
29.687	243
29.738	240
29.788	283
29.838	309
29.888	356
29.938	399
29.988	432
30.039	483
30.090	499
30.140	552
30.190	576
30.240	561
30.291	588
30.341	574
30.391	546
30.441	531
30.491	472
30.541	455
30.592	417
30.642	359
30.692	330
30.742	292
30.792	251
30.842	230
30.893	223
30.943	200
30.994	215
31.044	224
31.094	251
31.145	289
31.195	316
31.245	363
31.295	399
31.345	449
31.395	491
31.446	510
31.496	561
31.546	577
31.596	577
31.646	588
31.696	552
31.747	558
31.797	524
31.848	467
31.898	451
31.948	406
31.999	353
32.049	322
32.099	276
32.149	244
32.199	225
32.249	206
32.300	208
32.350	217
32.400	224
32.450	258
32.500	287
32.551	329
32.601	371
32.651	404
32.701	461
32.752	496
32.802	526
32.853	567
32.903	557
32.953	593
33.003	588
33.053	552
33.103	553
33.154	511
33.204	467
33.254	444
33.304	387
33.354	353
33.405	314
33.455	270
33.505	244
33.555	222
33.605	202
33.656	209
33.707	212
33.757	232
33.807	265
33.857	295
33.907	337
33.957	379
34.008	420
34.058	468
34.108	491
34.158	544
34.208	570
34.259	564
34.309	592
34.359	581
34.409	561
34.459	547
34.509	490
34.561	473
34.611	436
34.661	377
34.711	346
34.761	307
34.811	262
34.862	238
34.912	212
34.962	206
35.012	210
35.062	213
35.113	237
35.163	273
35.213	304
35.263	345
35.313	373
35.363	436
35.414	475
35.465	497
35.515	550
35.565	568
35.615	584
35.666	592
35.716	563
35.766	571
35.816	540
35.866	489
35.916	467
35.967	423
36.017	376
36.067	338
36.117	291
36.167	262
36.217	234
36.268	208
36.318	205
36.369	213
36.419	216
36.469	241
36.520	269
36.570	316
36.620	351
36.670	386
36.720	443
36.770	472
36.821	519
36.871	555
36.921	557
36.971	592
37.021	589
37.071	561
37.122	566
37.172	512
37.222	493
37.273	460
37.323	403
37.374	372
37.424	330
37.474	282
37.524	255
37.574	239
37.624	202
37.675	205
37.725	204
37.775	225
37.825	249
37.875	280
37.925	323
37.976	351
38.026	402
38.076	451
38.126	472
38.177	530
38.228	559
38.278	567
38.328	594
38.378	562
38.428	579
38.478	560
38.529	505
38.579	487
38.629	450
38.679	397
38.729	362
38.779	312
38.830	280
38.880	247
38.930	217
38.980	207
39.030	207
39.082	206
39.132	228
39.182	249
39.232	292
39.282	330
39.332	361
39.383	419
39.433	458
39.483	488
39.533	539
39.583	551
39.634	589
39.684	594
39.734	570
39.784	575
39.834	549
39.884	506
39.935	480
39.986	426
40.036	396
40.086	352
40.136	302
40.186	273
40.237	241
40.287	208
40.337	204
40.387	200
40.437	214
40.488	231
40.538	256
40.588	302
40.638	338
40.688	372
40.738	429
40.789	455
40.839	510
40.890	546
40.940	557
40.990	592
41.040	589
41.091	578
41.141	573
41.191	523
41.241	510
41.291	471
41.342	418
41.392	388
41.442	342
41.492	294
41.542	264
41.592	227
41.643	211
41.693	202
41.744	198
41.794	217
41.844	237
41.895	262
41.945	309
41.995	332
42.045	392
42.095	438
42.145	464
42.196	520
42.246	547
42.296	572
42.346	594
42.396	572
42.446	585
42.497	568
42.547	520
42.597	502
42.648	460
42.698	418
42.749	377
42.799	321
42.849	294
42.899	257
42.949	219
42.999	208
43.050	206
43.100	200
43.150	219
43.200	232
43.250	280
43.300	315
43.351	340
43.401	401
43.451	441
43.501	482
43.552	527
43.603	541
43.653	583
43.703	593
43.753	576
43.803	581
43.853	551
43.904	528
43.954	494
44.004	439
44.054	416
44.104	367
44.154	318
44.205	287
44.255	262
44.305	212
44.355	205
44.405	196
44.457	206
44.507	223
44.557	240
44.607	285
44.657	327
44.707	356
44.758	410
44.808	435
44.858	494
44.908	531
44.958	550
45.008	587
45.059	564
45.109	595
45.159	578
45.209	541
45.259	524
45.310	484
45.361	439
45.411	407
45.461	351
45.511	312
45.561	279
45.612	236
45.662	218
45.712	205
45.762	194
45.812	208
45.863	221
45.913	248
45.963	292
46.013	318
46.063	370
46.113	417
46.164	451
46.214	503
46.265	516
46.315	572
46.365	590
46.415	571
46.466	593
46.516	572
46.566	543
46.616	519
46.666	461
46.717	443
46.767	398
46.817	341
46.867	311
46.917	271
46.967	232
47.018	214
47.068	196
47.118	200
47.169	210
47.219	221
47.269	261
47.320	299
47.370	326
47.420	379
47.470	413
47.520	468
47.571	509
47.621	528
47.671	575
47.721	584
47.771	590
47.821	591
47.872	549
47.922	550
47.972	511
48.022	457
48.073	437
48.123	388
48.174	336
48.224	305
48.274	259
48.324	232
48.374	211
48.425	196
48.475	201
48.525	217
48.575	224
48.625	265
48.675	295
48.726	340
48.776	385
48.826	417
48.876	474
48.926	508
48.978	543
49.028	577
49.078	564
49.128	597
49.178	588
49.228	554
49.279	545
49.329	498
49.379	464
49.429	431
49.479	370
49.529	339
49.580	300
49.630	256
49.680	229
49.730	215
49.780	192
49.831	203
49.882	212
49.932	235
49.982	272
50.032	298
50.082	346
50.133	388
50.183	432
50.233	480
50.283	500
50.333	555
50.383	578
50.434	574
50.484	595
50.534	567
50.584	567
50.634	538
50.685	479
50.735	466
50.786	423
50.836	367
50.886	333
50.936	295
50.987	248
51.037	226
51.087	203
51.137	200
51.187	206
51.237	212
51.288	240
51.338	294
51.388	308
51.438	352
51.488	387
51.539	446
51.589	483
51.640	512
51.690	560
51.740	553
51.790	594
51.841	595
51.891	558
51.941	567
51.991	529
52.041	481
52.091	461
52.142	409
52.192	365
52.242	328
52.292	279
52.342	250
52.393	223
52.443	200
52.493	200
52.544	221
52.594	212
52.644	244
52.695	272
52.745	318
52.795	357
52.845	395
52.895	451
52.946	471
52.996	532
53.046	562
53.096	563
53.146	596
53.196	588
53.247	566
53.297	564
53.347	500
53.397	491
53.448	455
53.498	399
53.549	364
53.599	323
53.649	274
53.699	247
53.749	217
53.800	200
53.850	201
53.900	203
53.950	223
54.000	250
54.050	280
54.101	324
54.151	350
54.201	410
54.251	455
54.301	478
54.352	534
54.403	560
54.453	573
54.503	596
54.553	564
54.603	578
54.654	558
54.704	506
54.754	487
54.804	447
54.854	396
54.904	359
54.955	308
55.005	279
55.055	244
55.105	214
55.155	204
55.205	205
55.257	201
55.307	225
55.357	247
55.407	292
55.457	327
55.508	356
55.558	417
55.608	454
55.658	489
55.708	538
55.758	542
55.809	587
55.859	592
55.909	568
55.959	577
56.009	549
56.059	511
56.110	482
56.161	428
56.211	402
56.261	354
56.311	304
56.362	275
56.412	245
56.462	209
56.512	204
56.562	201
56.612	211
56.663	228
56.713	252
56.763	296
56.813	331
56.863	369
56.914	422
56.964	445
57.014	505
57.065	540
57.115	553
57.165	588
57.216	581
57.266	585
57.316	574
57.366	528
57.416	515
57.466	477
57.517	426
57.567	395
57.617	350
57.667	304
57.717	271
57.768	233
57.818	216
57.868	205
57.918	200
57.969	214
58.019	247
58.070	256
58.120	301
58.170	326
58.220	382
58.270	426
58.320	455
58.371	508
58.421	525
58.471	572
58.521	589
58.571	570
58.622	589
58.672	570
58.722	533
58.772	510
58.822	459
58.873	432
58.924	390
58.974	336
59.024	305
59.074	267
59.124	228
59.175	215
59.225	207
59.275	200
59.325	217
59.375	228
59.425	270
59.476	306
59.526	333
59.576	387
59.626	415
59.676	474
59.726	514
59.778	532
59.828	576
59.878	586
59.928	580
59.978	587
60.029	546
60.079	543
60.129	505
60.179	449
60.229	430
60.279	381
60.330	330
60.380	300
60.430	254
60.480	229
60.530	212
60.580	198
60.631	205
60.682	221
60.732	230
60.782	273
60.832	302
60.883	346
60.933	393
60.983	422
61.033	479
61.083	516
61.133	543
61.184	577
61.234	567
61.284	594
61.334	582
61.384	545
61.434	538
61.485	496
61.535	454
61.586	425
61.636	364
61.686	335
61.737	297
61.787	252
61.837	229
61.887	214
61.937	198
61.987	207
62.038	215
62.088	240
62.138	280
62.188	305
62.238	352
62.288	395
62.339	436
62.389	482
62.440	500
62.490	556
62.540	578
62.591	575
62.641	593
62.691	571
62.741	559
62.791	534
62.841	477
62.892	461
62.942	420
62.992	360
63.042	332
63.092	294
63.143	248
63.193	228
63.243	207
63.293	204
63.344	210
63.394	216
63.445	245
63.495	283
63.545	312
63.595	357
63.645	388
63.695	448
63.746	485
63.796	509
63.846	559
63.896	570
63.946	587
63.997	590
64.047	553
64.097	564
64.147	528
64.197	474
64.248	457
64.299	410
64.349	361
64.399	327
64.449	279
64.499	252
64.549	227
64.600	204
64.650	204
64.700	218
64.750	218
64.800	249
64.851	278
64.901	324
64.951	361
65.001	397
65.051	454
65.101	477
65.153	526
65.203	561
65.253	558
65.303	592
65.353	587
65.403	559
65.454	559
65.504	500
65.554	485
65.604	452
65.654	394
65.705	363
65.755	322
65.805	276
65.855	247
65.905	223
65.955	200
66.006	205
66.057	208
66.107	227
66.157	255
66.207	282
66.258	329
66.308	365
66.358	410
66.408	458
66.458	478
66.508	535
66.559	561
66.609	570
66.659	593
66.709	556
66.759	575
66.809	554
66.860	502
66.910	483
66.961	444
67.011	392
67.061	356
67.112	309
67.162	272
67.212	245
67.262	214
67.312	206
67.362	207
67.413	205
67.463	229
67.513	252
67.563	296
67.613	333
67.663	363
67.714	421
67.764	460
67.814	492
67.865	540
67.915	546
67.966	587
68.016	592
68.066	567
68.116	574
68.166	546
68.216	505
68.267	478
68.317	425
68.367	396
68.417	351
68.467	302
68.517	273
68.568	242
68.618	212
68.668	206
68.718	201
68.769	215
68.820	233
68.870	256
68.920	301
68.970	337
69.020	369
69.070	426
69.121	449
69.171	507
69.221	542
69.271	555
69.321	587
69.371	583
69.422	578
69.472	572
69.522	522
69.572	511
69.622	473
69.674	421
69.724	392
69.774	347
69.824	300
69.874	270
69.924	233
69.975	217
70.025	206
70.075	202
70.125	218
70.175	238
70.226	260
70.276	305
70.326	330
70.376	384
70.426	429
70.476	455
70.527	509
70.578	537
70.628	566
70.678	587
70.728	562
70.778	586
70.829	569
70.879	524
70.929	507
70.979	462
71.029	428
71.080	388
71.130	331
71.180	305
71.230	267
71.280	230
71.330	217
71.381	215
71.431	201
71.482	219
71.532	230
71.582	272
71.632	309
71.683	332
71.733	388
71.783	428
71.833	468
71.883	513
71.934	527
71.984	573
72.034	585
72.084	572
72.134	582
72.184	547
72.235	538
72.285	504
72.336	448
72.386	429
72.436	383
72.487	330
72.537	302
72.587	278
72.637	229
72.687	216
72.737	205
72.788	210
72.838	223
72.888	232
72.938	275
72.988	317
73.038	344
73.089	392
73.139	421
73.189	476
73.240	513
73.290	536
73.341	573
73.391	559
73.441	589
73.491	579
73.541	540
73.591	535
73.642	497
73.692	452
73.742	425
73.792	367
73.842	334
73.892	299
73.943	256
73.993	234
74.043	217
74.093	201
74.144	211
74.195	223
74.245	236
74.295	280
74.345	306
74.395	352
74.445	395
74.496	431
74.546	480
74.596	499
74.646	552
74.696	573
74.746	563
74.797	588
74.847	571
74.897	551
74.947	533
74.997	473
75.049	459
75.099	421
75.149	361
75.199	333
75.249	295
75.299	256
75.350	232
75.400	211
75.450	208
75.500	213
75.550	220
75.600	246
75.651	284
75.701	313
75.751	356
75.801	387
75.851	444
75.902	483
75.953	504
76.003	554
76.053	569
76.103	575
76.153	587
76.204	552
76.254	561
76.304	527
76.354	475
76.404	457
76.455	413
76.505	364
76.555	330
76.605	285
76.655	256
76.705	231
76.756	208
76.806	208
76.857	217
76.907	220
76.957	249
77.007	279
77.058	322
77.108	360
77.158	393
77.208	449
77.258	482
77.309	517
77.359	555
77.409	547
77.459	587
77.509	583
77.559	555
77.610	558
77.660	515
77.710	482
77.761	453
77.811	397
77.861	367
77.912	327
77.962	281
78.012	254
78.062	231
78.112	208
78.163	209
78.213	211
78.263	229
78.313	254
78.363	283
78.413	326
78.464	363
78.514	404
78.564	452
78.614	472
78.665	528
78.715	556
78.766	560
78.816	586
78.866	558
78.916	570
78.966	555
79.017	502
79.067	484
79.117	447
79.167	393
79.217	362
79.267	325
79.318	277
79.368	251
79.418	221
79.468	212
79.518	211
79.570	210
79.620	230
79.670	255
79.720	288
79.770	330
79.820	358
79.871	415
79.921	455
79.971	483
80.021	532
80.071	540
80.121	579
80.172	587
80.222	561
80.272	571
80.322	548
80.372	505
80.423	480
80.474	431
80.524	396
80.574	357
80.624	308
80.674	281
80.725	248
80.775	218
80.825	211
80.875	207
80.925	212
80.975	233
81.026	253
81.076	299
81.126	333
81.176	364
81.226	421
81.277	442
81.327	500
81.378	536
81.428	544
81.478	581
81.528	582
81.579	567
81.629	569
81.679	519
81.729	511
81.779	476
81.829	425
81.880	396
81.930	351
81.980	306
82.030	276
82.080	238
82.131	220
82.181	211
82.232	206
82.282	219
82.332	237
82.382	258
82.433	303
82.483	328
82.533	378
82.583	425
82.633	450
82.683	505
82.734	534
82.784	555
82.834	582
82.884	556
82.934	581
82.985	566
83.035	521
83.085	507
83.136	467
83.186	426
83.236	389
83.287	334
83.337	308
83.387	271
83.437	235
83.487	220
83.538	212
83.588	204
83.638	221
83.688	232
83.738	271
83.788	308
83.839	332
83.889	386
83.939	427
83.989	464
84.040	509
84.090	522
84.141	569
84.191	582
84.241	566
84.291	580
84.341	558
84.392	531
84.442	503
84.492	451
84.542	429
84.592	384
84.642	332
84.693	304
84.743	269
84.793	232
84.843	218
84.893	206
84.944	211
84.995	223
85.045	235
85.095	276
85.145	311
85.195	340
85.246	392
85.296	419
85.346	476
85.396	512
85.446	531
85.496	571
85.547	569
85.597	583
85.647	577
85.697	539
85.747	535
85.797	497
85.849	445
85.899	424
85.949	377
85.999	330
86.049	299
86.100	254
86.150	235
86.200	217
86.250	201
86.300	212
86.350	239
86.401	237
86.451	281
86.501	305
86.551	352
86.601	396
86.651	429
86.702	479
86.753	498
86.803	549
86.853	572
86.903	560
86.954	585
87.004	572
87.054	548
87.104	530
87.154	477
87.204	456
87.255	419
87.305	360
87.355	332
87.405	295
87.455	252
87.506	232
87.556	215
87.606	202
87.657	214
87.707	220
87.757	248
87.808	285
87.858	310
87.908	357
87.958	387
88.008	444
88.058	483
88.109	502
88.159	553
88.209	570
88.259	573
88.309	584
88.360	547
88.410	560
88.460	525
88.510	468
88.561	455
88.611	412
88.662	358
88.712	329
88.762	284
88.812	252
88.862	230
88.912	208
88.963	209
89.013	218
89.063	224
89.113	253
89.163	279
89.214	322
89.264	362
89.314	394
89.364	450
89.414	484
89.465	516
89.516	556
89.566	557
89.616	586
89.666	583
89.716	550
89.767	557
89.817	517
89.867	475
89.917	451
89.967	393
90.017	364
90.068	325
90.118	280
90.168	253
90.218	231
90.268	208
90.318	210
90.370	213
90.420	230
90.470	255
90.520	283
90.570	328
90.621	365
90.671	405
90.721	454
90.771	472
90.821	529
90.871	556
90.922	559
90.972	586
91.022	572
91.072	564
91.122	554
91.172	498
91.223	482
91.274	445
91.324	392
91.374	360
91.424	319
91.475	274
91.525	250
91.575	221
91.625	212
91.675	212
91.725	212
91.776	231
91.826	263
91.876	288
91.926	332
91.976	357
92.026	417
92.077	457
92.127	482
92.178	533
92.228	549
92.278	573
92.329	585
92.379	557
92.429	569
92.479	546
92.529	496
92.579	477
92.630	435
92.680	392
92.730	354
92.780	305
92.830	279
92.880	245
92.931	217
92.981	210
93.032	223
93.082	212
93.132	234
93.183	258
93.233	301
93.283	335
93.333	366
93.383	421
93.433	450
93.484	498
93.534	536
93.584	545
93.634	580
93.684	582
93.735	565
93.785	567
93.835	514
93.885	507
93.936	472
93.986	418
94.037	393
94.087	349
94.137	304
94.187	273
94.237	255
94.287	212
94.338	210
94.388	206
94.438	220
94.488	237
94.538	260
94.589	305
94.639	331
94.689	380
94.739	428
94.789	451
94.840	506
94.891	539
94.941	553
94.991	582
95.041	560
95.091	583
95.141	566
95.192	521
95.242	505
95.292	464
95.342	418
95.392	387
95.443	332
95.493	304
95.543	269
95.593	232
95.643	219
95.693	211
95.745	205
95.795	222
95.845	234
95.895	272
95.945	310
95.995	333
96.046	389
96.096	431
96.146	462
96.196	511
96.246	520
96.297	570
96.347	584
96.397	567
96.447	577
96.497	558
96.547	526
96.598	499
96.649	440
96.699	425
96.749	380
96.799	329
96.850	300
96.900	263
96.950	227
97.000	217
97.050	207
97.100	211
97.151	224
97.201	236
97.251	280
97.301	314
97.351	342
97.401	396
97.452	421
97.502	478
97.553	516
97.603	531
97.653	573
97.704	576
97.754	577
97.804	574
97.854	541
97.904	530
97.954	492
98.005	443
98.055	418
98.105	371
98.155	324
98.205	294
98.255	251
98.306	230
98.356	215
98.406	202
98.457	212
98.507	228
98.558	240
98.608	284
98.658	307
98.708	357
98.758	401
98.808	432
98.859	485
98.909	513
98.959	550
99.009	575
99.059	558
99.109	587
99.160	571
99.210	540
99.260	525
99.310	477
99.361	448
99.412	413
99.462	355
99.512	326
99.562	288
99.612	245
99.662	227
99.713	231
99.763	200
99.813	213
99.863	221
99.913	252
99.963	289
100.014	315
100.064	363
100.114	403
100.164	449
100.214	490
100.266	507
100.316	558
100.366	576
100.416	574
100.466	586
100.516	544
100.567	555
100.617	520
100.667	464
100.717	449
100.767	405
100.818	352
100.868	321
100.918	287
100.968	240
101.018	225
101.068	205
101.119	205
101.170	217
101.220	222
101.270	255
101.320	287
101.370	322
101.421	369
101.471	399
101.521	458
101.571	493
101.621	522
101.672	563
101.722	558
101.772	589
101.822	583
101.872	541
101.922	551
101.973	511
102.023	466
102.074	442
102.124	383
102.174	352
102.224	315
102.275	270
102.325	244
102.375	222
102.425	202
102.475	207
102.526	214
102.576	226
102.626	262
102.676	292
102.726	335
102.776	375
102.827	412
102.877	464
102.928	480
102.978	540
103.028	565
103.079	562
103.129	588
103.179	576
103.229	556
103.279	545
103.329	485
103.380	472
103.430	435
103.480	377
103.530	346
103.580	308
103.630	262
103.681	237
103.731	213
103.781	206
103.832	208
103.882	213
103.933	235
103.983	270
104.033	298
104.083	342
104.133	372
104.183	431
104.234	472
104.284	492
104.334	546
104.384	564
104.434	576
104.484	589
104.535	551
104.585	567
104.635	537
104.685	483
104.736	465
104.787	423
104.837	372
104.887	337
104.937	290
104.987	262
105.037	233
105.088	210
105.138	205
105.188	213
105.238	212
105.288	239
105.338	266
105.389	313
105.439	349
105.489	382
105.539	440
105.589	473
105.641	511
105.691	552
105.741	556
105.791	589
105.841	587
105.891	562
105.942	564
105.992	521
106.042	489
106.092	460
106.142	401
106.192	373
106.243	331
106.293	284
106.343	256
106.393	233
106.443	202
106.494	203
106.545	204
106.595	221
106.645	244
106.695	272
106.745	318
106.796	355
106.846	396
106.896	446
106.946	466
106.996	525
107.047	554
107.097	563
107.147	590
107.197	563
107.247	575
107.297	561
107.348	501
107.398	489
107.449	453
107.499	401
107.549	366
107.599	327
107.650	280
107.700	250
107.750	220
107.800	207
107.850	204
107.901	204
107.951	224
108.001	255
108.051	280
108.101	323
108.151	350
108.202	409
108.252	450
108.302	476
108.353	531
108.403	536
108.453	581
108.504	590
108.554	565
108.604	575
108.654	553
108.704	508
108.755	484
108.805	431
108.855	403
108.905	359
108.955	308
109.005	281
109.056	246
109.106	214
109.156	206
109.206	202
109.257	208
109.307	227
109.358	248
109.408	292
109.458	327
109.508	358
109.558	417
109.609	440
109.659	497
109.709	535
109.759	545
109.809	583
109.859	584
109.910	575
109.960	572
110.010	524
110.060	515
110.110	478
110.162	427
110.212	397
110.262	351
110.312	304
110.362	273
110.412	233
110.463	216
110.513	205
110.563	199
110.613	213
110.663	233
110.713	256
110.764	299
110.814	322
110.864	377
110.914	424
110.964	450
111.015	505
111.066	535
111.116	560
111.166	586
111.216	563
111.266	584
111.317	568
111.367	522
111.417	507
111.467	465
111.517	425
111.567	387
111.618	330
111.668	303
111.718	266
111.768	226
111.818	212
111.869	207
111.919	196
111.970	217
112.020	227
112.070	270
112.120	308
112.171	334
112.221	388
112.271	432
112.321	468
112.371	515
112.421	530
112.472	576
112.522	587
112.572	570
112.622	582
112.672	558
112.723	529
112.773	498
112.824	442
112.874	422
112.924	374
112.974	320
113.025	292
113.075	255
113.125	218
113.175	207
113.225	195
113.275	205
113.326	221
113.376	233
113.426	279
113.476	317
113.526	348
113.577	400
113.627	430
113.677	486
113.728	524
113.778	539
113.828	581
113.879	576
113.929	588
113.979	575
114.029	535
114.079	527
114.130	486
114.180	437
114.230	411
114.280	361
114.330	314
114.380	282
114.431	239
114.481	218
114.531	204
114.581	194
114.632	206
114.682	239
114.733	242
114.783	288
114.833	315
114.883	366
114.933	413
114.984	446
115.034	498
115.084	513
115.134	567
115.184	586
115.234	567
115.285	590
115.335	568
115.385	538
115.435	517
115.485	461
115.536	440
115.587	396
115.637	340
115.687	309
115.737	271
115.787	228
115.838	212
115.888	195
115.938	192
115.988	210
116.038	221
116.088	259
116.139	299
116.189	324
116.239	378
116.289	408
116.339	468
116.389	508
116.441	529
116.491	574
116.541	586
116.591	579
116.641	588
116.692	544
116.742	547
116.792	507
116.842	453
116.892	431
116.942	382
116.993	330
117.043	299
117.093	253
117.143	228
117.193	207
117.243	192
117.294	200
117.345	215
117.395	224
117.445	269
117.495	299
117.546	344
117.596	391
117.646	425
117.696	479
117.746	513
117.796	544
117.847	580
117.897	572
117.947	595
117.997	580
118.047	549
118.098	537
118.148	492
118.198	453
118.249	420
118.299	360
118.349	328
118.400	288
118.450	242
118.500	220
118.550	207
118.600	192
118.650	202
118.701	212
118.751	238
118.801	279
118.851	304
118.901	354
118.952	399
119.002	441
119.052	490
119.102	505
119.153	563
119.203	583
119.254	578
119.304	594
119.354	566
119.404	556
119.454	527
119.504	466
119.555	453
119.605	408
119.655	352
119.705	320
119.755	281
119.806	234
119.856	215
119.906	194
119.956	195
120.006	205
120.057	214
120.108	248
120.158	287
120.208	316
120.258	365
120.308	399
120.359	458
120.409	497
120.459	522
120.509	569
120.559	562
120.609	596
120.660	593
120.710	554
120.760	557
120.810	516
120.860	464
120.910	443
120.962	391
121.012	344
121.062	309
121.112	261
121.162	234
121.213	211
121.263	192
121.313	196
121.363	223
121.413	216
121.463	257
121.514	285
121.564	332
121.614	374
121.664	415
121.714	469
121.764	491
121.815	547
121.866	575
121.916	567
121.966	599
122.016	587
122.067	557
122.117	549
122.167	489
122.217	469
122.267	434
122.317	372
122.368	341
122.418	300
122.468	256
122.518	227
122.568	203
122.618	192
122.669	197
122.719	202
122.770	228
122.820	265
122.870	294
122.921	340
122.971	371
123.021	434
123.071	476
123.121	497
123.171	554
123.222	575
123.272	582
123.322	598
123.372	564
123.422	573
123.472	542
123.523	480
123.573	466
123.624	423
123.674	368
123.724	332
123.775	283
123.825	250
123.875	222
123.925	197
123.975	193
124.025	199
124.076	206
124.126	232
124.176	264
124.226	310
124.276	348
124.327	380
124.377	443
124.427	479
124.477	514
124.528	560
124.578	561
124.629	598
124.679	596
124.729	560
124.779	568
124.829	527
124.879	486
124.930	460
124.980	400
125.030	368
125.080	325
125.130	275
125.181	245
125.231	220
125.281	192
125.331	193
125.381	195
125.432	216
125.483	241
125.533	269
125.583	317
125.633	355
125.683	396
125.733	451
125.784	472
125.834	534
125.884	564
125.934	567
125.984	599
126.035	585
126.085	570
126.135	561
126.185	503
126.235	487
126.285	450
126.337	391
126.387	357
126.437	315
126.487	268
126.537	238
126.587	208
126.638	196
126.688	195
126.738	196
126.788	219
126.838	251
126.889	278
126.939	324
126.989	353
127.039	415
127.089	459
127.139	487
127.190	541
127.241	559
127.291	586
127.341	600
127.391	571
127.442	578
127.492	555
127.542	501
127.592	481
127.642	436
127.692	392
127.743	349
127.793	296
127.843	267
127.893	233
127.943	202
127.993	193
128.044	215
128.094	198
128.145	222
128.195	247
128.245	294
128.296	331
128.346	364
128.396	425
128.446	453
128.496	507
128.546	547
128.597	550
128.647	594
128.697	595
128.747	574
128.797	575
128.847	523
128.898	510
128.948	474
128.998	417
129.049	388
129.099	340
129.150	290
129.200	259
129.250	223
129.300	196
129.350	194
129.400	190
129.451	207
129.501	228
129.551	256
129.601	300
129.651	331
129.701	384
129.752	434
129.802	457
129.852	517
129.902	549
129.953	565
130.004	595
130.054	566
130.104	591
130.154	571
130.204	521
130.254	505
130.305	464
130.355	416
130.405	378
130.455	321
130.505	290
130.555	252
130.606	216
130.656	201
130.706	195
130.756	192
130.806	210
130.858	226
130.908	268
130.958	308
131.008	335
131.058	394
131.108	438
131.159	474
131.209	525
131.259	536
131.309	585
131.359	597
131.410	574
131.460	584
131.510	562
131.560	526
131.610	497
131.660	439
131.711	417
131.762	368
131.812	315
131.862	284
131.912	247
131.962	210
132.013	198
132.063	188
132.113	198
132.163	215
132.213	231
132.264	278
132.314	315
132.364	346
132.414	404
132.464	432
132.514	491
132.565	531
132.615	545
132.666	587
132.716	590
132.766	588
132.816	581
132.867	537
132.917	529
132.967	488
133.017	438
133.067	408
133.118	357
133.168	308
133.218	276
133.268	234
133.318	212
133.368	197
133.419	187
133.469	200
133.520	221
133.570	237
133.620	284
133.671	310
133.721	364
133.771	413
133.821	446
133.871	499
133.921	530
133.972	565
134.022	591
134.072	575
134.122	595
134.172	576
134.222	541
134.273	520
134.323	472
134.373	439
134.424	398
134.474	340
134.525	309
134.575	268
134.625	228
134.675	208
134.725	199
134.775	184
134.826	202
134.876	216
134.926	253
134.976	293
135.026	320
135.076	374
135.127	415
135.177	463
135.227	507
135.277	525
135.328	576
135.379	591
135.429	581
135.479	594
135.529	545
135.579	550
135.629	513
135.680	459
135.730	436
135.780	387
135.830	329
135.880	301
135.930	255
135.981	220
136.031	204
136.081	187
136.131	194
136.181	208
136.233	218
136.283	261
136.333	303
136.383	330
136.433	384
136.483	417
136.534	476
136.584	514
136.634	540
136.684	581
136.734	568
136.784	602
136.835	590
136.885	549
136.935	543
136.985	501
137.035	456
137.086	427
137.137	363
137.187	328
137.237	291
137.287	242
137.337	220
137.388	202
137.438	184
137.488	195
137.538	206
137.588	228
137.639	270
137.689	298
137.739	346
137.789	393
137.839	432
137.889	483
137.940	502
137.990	562
138.041	583
138.091	574
138.141	600
138.191	579
138.242	559
138.292	536
138.342	471
138.392	459
138.442	416
138.493	354
138.543	324
138.593	283
138.643	236
138.693	215
138.743	195
138.794	191
138.844	198
138.894	209
138.945	237
138.995	279
139.045	308
139.096	354
139.146	389
139.196	451
139.246	491
139.296	515
139.347	566
139.397	580
139.447	591
139.497	597
139.547	548
139.597	564
139.648	526
139.698	470
139.748	453
139.798	403
139.849	352
139.899	316
139.950	267
140.000	237
140.050	212
140.100	188
140.150	191
140.201	203
140.251	208
140.301	243
140.351	274
140.401	322
140.451	363
140.502	400
140.552	458
140.602	490
140.652	534
140.702	571
140.754	570
140.804	601
140.854	594
140.904	560
140.954	560
141.004	511
141.055	477
141.105	446
141.155	382
141.205	350
141.255	309
141.305	258
141.356	232
141.406	215
141.456	184
141.506	192
141.556	197
141.607	218
141.658	251
141.708	280
141.758	327
141.808	367
141.858	416
141.909	463
141.959	482
142.009	545
142.059	571
142.109	579
142.159	600
142.210	565
142.260	577
142.310	554
142.360	496
142.410	477
142.461	438
142.511	380
142.562	344
142.612	309
142.662	256
142.712	228
142.763	201
142.813	192
142.863	193
142.913	198
142.963	222
143.013	255
143.064	288
143.114	332
143.164	362
143.214	427
143.264	467
143.315	499
143.365	549
143.416	547
143.466	595
143.516	599
143.566	571
143.617	575
143.667	544
143.717	494
143.767	473
143.817	415
143.867	384
143.918	339
143.968	288
144.018	257
144.068	227
144.118	196
144.169	192
144.219	191
144.269	201
144.320	226
144.370	256
144.420	301
144.471	338
144.521	373
144.571	434
144.621	456
144.671	517
144.722	553
144.772	560
144.822	595
144.872	592
144.922	578
144.972	573
145.023	518
145.073	505
145.123	467
145.173	409
145.224	377
145.274	332
145.325	285
145.375	252
145.425	217
145.475	200
145.525	192
145.576	192
145.626	210
145.676	231
145.726	259
145.776	306
145.826	333
145.877	392
145.927	439
145.977	463
146.027	522
146.077	551
146.128	572
146.179	596
146.229	568
146.279	587
146.329	568
146.379	518
146.430	498
146.480	458
146.530	412
146.580	370
146.630	318
146.680	287
146.731	248
146.781	211
146.831	200
146.881	197
146.931	192
146.981	213
147.033	227
147.083	272
147.133	311
147.183	337
147.233	398
147.284	440
147.334	477
147.384	526
147.434	534
147.484	583
147.534	594
147.585	571
147.635	582
147.685	555
147.735	526
147.785	494
147.835	440
147.886	414
147.937	366
147.987	314
148.037	282
148.087	247
148.138	210
148.188	199
148.238	187
148.288	200
148.338	215
148.388	232
148.439	278
148.489	315
148.539	350
148.589	403
148.639	427
148.690	489
148.740	527
148.790	545
148.841	584
148.891	576
148.941	591
148.992	579
149.042	537
149.092	527
149.142	487
149.192	438
149.242	408
149.293	359
149.343	314
149.393	279
149.443	236
149.493	215
149.544	201
149.594	189
149.644	202
149.694	235
149.745	240
149.795	283
149.846	309
149.896	360
149.946	408
149.996	440
150.046	494
150.096	507
150.147	564
150.197	585
150.247	568
150.297	592
150.347	573
150.398	541
150.448	521
150.498	463
150.548	446
150.598	402
150.649	345
150.700	314
150.750	275
150.800	232
150.850	213
150.900	195
150.951	192
151.001	205
151.051	217
151.101	250
151.151	289
151.201	316
151.252	366
151.302	398
151.352	457
151.402	498
151.452	515
151.502	567
151.554	582
151.604	581
151.654	590
151.704	551
151.754	554
151.805	516
151.855	461
151.905	443
151.955	394
152.005	341
152.055	309
152.106	263
152.156	234
152.206	212
152.256	193
152.306	197
152.356	209
152.407	217
152.458	255
152.508	284
152.558	329
152.608	373
152.659	406
152.709	464
152.759	499
152.809	532
152.859	570
152.909	562
152.960	595
153.010	589
153.060	551
153.110	549
153.160	505
153.210	465
153.261	437
153.311	374
153.362	344
153.412	304
153.462	256
153.513	231
153.563	213
153.613	192
153.663	198
153.713	203
153.763	226
153.814	261
153.864	286
153.914	335
153.964	377
154.014	419
154.064	468
154.115	487
154.165	546
154.216	571
154.266	572
154.316	593
154.367	578
154.417	564
154.467	544
154.517	483
154.567	469
154.617	430
154.668	374
154.718	340
154.768	299
154.818	256
154.868	229
154.919	204
154.969	198
155.019	200
155.069	204
155.120	229
155.170	267
155.221	296
155.271	340
155.321	371
155.371	433
155.421	471
155.471	495
155.522	550
155.572	561
155.622	587
155.672	593
155.722	557
155.773	569
155.823	538
155.873	484
155.923	466
155.973	419
156.024	372
156.075	334
156.125	287
156.175	255
156.225	227
156.275	200
156.325	197
156.376	219
156.426	208
156.476	233
156.526	264
156.576	309
156.627	344
156.677	380
156.727	438
156.777	461
156.827	517
156.877	553
156.929	555
156.979	590
157.029	589
157.079	562
157.129	565
157.179	508
157.230	495
157.280	460
157.330	403
157.380	373
157.430	328
157.481	281
157.531	252
157.581	223
157.631	200
157.681	198
157.731	196
157.782	216
157.833	239
157.883	268
157.933	313
157.983	337
158.034	396
158.084	443
158.134	466
158.184	523
158.234	551
158.284	568
158.335	591
158.385	566
158.435	579
158.485	562
158.535	504
158.585	492
158.636	452
158.686	402
158.737	366
158.787	313
158.837	282
158.888	249
158.938	215
158.988	204
159.038	201
159.088	196
159.138	219
159.189	234
159.239	280
159.289	318
159.339	344
159.389	404
159.439	444
159.490	476
159.540	528
159.590	534
159.641	580
159.691	590
159.742	567
159.792	576
159.842	550
159.892	514
159.942	486
159.992	429
160.043	408
160.093	360
160.143	312
160.193	280
160.243	246
160.293	210
160.344	203
160.394	195
160.444	206
160.494	221
160.545	241
160.596	285
160.646	319
160.696	354
160.746	408
160.796	434
160.846	492
160.897	529
160.947	540
160.997	582
161.047	579
161.097	582
161.147	573
161.198	534
161.248	519
161.298	481
161.348	430
161.398	402
161.450	354
161.500	308
161.550	276
161.600	236
161.650	216
161.700	204
161.751	192
161.801	207
161.851	227
161.901	244
161.951	290
162.002	316
162.052	367
162.102	413
162.152	443
162.202	496
162.252	524
162.303	560
162.354	583
162.404	564
162.454	588
162.504	570
162.554	533
162.605	516
162.655	469
162.705	437
162.755	397
162.805	340
162.856	311
162.906	272
162.956	232
163.006	214
163.056	219
163.106	192
163.157	209
163.207	219
163.258	256
163.308	293
163.358	320
163.408	373
163.459	410
163.509	457
163.559	501
163.609	521
163.659	566
163.710	582
163.760	571
163.810	585
163.860	543
163.910	547
163.960	510
164.011	457
164.061	436
164.112	390
164.162	336
164.212	306
164.263	275
164.313	228
164.363	213
164.413	196
164.463	200
164.513	211
164.564	221
164.614	260
164.664	295
164.714	329
164.764	377
164.814	406
164.865	465
164.915	502
164.965	528
165.016	568
165.066	556
165.117	591
165.167	584
165.217	547
165.267	543
165.317	502
165.367	456
165.418	432
165.468	370
165.518	338
165.568	303
165.618	257
165.668	233
165.719	214
165.769	192
165.819	202
165.869	210
165.920	226
165.971	265
166.021	292
166.071	338
166.121	380
166.171	417
166.221	468
166.272	488
166.322	543
166.372	569
166.422	566
166.472	589
166.522	576
166.573	556
166.623	541
166.673	484
166.723	466
166.773	429
166.825	370
166.875	339
166.925	301
166.975	256
167.025	232
167.075	207
167.126	202
167.176	205
167.226	209
167.276	234
167.326	271
167.376	296
167.427	342
167.477	368
167.527	431
167.577	470
167.627	492
167.678	545
167.729	562
167.779	574
167.829	587
167.879	549
167.929	565
167.980	535
168.030	481
168.080	463
168.130	421
168.180	372
168.231	336
168.281	286
168.331	261
168.381	231
168.431	206
168.481	204
168.532	211
168.582	210
168.633	237
168.683	266
168.733	309
168.783	345
168.834	376
168.884	435
168.934	467
168.984	508
169.034	547
169.085	549
169.135	585
169.185	582
169.235	555
169.285	563
169.335	517
169.386	491
169.436	460
169.486	402
169.537	374
169.587	332
169.637	285
169.688	257
169.738	237
169.788	202
169.838	204
169.888	201
169.939	220
169.989	240
170.039	268
170.089	313
170.139	349
170.189	390
170.240	439
170.290	457
170.340	517
170.390	547
170.441	555
170.491	584
170.542	558
170.592	572
170.642	560
170.692	505
170.742	490
170.793	454
170.843	402
170.893	369
170.943	319
170.993	280
171.043	253
171.094	220
171.144	209
171.194	205
171.244	202
171.294	223
171.346	239
171.396	272
171.446	318
171.496	344
171.546	400
171.596	442
171.647	471
171.697	521
171.747	532
171.797	575
171.847	585
171.897	563
171.948	572
171.998	552
172.048	510
172.098	486
172.148	432
172.199	408
172.250	364
172.300	312
172.350	285
172.400	251
172.450	218
172.501	208
172.551	199
172.601	208
172.651	225
172.701	240
172.751	286
172.802	321
172.852	352
172.902	406
172.952	430
173.002	487
173.053	524
173.103	533
173.154	576
173.204	580
173.254	571
173.304	571
173.355	529
173.405	518
173.455	482
173.505	429
173.555	405
173.605	358
173.656	310
173.706	281
173.756	240
173.806	222
173.856	208
173.907	198
173.957	210
174.008	227
174.058	244
174.108	290
174.158	315
174.209	365
174.259	411
174.309	437
174.359	492
174.409	523
174.459	549
174.510	578
174.560	557
174.610	583
174.660	568
174.710	529
174.761	514
174.811	471
174.861	434
174.912	398
174.962	338
175.012	314
175.063	276
175.113	235
175.163	219
175.213	210
175.263	198
175.314	212
175.364	221
175.414	258
175.464	295
175.514	320
175.564	370
175.615	413
175.665	452
175.715	497
175.765	510
175.816	562
175.866	577
175.917	567
175.967	582
176.017	554
176.067	540
176.117	509
176.168	452
176.218	437
176.268	392
176.318	336
176.368	308
176.418	273
176.469	232
176.519	217
176.569	200
176.619	205
176.669	215
176.720	224
176.771	262
176.821	301
176.871	328
176.921	377
176.971	405
177.022	464
177.072	500
177.122	522
177.172	565
177.222	546
177.272	584
177.323	580
177.373	539
177.423	542
177.473	502
177.523	455
177.573	431
177.625	381
177.675	336
177.725	303
177.775	257
177.825	235
177.876	215
177.926	198
177.976	206
178.026	231
178.076	228
178.126	268
178.177	296
178.227	340
178.277	383
178.327	418
178.377	469
178.427	491
178.478	541
178.529	568
178.579	562
178.629	586
178.679	574
178.730	547
178.780	537
178.830	475
178.880	462
178.930	426
178.980	369
179.031	337
179.081	299
179.131	256
179.181	232
179.231	208
179.282	200
179.332	207
179.382	213
179.433	237
179.483	273
179.533	300
179.584	346
179.634	373
179.684	434
179.734	474
179.784	491
179.834	547
179.885	565
179.935	574
179.985	585
180.035	553
180.085	563
180.136	531
180.186	474
180.236	458
180.286	417
180.337	364
180.387	332
180.438	284
180.488	256
180.538	228
180.588	205
180.638	204
180.688	210
180.739	212
180.789	241
180.839	268
180.889	314
180.939	349
180.990	382
181.040	439
181.090	473
181.140	509
181.190	550
181.241	548
181.292	584
181.342	583
181.392	549
181.442	559
181.492	519
181.543	480
181.593	455
181.643	399
181.693	369
181.743	327
181.793	280
181.844	254
181.894	229
181.944	202
181.994	204
182.044	205
182.094	222
182.146	244
182.196	272
182.246	317
182.296	355
182.346	394
182.397	445
182.447	467
182.497	522
182.547	550
182.597	558
182.647	585
182.698	569
182.748	566
182.798	555
182.848	496
182.898	486
182.948	448
182.999	394
183.050	362
183.100	321
183.150	276
183.200	249
183.251	218
183.301	208
183.351	205
183.401	204
183.451	224
183.501	255
183.552	281
183.602	322
183.652	349
183.702	408
183.752	450
183.802	476
183.853	527
183.903	534
183.954	575
184.004	586
184.054	557
184.105	570
184.155	549
184.205	503
184.255	480
184.305	431
184.355	396
184.406	355
184.456	307
184.506	277
184.556	245
184.606	212
184.656	207
184.707	219
184.757	204
184.808	226
184.858	247
184.908	293
184.959	328
185.009	356
185.059	415
185.109	444
185.159	493
185.209	532
185.260	539
185.310	579
185.360	581
185.410	569
185.460	568
185.511	523
185.561	511
185.611	473
185.661	421
185.712	394
185.762	348
185.813	301
185.863	272
185.913	235
185.963	210
186.013	205
186.063	200
186.114	214
186.164	229
186.214	253
186.264	299
186.314	323
186.365	373
186.415	420
186.465	449
186.515	501
186.565	533
186.616	551
186.667	581
186.717	561
186.767	582
186.817	566
186.867	519
186.917	506
186.968	466
187.018	420
187.068	388
187.118	331
187.168	304
187.219	267
187.269	228
187.319	214
187.369	206
187.419	196
187.469	215
187.521	227
187.571	264
187.621	304
187.671	328
187.721	381
187.771	425
187.822	460
187.872	507
187.922	519
187.972	567
188.022	581
188.073	567
188.123	580
188.173	556
188.223	529
188.273	501
188.323	445
188.374	427
188.425	381
188.475	328
188.525	299
188.575	263
188.626	224
188.676	213
188.726	197
188.776	206
188.826	218
188.876	228
188.927	271
188.977	309
189.027	336
189.077	389
189.127	415
189.177	474
189.228	511
189.278	531
189.329	570
189.379	575
189.429	579
189.480	575
189.530	536
189.580	533
189.630	494
189.680	442
189.730	421
189.781	371
189.831	326
189.881	294
189.931	250
189.981	229
190.031	211
190.082	196
190.132	206
190.182	223
190.233	232
190.283	276
190.334	301
190.384	349
190.434	393
190.484	428
190.534	478
190.584	505
190.635	547
190.685	573
190.735	566
190.785	586
190.835	570
190.885	540
190.936	527
190.986	471
191.036	453
191.086	415
191.137	355
191.188	327
191.238	289
191.288	244
191.338	226
191.388	227
191.438	196
191.489	208
191.539	214
191.589	242
191.639	281
191.689	306
191.739	355
191.790	383
191.840	440
191.890	483
191.940	500
191.990	553
192.042	570
192.092	572
192.142	584
192.192	541
192.242	559
192.292	523
192.343	465
192.393	452
192.443	408
192.493	354
192.543	323
192.594	277
192.644	244
192.694	224
192.744	204
192.794	203
192.844	211
192.895	216
192.946	247
192.996	277
193.046	320
193.096	360
193.146	389
193.197	449
193.247	485
193.297	514
193.347	557
193.397	551
193.448	586
193.498	582
193.548	546
193.598	552
193.648	513
193.698	469
193.749	446
193.799	388
193.850	356
193.900	317
193.950	270
194.000	244
194.051	221
194.101	198
194.151	203
194.201	205
194.251	224
194.302	253
194.352	280
194.402	326
194.452	364
194.502	402
194.552	454
194.603	472
194.653	531
194.704	558
194.754	556
194.804	585
194.855	576
194.905	556
194.955	548
195.005	492
195.055	477
195.105	440
195.156	383
195.206	351
195.256	311
195.306	266
195.356	241
195.406	213
195.457	205
195.507	205
195.557	206
195.608	228
195.658	259
195.709	288
195.759	330
195.809	359
195.859	419
195.909	459
195.959	481
196.010	536
196.060	555
196.110	573
196.160	586
196.210	555
196.260	567
196.311	542
196.361	488
196.411	470
196.461	430
196.512	384
196.563	345
196.613	298
196.663	268
196.713	236
196.763	210
196.813	203
196.864	207
196.914	208
196.964	232
197.014	258
197.064	301
197.114	337
197.165	366
197.215	426
197.265	459
197.315	501
197.365	541
197.417	542
197.467	583
197.517	583
197.567	560
197.617	565
197.667	525
197.718	496
197.768	463
197.818	410
197.868	382
197.918	337
197.968	290
198.019	261
198.069	247
198.119	204
198.169	203
198.219	200
198.270	217
198.321	236
198.371	261
198.421	308
198.471	346
198.521	384
198.572	435
198.622	457
198.672	513
198.722	544
198.772	555
198.823	586
198.873	560
198.923	577
198.973	561
199.023	509
199.073	494
199.124	456
199.174	408
199.225	372
199.275	319
199.325	284
199.375	255
199.426	221
199.476	209
199.526	203
199.576	198
199.626	219
199.677	235
199.727	272
199.777	315
199.827	338
199.877	398
199.927	439
199.978	471
200.028	519
200.078	530
200.129	577
200.179	586
200.229	562
200.280	573
200.330	554
200.380	513
200.430	487
200.480	435
200.531	410
200.581	365
200.631	313
200.681	285
200.731	249
200.781	213
200.832	206
200.882	196
200.932	206
200.982	221
201.033	239
201.083	284
201.134	319
201.184	350
201.234	404
201.284	432
201.334	487
201.385	526
201.435	539
201.485	578
201.535	579
201.585	574
201.635	572
201.686	525
201.736	519
201.786	480
201.836	429
201.886	403
201.938	355
201.988	308
202.038	277
202.088	234
202.138	217
202.188	204
202.239	194
202.289	209
202.339	226
202.389	244
202.439	290
202.489	312
202.540	367
202.590	413
202.640	442
202.690	497
202.740	526
202.791	555
202.842	582
202.892	566
202.942	584
202.992	567
203.042	527
203.093	511
203.143	466
203.193	430
203.243	393
203.293	335
203.343	308
203.394	269
203.444	230
203.494	213
203.544	205
203.594	194
203.645	212
203.695	222
203.746	259
203.796	297
203.846	321
203.896	376
203.947	418
203.997	458
204.047	504
204.097	516
204.147	568
204.197	582
204.248	570
204.298	584
204.348	556
204.398	539
204.448	505
204.499	451
204.549	432
204.600	385
204.650	328
204.700	301
204.750	265
204.801	224
204.851	209
204.901	196
204.951	202
205.001	214
205.051	224
205.102	266
205.152	315
205.202	336
205.252	385
205.302	414
205.353	472
205.403	509
205.453	531
205.504	572
205.554	556
205.604	587
205.655	580
205.705	544
205.755	537
205.805	496
205.855	447
205.906	423
205.956	371
206.006	328
206.056	294
206.106	247
206.156	225
206.207	207
206.257	192
206.307	203
206.357	223
206.408	226
206.458	273
206.509	300
206.559	347
206.609	390
206.659	426
206.709	478
206.760	497
206.810	553
206.860	576
206.910	567
206.960	589
207.010	571
207.061	549
207.111	529
207.161	468
207.211	456
207.261	414
207.312	355
207.363	326
207.413	287
207.463	243
207.513	221
207.563	200
207.614	193
207.664	204
207.714	212
207.764	240
207.814	279
207.864	308
207.915	354
207.965	383
208.015	446
208.065	485
208.115	508
208.165	557
208.217	573
208.267	578
208.317	588
208.367	545
208.417	559
208.468	522
208.518	466
208.568	450
208.618	405
208.668	352
208.718	318
208.769	273
208.819	244
208.869	218
208.919	197
208.969	198
209.019	207
209.070	212
209.121	246
209.171	275
209.221	321
209.271	360
209.322	394
209.372	453
209.422	487
209.472	522
209.522	562
209.572	559
209.623	591
209.673	584
209.723	547
209.773	554
209.823	510
209.874	471
209.924	444
209.974	384
210.025	353
210.075	312
210.125	264
210.176	239
210.226	218
210.276	192
210.326	199
210.376	203
210.426	224
210.477	253
210.527	284
210.577	327
210.627	366
210.677	410
210.728	459
210.778	479
210.828	537
210.878	564
210.929	567
210.979	591
211.030	573
211.080	566
211.130	548
211.180	491
211.230	474
211.280	435
211.331	379
211.381	346
211.431	309
211.481	258
211.531	233
211.582	206
211.632	199
211.682	201
211.732	202
211.782	225
211.833	271
211.884	290
211.934	332
211.984	362
212.034	425
212.084	464
212.135	492
212.185	543
212.235	544
212.285	586
212.335	591
212.385	556
212.436	569
212.486	539
212.536	489
212.586	468
212.636	415
212.686	380
212.738	339
212.788	289
212.838	261
212.888	230
212.938	201
212.989	198
213.039	207
213.089	204
213.139	230
213.189	256
213.239	304
213.290	339
213.340	374
213.390	431
213.440	455
213.490	511
213.540	546
213.591	551
213.642	588
213.692	585
213.742	568
213.792	566
213.843	511
213.893	499
213.943	463
213.993	405
214.043	376
214.093	333
214.144	284
214.194	254
214.244	219
214.294	202
214.344	199
214.394	195
214.445	215
214.495	236
214.546	261
214.596	308
214.646	331
214.697	389
214.747	438
214.797	462
214.847	518
214.897	547
214.947	566
214.998	589
215.048	566
215.098	577
215.148	562
215.198	510
215.248	493
215.299	453
215.349	406
215.400	369
215.450	314
215.500	287
215.551	250
215.601	215
215.651	204
215.701	199
215.751	194
215.801	216
215.852	232
215.902	278
215.952	314
216.002	341
216.052	399
216.103	440
216.153	477
216.203	524
216.253	536
216.304	579
216.354	588
216.405	569
216.455	574
216.505	550
216.555	514
216.605	485
216.655	430
216.706	408
216.756	360
216.806	308
216.856	279
216.906	245
216.957	210
217.007	201
217.057	193
217.107	204
217.157	219
217.208	237
217.259	283
217.309	319
217.359	352
217.409	407
217.459	437
217.509	492
217.560	528
217.610	541
217.660	581
217.710	578
217.760	582
217.811	573
217.861	530
217.911	518
217.961	479
218.011	427
218.061	401
218.113	351
218.163	306
218.213	273
218.263	232
218.313	213
218.363	201
218.414	192
218.464	205
218.514	223
218.564	242
218.614	290
218.665	313
218.715	367
218.765	413
218.815	445
218.865	496
218.915	514
218.966	563
219.017	583
219.067	566
219.117	586
219.167	567
219.218	532
219.268	512
219.318	455
219.368	434
219.418	392
219.468	334
219.519	306
219.569	268
219.619	226
219.669	211
219.719	215
219.769	192
219.820	207
219.870	219
219.921	257
219.971	295
220.021	323
220.072	374
220.122	411
220.172	461
220.222	503
220.272	521
220.322	568
220.373	580
220.423	576
220.473	584
220.523	540
220.573	545
220.623	505
220.674	448
220.724	432
220.774	383
220.825	332
220.875	300
220.926	255
220.976	224
221.026	208
221.076	192
221.126	199
221.176	211
221.227	222
221.277	263
221.327	289
221.377	336
221.427	381
221.477	410
221.528	469
221.578	505
221.628	534
221.678	572
221.729	559
221.780	591
221.830	581
221.880	543
221.930	538
221.980	497
222.030	452
222.081	425
222.131	363
222.181	334
222.231	295
222.281	248
222.331	226
222.382	207
222.432	188
222.482	200
222.532	207
222.582	231
222.634	268
222.684	292
222.734	342
222.784	385
222.834	425
222.884	475
222.935	492
222.985	549
223.035	572
223.085	566
223.135	590
223.186	570
223.236	555
223.286	533
223.336	475
223.386	459
223.436	417
223.487	358
223.538	328
223.588	290
223.638	244
223.688	223
223.738	200
223.789	196
223.839	202
223.889	208
223.939	236
223.989	275
224.040	302
224.090	348
224.140	382
224.190	441
224.240	479
224.290	506
224.341	554
224.391	566
224.442	583
224.492	588
224.542	551
224.592	561
224.643	527
224.693	474
224.743	454
224.793	407
224.843	358
224.894	323
224.944	274
224.994	246
225.044	220
225.094	196
225.144	196
225.195	207
225.245	210
225.296	241
225.346	269
225.396	315
225.447	355
225.497	389
225.547	447
225.597	477
225.647	520
225.697	558
225.748	561
225.798	589
225.848	585
225.898	552
225.948	557
225.998	499
226.049	480
226.099	448
226.149	389
226.200	358
226.250	316
226.301	268
226.351	240
226.401	231
226.451	192
226.501	198
226.551	199
226.602	219
226.652	247
226.702	275
226.752	322
226.802	359
226.852	405
226.903	453
226.953	472
227.003	532
227.053	559
227.104	564
227.155	591
227.205	554
227.255	571
227.305	551
227.355	495
227.405	478
227.456	440
227.506	385
227.556	352
227.606	303
227.656	266
227.706	237
227.757	208
227.807	199
227.857	199
227.907	200
227.957	222
228.009	247
228.059	284
228.109	327
228.159	353
228.209	415
228.259	455
228.310	487
228.360	535
228.410	541
228.460	585
228.510	588
228.560	559
228.611	571
228.661	542
228.711	499
228.761	474
228.811	418
228.862	390
228.913	346
228.963	297
229.013	266
229.063	235
229.113	204
229.164	199
229.214	192
229.264	208
229.314	225
229.364	248
229.415	295
229.465	330
229.515	364
229.565	421
229.615	444
229.665	502
229.716	540
229.766	546
229.817	584
229.867	581
229.917	573
229.967	569
230.018	517
230.068	505
230.118	468
230.168	418
230.218	385
230.269	340
230.319	293
230.369	263
230.419	225
230.469	209
230.519	199
230.570	194
230.620	212
230.670	231
230.721	256
230.771	300
230.821	321
230.872	380
230.922	427
230.972	451
231.022	508
231.072	536
231.123	563
231.173	585
231.223	561
231.273	581
231.323	564
231.373	516
231.424	501
231.474	457
231.524	420
231.574	379
231.625	326
231.675	295
231.726	258
231.776	222
231.826	208
231.876	203
231.926	194
231.977	213
232.027	226
232.077	268
232.127	304
232.177	330
232.227	387
232.278	426
232.328	468
232.378	513
232.428	528
232.478	572
232.530	584
232.580	566
232.630	578
232.680	547
232.730	529
232.780	497
232.831	438
232.881	422
232.931	373
232.981	320
233.031	292
233.081	255
233.132	218
233.182	207
233.232	195
233.282	202
233.332	216
233.383	228
233.434	272
233.484	314
233.534	340
233.584	391
233.634	418
233.685	476
233.735	513
233.785	536
233.835	572
233.885	555
233.935	587
233.986	574
234.036	536
234.086	530
234.136	490
234.186	444
234.237	417
234.287	359
234.338	323
234.388	289
234.438	244
234.488	223
234.539	207
234.589	192
234.639	204
234.689	223
234.739	229
234.789	276
234.840	300
234.890	350
234.940	394
234.990	430
235.040	481
235.091	497
235.141	553
235.192	573
235.242	565
235.292	585
235.342	569
235.393	546
235.443	525
235.493	464
235.543	451
235.593	411
235.643	353
235.694	324
235.744	284
235.794	241
235.844	222
235.894	202
235.945	196
235.995	205
236.045	213
236.096	242
236.146	281
236.196	308
236.247	354
236.297	384
236.347	444
236.397	483
236.447	507
236.498	554
236.548	569
236.598	575
236.648	584
236.698	546
236.748	555
236.799	519
236.849	467
236.899	448
236.949	403
237.000	352
237.050	319
237.101	272
237.151	246
237.201	220
237.251	198
237.301	200
237.352	211
237.402	216
237.452	248
237.502	275
237.552	321
237.602	361
237.653	393
237.703	450
237.753	483
237.803	520
237.853	557
237.904	554
237.955	585
238.005	581
238.055	552
238.105	551
238.155	509
238.206	470
238.256	443
238.306	387
238.356	354
238.406	314
238.456	266
238.507	242
238.557	220
238.607	196
238.657	201
238.707	204
238.757	223
238.809	253
238.859	280
238.909	325
238.959	363
239.009	405
239.060	455
239.110	472
239.160	532
239.210	558
239.260	561
239.310	587
239.361	567
239.411	563
239.461	549
239.511	490
239.561	475
239.611	438
239.662	384
239.713	350
239.763	311
239.813	266
239.863	239
239.914	212
239.964	203
240.014	203
240.064	204
240.114	225
240.164	269
240.215	288
240.265	329
240.315	359
240.365	417
240.415	457
240.466	482
240.516	535
240.566	532
240.617	579
240.667	585
240.717	557
240.768	567
240.818	540
240.868	493
240.918	470
240.968	415
241.018	386
241.069	345
241.119	295
241.169	267
241.219	236
241.269	208
241.320	202
241.370	199
241.420	208
241.470	229
241.521	252
241.571	298
241.622	333
241.672	366
241.722	423
241.772	447
241.822	503
241.872	539
241.923	543
241.973	582
242.023	581
242.073	566
242.123	565
242.174	512
242.224	502
242.274	464
242.324	411
242.374	383
242.425	337
242.476	291
242.526	261
242.576	225
242.626	208
242.676	202
242.727	197
242.777	216
242.827	235
242.877	260
242.927	304
242.977	326
243.028	384
243.078	430
243.128	453
243.178	510
243.228	538
243.278	557
243.330	583
243.380	560
243.430	578
243.480	562
243.530	512
243.581	497
243.631	457
243.681	412
243.731	375
243.781	321
243.831	294
243.882	257
243.932	222
243.982	208
244.032	203
244.082	196
244.132	217
244.183	228
244.234	272
244.284	309
244.334	333
244.384	391
244.435	432
244.485	466
244.535	515
244.585	525
244.635	572
244.685	583
244.736	562
244.786	574
244.836	550
244.886	522
244.936	491
244.986	436
245.037	416
245.087	368
245.138	316
245.188	288
245.238	253
245.289	216
245.339	207
245.389	195
245.439	204
245.489	219
245.539	235
245.590	277
245.640	313
245.690	344
245.740	397
245.790	421
245.840	480
245.891	518
245.941	534
245.992	575
246.042	571
246.092	579
246.143	573
246.193	536
246.243	526
246.293	485
246.343	436
246.393	410
246.444	361
246.494	316
246.544	285
246.594	240
246.644	222
246.695	206
246.745	194
246.795	206
246.845	239
246.896	236
246.946	281
246.997	306
247.047	355
247.097	401
247.147	433
247.197	484
247.247	501
247.298	553
247.348	575
247.398	563
247.448	585
247.498	569
247.549	540
247.599	520
247.649	469
247.699	444
247.749	404
247.800	348
247.851	318
247.901	280
247.951	237
248.001	220
248.051	223
248.101	192
248.152	209
248.202	216
248.252	248
248.302	287
248.352	314
248.403	362
248.453	391
248.503	450
248.553	490
248.603	510
248.653	558
248.705	574
248.755	569
248.805	582
248.855	536
248.905	551
248.955	513
249.006	459
249.056	441
249.106	395
249.156	340
249.206	312
249.257	263
249.307	236
249.357	216
249.407	197
249.457	201
249.507	212
249.558	218
249.609	255
249.659	283
249.709	328
249.759	371
249.810	402
249.860	459
249.910	494
249.960	524
250.010	562
250.060	553
250.111	587
250.161	580
250.211	545
250.261	544
250.311	502
250.361	458
250.412	433
250.462	372
250.513	342
250.563	305
250.613	260
250.664	233
250.714	215
250.764	193
250.814	202
250.864	208
250.914	229
250.965	262
251.015	291
251.065	336
251.115	377
251.165	416
251.215	466
251.266	483
251.316	541
251.366	565
251.417	558
251.467	585
251.518	573
251.568	555
251.618	538
251.668	479
251.718	463
251.768	426
251.819	365
251.869	335
251.919	298
251.969	250
252.019	229
252.069	204
252.120	200
252.170	203
252.220	208
252.270	233
252.321	271
252.372	298
252.422	342
252.472	371
252.522	433
252.572	472
252.622	494
252.673	546
252.723	559
252.773	580
252.823	586
252.873	549
252.923	562
252.974	530
253.024	478
253.074	457
253.124	413
253.174	365
253.226	329
253.276	282
253.326	253
253.376	226
253.426	202
253.476	200
253.527	229
253.577	208
253.627	239
253.677	264
253.727	312
253.778	348
253.828	383
253.878	439
253.928	461
253.978	515
254.028	551
254.079	553
254.130	586
254.180	582
254.230	554
254.280	559
254.330	504
254.381	485
254.431	452
254.481	394
254.531	365
254.581	322
254.632	275
254.682	248
254.732	223
254.782	196
254.832	199
254.882	200
254.933	220
254.983	245
255.034	272
255.084	318
255.134	355
255.184	400
255.235	447
255.285	469
255.335	525
255.385	554
255.435	563
255.486	588
255.536	556
255.586	570
255.636	553
255.686	495
255.736	480
255.787	443
255.837	392
255.888	356
255.938	311
255.988	272
256.039	241
256.089	211
256.139	202
256.189	201
256.239	200
256.289	223
256.340	241
256.390	288
256.440	325
256.490	353
256.540	413
256.590	453
256.641	482
256.691	533
256.741	538
256.792	583
256.842	588
256.893	562
256.943	569
256.993	543
257.043	498
257.093	473
257.143	420
257.194	392
257.244	346
257.294	296
257.344	268
257.394	235
257.444	204
257.495	200
257.545	195
257.595	208
257.645	227
257.696	248
257.747	297
257.797	331
257.847	364
257.897	422
257.947	443
257.997	503
258.048	541
258.098	550
258.148	585
258.198	581
258.248	574
258.298	567
258.349	514
258.399	504
258.449	465
258.499	412
258.549	383
258.601	337
258.651	292
258.701	260
258.751	224
258.801	208
258.851	198
258.902	194
258.952	212
259.002	233
259.052	256
259.102	303
259.152	325
259.203	385
259.253	431
259.303	455
259.353	512
259.403	539
259.454	568
259.505	587
259.555	570
259.605	581
259.655	563
259.705	517
259.756	497
259.806	453
259.856	414
259.906	373
259.956	317
260.007	292
260.057	253
260.107	216
260.157	204
260.207	202
260.257	192
260.308	214
260.358	227
260.409	272
260.459	310
260.509	336
260.559	393
260.610	431
260.660	476
260.710	519
260.760	529
260.810	577
260.861	587
260.911	571
260.961	577
261.011	530
261.061	525
261.111	490
261.162	435
261.212	413
261.262	365
261.313	312
261.363	284
261.413	255
261.464	212
261.514	201
261.564	192
261.614	202
261.664	217
261.715	234
261.765	278
261.815	319
261.865	348
261.915	402
261.965	432
262.016	486
262.066	523
262.116	547
262.166	581
262.217	562
262.267	588
262.318	573
262.368	535
262.418	521
262.468	479
262.518	434
262.569	404
262.619	347
262.669	312
262.719	276
262.769	234
262.819	214
262.870	201
262.920	188
262.970	204
263.020	213
263.070	242
263.122	286
263.172	312
263.222	362
263.272	410
263.322	443
263.372	495
263.423	511
263.473	565
263.523	583
263.573	568
263.623	588
263.673	565
263.724	538
263.774	514
263.824	457
263.874	441
263.924	396
263.975	336
264.026	308
264.076	270
264.126	226
264.176	211
264.226	192
264.277	196
264.327	206
264.377	216
264.427	253
264.477	292
264.527	320
264.578	371
264.628	404
264.678	462
264.728	501
264.778	522
264.829	568
264.879	577
264.930	581
264.980	586
265.030	546
265.080	546
265.131	507
265.181	457
265.231	434
265.281	385
265.331	334
265.381	301
265.432	254
265.482	229
265.532	207
265.582	192
265.632	197
265.683	211
265.733	218
265.784	260
265.834	289
265.884	334
265.934	378
265.985	412
266.035	468
266.085	502
266.135	538
266.185	571
266.235	568
266.286	591
266.336	583
266.386	547
266.436	541
266.486	493
266.537	457
266.587	426
266.637	364
266.688	335
266.738	295
266.788	248
266.839	224
266.889	207
266.939	186
266.989	198
267.039	204
267.090	229
267.140	267
267.190	293
267.240	341
267.290	383
267.340	428
267.391	475
267.441	490
267.491	550
267.541	573
267.592	570
267.642	591
267.693	566
267.743	562
267.793	534
267.843	475
267.893	459
267.944	417
267.994	360
268.044	328
268.094	295
268.144	244
268.194	220
268.245	197
268.295	194
268.345	199
268.395	208
268.445	234
268.496	283
268.547	304
268.597	347
268.647	382
268.697	440
268.747	479
268.798	507
268.848	555
268.898	551
268.948	591
268.998	589
269.048	550
269.099	562
269.149	525
269.199	474
269.249	454
269.299	399
269.349	358
269.401	321
269.451	273
269.501	244
269.551	218
269.601	193
269.652	194
269.702	199
269.752	208
269.802	239
269.852	269
269.902	315
269.953	353
270.003	391
270.053	447
270.103	466
270.153	527
270.203	559
270.254	558
270.305	591
270.355	585
270.405	561
270.455	558
270.506	498
270.556	484
270.606	448
270.656	389
270.706	357
270.756	316
270.807	268
270.857	240
270.907	208
270.957	196
271.007	195
271.058	196
271.108	218
271.158	246
271.209	274
271.259	321
271.309	349
271.360	410
271.410	454
271.460	480
271.510	533
271.560	558
271.610	571
271.661	592
271.711	560
271.761	572
271.811	551
271.861	495
271.912	478
271.962	438
272.012	387
272.062	348
272.113	299
272.163	269
272.214	234
272.264	205
272.314	197
272.364	199
272.414	198
272.464	220
272.515	247
272.565	291
272.615	326
272.665	355
272.715	418
272.766	454
272.816	493
272.866	539
272.916	543
272.966	585
273.017	589
273.068	566
273.118	570
273.168	536
273.218	502
273.268	470
273.319	416
273.369	387
273.419	341
273.469	292
273.519	261
273.569	231
273.620	200
273.670	195
273.720	193
273.770	207
273.820	226
273.870	250
273.922	297
273.972	333
274.022	373
274.072	427
274.122	452
274.173	509
274.223	543
274.273	554
274.323	588
274.373	571
274.423	582
274.474	566
274.524	514
274.574	501
274.624	462
274.674	411
274.724	378
274.775	335
274.826	288
274.876	254
274.926	217
274.976	203
275.027	194
275.077	192
275.127	209
275.177	243
275.227	257
275.277	305
275.328	327
275.378	388
275.428	433
275.478	463
275.528	517
275.578	526
275.629	575
275.679	590
275.730	567
275.780	580
275.830	560
275.881	518
275.931	494
275.981	443
276.031	413
276.081	368
276.131	315
276.182	284
276.232	248
276.282	212
276.332	199
276.382	191
276.432	192
276.483	212
276.533	227
276.584	274
276.634	311
276.684	338
276.735	397
276.785	425
276.835	484
276.885	523
276.935	538
276.985	580
277.036	587
277.086	579
277.136	575
277.186	537
277.236	526
277.287	487
277.337	432
277.387	407
277.437	359
277.488	308
277.538	277
277.589	233
277.639	208
277.689	198
277.739	185
277.789	199
277.839	217
277.890	234
277.940	280
277.990	307
278.040	356
278.090	405
278.141	434
278.191	490
278.241	525
278.291	551
278.341	583
278.392	568
278.443	591
278.493	573
278.543	530
278.593	520
278.643	475
278.693	433
278.744	399
278.794	338
278.844	311
278.894	270
278.944	230
278.995	209
279.045	199
279.095	185
279.145	202
279.195	213
279.245	247
279.297	287
279.347	313
279.397	365
279.447	411
279.497	449
279.547	498
279.598	516
279.648	567
279.698	584
279.748	572
279.798	588
279.849	560
279.899	541
279.949	511
279.999	449
280.049	437
280.099	389
280.150	332
280.201	304
280.251	265
280.301	224
280.351	206
280.402	190
280.452	194
280.502	206
280.552	216
280.602	255
280.652	295
280.703	320
280.753	374
280.803	404
280.853	464
280.903	503
280.953	523
281.004	571
281.054	572
281.105	586
281.155	586
281.205	548
281.256	542
281.306	503
281.356	451
281.406	429
281.456	378
281.506	331
281.557	296
281.607	249
281.657	224
281.707	203
281.757	187
281.807	195
281.858	223
281.908	218
281.958	262
282.009	291
282.059	337
282.110	382
282.160	417
282.210	472
282.260	494
282.310	547
282.360	574
282.411	559
282.461	592
282.511	578
282.561	547
282.611	535
282.661	479
282.712	459
282.762	420
282.812	360
282.862	328
282.913	287
282.964	243
283.014	220
283.064	207
283.114	180
283.164	197
283.214	204
283.265	230
283.315	270
283.365	300
