#Creator: pendulumdriveEventBuffer
#Creation time: Tue Apr  4 15:26:34 2017
#Time	Pos
#[s]	[au]
0.050	579
0.100	550
0.151	568
0.201	550
0.251	500
0.301	484
0.351	447
0.401	402
0.452	368
0.503	322
0.553	295
0.603	263
0.653	235
0.704	226
0.754	226
0.804	220
0.854	241
0.904	258
0.954	300
1.005	335
1.055	362
1.105	415
1.155	451
1.205	485
1.256	525
1.306	532
1.356	571
1.407	578
1.457	556
1.507	566
1.558	542
1.608	508
1.658	480
1.708	430
1.758	407
1.808	365
1.859	317
1.909	292
1.959	263
2.009	232
2.059	225
2.110	220
2.160	229
2.210	243
2.260	260
2.311	304
2.361	337
2.412	368
2.462	418
2.512	441
2.562	494
2.612	526
2.662	537
2.713	572
2.763	564
2.813	572
2.863	565
2.913	524
2.964	512
3.014	476
3.064	428
3.114	402
3.164	363
3.215	320
3.266	288
3.316	251
3.366	235
3.416	225
3.466	217
3.516	230
3.567	255
3.617	264
3.667	307
3.717	328
3.767	380
3.818	420
3.868	450
3.918	497
3.968	511
4.018	553
4.069	571
4.120	559
4.170	574
4.220	560
4.270	529
4.320	508
4.371	459
4.421	436
4.471	398
4.521	346
4.571	320
4.621	286
4.672	249
4.722	234
4.772	223
4.822	216
4.872	231
4.922	240
4.974	274
5.024	310
5.074	334
5.124	383
5.174	415
5.225	461
5.275	499
5.325	510
5.375	559
5.425	569
5.475	564
5.526	574
5.576	536
5.626	540
5.676	504
5.726	455
5.776	435
5.827	391
5.878	344
5.928	314
5.978	276
6.028	248
6.079	232
6.129	217
6.179	223
6.229	234
6.279	242
6.329	278
6.380	302
6.430	346
6.480	387
6.530	416
6.580	468
6.630	500
6.681	527
6.731	560
6.782	550
6.832	578
6.882	572
6.933	542
6.983	537
7.033	496
7.083	456
7.133	430
7.183	374
7.234	347
7.284	311
7.334	270
7.384	248
7.434	231
7.484	216
7.535	222
7.585	226
7.635	249
7.686	281
7.736	305
7.787	350
7.837	390
7.887	425
7.937	471
7.987	487
8.037	540
8.088	562
8.138	555
8.188	579
8.238	562
8.288	551
8.339	533
8.389	481
8.439	463
8.489	426
8.539	372
8.590	343
8.641	308
8.691	266
8.741	246
8.791	224
8.841	221
8.891	223
8.942	228
8.992	251
9.042	285
9.092	312
9.142	353
9.193	382
9.243	437
9.293	473
9.343	494
9.393	541
9.443	551
9.495	570
9.545	577
9.595	544
9.645	557
9.695	526
9.745	475
9.796	460
9.846	415
9.896	372
9.946	341
9.996	296
10.047	269
10.097	245
10.147	221
10.197	220
10.247	239
10.297	226
10.348	253
10.399	279
10.449	321
10.499	357
10.549	390
10.600	441
10.650	462
10.700	512
10.750	544
10.800	549
10.850	577
10.901	573
10.951	554
11.001	554
11.051	500
11.101	488
11.151	455
11.202	401
11.252	374
11.303	335
11.353	290
11.403	266
11.454	255
11.504	216
11.554	220
11.604	218
11.654	236
11.704	258
11.755	282
11.805	325
11.855	351
11.905	402
11.955	445
12.005	464
12.056	518
12.106	543
12.156	557
12.207	577
12.257	550
12.308	567
12.358	551
12.408	503
12.458	486
12.508	448
12.558	402
12.609	369
12.659	321
12.709	292
12.759	262
12.809	232
12.859	224
12.910	221
12.960	216
13.010	236
13.060	251
13.111	292
13.162	329
13.212	354
13.262	409
13.312	447
13.362	477
13.412	522
13.463	525
13.513	570
13.563	577
13.613	554
13.663	564
13.713	542
13.764	507
13.814	481
13.864	431
13.914	407
13.964	364
14.016	315
14.066	291
14.116	259
14.166	226
14.216	221
14.266	215
14.317	224
14.367	238
14.417	254
14.467	298
14.517	333
14.568	362
14.618	412
14.668	438
14.718	490
14.768	524
14.818	534
14.869	571
14.920	569
14.970	566
15.020	565
15.070	524
15.120	513
15.171	477
15.221	428
15.271	403
15.321	358
15.371	316
15.422	287
15.472	249
15.522	233
15.572	221
15.622	213
15.672	224
15.723	243
15.773	258
15.824	301
15.874	322
15.924	374
15.974	417
16.025	440
16.075	494
16.125	521
16.175	548
16.225	572
16.276	551
16.326	574
16.376	561
16.426	524
16.476	508
16.526	465
16.577	434
16.627	398
16.678	344
16.728	318
16.778	282
16.828	246
16.879	231
16.929	223
16.979	210
17.029	226
17.079	232
17.130	267
17.180	305
17.230	330
17.280	377
17.330	413
17.380	456
17.431	495
17.481	511
17.531	557
17.582	570
17.632	559
17.683	574
17.733	532
17.783	539
17.833	506
17.883	451
17.933	436
17.984	393
18.034	341
18.084	316
18.134	287
18.184	244
18.234	230
18.285	215
18.335	219
18.385	228
18.435	236
18.486	272
18.537	311
18.587	336
18.637	381
18.687	409
18.737	463
18.787	497
18.838	520
18.888	558
18.938	552
18.988	577
19.038	571
19.088	535
19.139	537
19.189	498
19.239	455
19.289	432
19.339	377
19.391	345
19.441	312
19.491	269
19.541	248
19.591	229
19.641	212
19.692	220
19.742	224
19.792	240
19.842	275
19.892	299
19.942	345
19.993	383
20.043	416
20.093	465
20.143	479
20.193	535
20.244	558
20.295	557
20.345	577
20.395	564
20.445	549
20.495	536
20.546	475
20.596	465
20.646	428
20.696	371
20.746	346
20.796	310
20.847	268
20.897	246
20.947	223
20.997	219
21.047	221
21.098	224
21.148	245
21.199	276
21.249	305
21.299	347
21.349	373
21.400	430
21.450	468
21.500	488
21.550	537
21.600	552
21.651	565
21.701	576
21.751	546
21.801	557
21.851	530
21.901	478
21.952	463
22.002	421
22.052	376
22.103	342
22.153	298
22.203	272
22.254	245
22.304	220
22.354	219
22.404	223
22.454	224
22.505	248
22.555	273
22.605	315
22.655	350
22.705	378
22.755	433
22.806	463
22.856	502
22.906	539
22.956	540
23.007	573
23.057	572
23.108	549
23.158	556
23.208	518
23.258	487
23.308	459
23.359	403
23.409	379
23.459	338
23.509	294
23.559	268
23.609	255
23.660	218
23.710	219
23.760	218
23.810	232
23.860	251
23.912	276
23.962	319
24.012	357
24.062	390
24.112	437
24.162	456
24.213	511
24.263	539
24.313	551
24.363	575
24.413	548
24.463	565
24.514	553
24.564	502
24.614	489
24.664	452
24.714	404
24.764	373
24.816	335
24.866	292
24.916	265
24.966	235
25.016	223
25.067	219
25.117	216
25.167	233
25.217	255
25.267	282
25.317	324
25.368	347
25.418	401
25.468	440
25.518	467
25.568	515
25.619	524
25.669	565
25.720	575
25.770	553
25.820	564
25.870	546
25.921	507
25.971	484
26.021	431
26.071	406
26.121	367
26.171	318
26.222	293
26.272	260
26.322	228
26.372	221
26.422	213
26.473	216
26.523	235
26.574	251
26.624	292
26.674	327
26.724	354
26.775	408
26.825	430
26.875	484
26.925	519
26.975	531
27.025	568
27.076	571
27.126	562
27.176	564
27.226	525
27.276	514
27.327	479
27.377	429
27.427	405
27.478	361
27.528	314
27.578	288
27.629	251
27.679	232
27.729	219
27.779	208
27.829	222
27.880	237
27.930	256
27.980	296
28.030	319
28.080	369
28.130	411
28.181	437
28.231	488
28.281	519
28.331	542
28.382	570
28.432	554
28.483	575
28.533	562
28.583	525
28.633	512
28.683	470
28.734	431
28.784	401
28.834	345
28.884	320
28.934	284
28.984	248
29.035	230
29.085	221
29.135	208
29.185	223
29.235	229
29.286	263
29.337	300
29.387	321
29.437	371
29.487	411
29.537	448
29.588	492
29.638	507
29.688	554
29.738	569
29.788	560
29.838	575
29.889	551
29.939	537
29.989	508
30.039	456
30.089	438
30.139	396
30.191	344
30.241	317
30.291	282
30.341	242
30.391	229
30.442	211
30.492	216
30.542	224
30.592	232
30.642	266
30.692	310
30.743	330
30.793	375
30.843	403
30.893	458
30.943	493
30.993	512
31.044	555
31.095	543
31.145	574
31.195	573
31.245	536
31.296	541
31.346	503
31.396	455
31.446	435
31.496	383
31.546	345
31.597	314
31.647	269
31.697	247
31.747	230
31.797	210
31.848	217
31.898	223
31.948	232
31.999	269
32.049	294
32.099	339
32.150	378
32.200	410
32.250	462
32.300	477
32.350	531
32.400	556
32.451	549
32.501	576
32.551	566
32.601	545
32.651	537
32.702	481
32.752	465
32.802	431
32.852	374
32.903	348
32.953	311
33.004	268
33.054	246
33.104	222
33.154	212
33.204	217
33.254	220
33.305	241
33.355	273
33.405	300
33.455	342
33.505	369
33.556	424
33.606	463
33.656	481
33.706	534
33.756	553
33.807	560
33.858	576
33.908	547
33.958	558
34.008	534
34.058	476
34.108	463
34.159	425
34.209	376
34.259	344
34.309	300
34.359	272
34.410	245
34.460	220
34.510	217
34.560	221
34.610	222
34.660	245
34.712	268
34.762	312
34.812	347
34.862	376
34.912	431
34.963	463
35.013	496
35.063	537
35.113	536
35.163	573
35.213	574
35.264	550
35.314	556
35.364	521
35.414	485
35.464	459
35.514	408
35.565	380
35.616	338
35.666	295
35.716	268
35.766	243
35.817	218
35.867	216
35.917	215
35.967	230
36.017	249
36.067	275
36.118	316
36.168	350
36.218	386
36.268	435
36.318	453
36.368	509
36.419	538
36.469	542
36.520	574
36.570	565
36.620	558
36.671	553
36.721	503
36.771	489
36.821	453
36.871	404
36.921	373
36.972	333
37.022	292
37.072	264
37.122	230
37.172	221
37.222	216
37.273	212
37.323	232
37.374	254
37.424	278
37.474	320
37.525	343
37.575	398
37.625	439
37.675	463
37.725	515
37.775	530
37.826	561
37.876	576
37.926	550
37.976	565
38.026	549
38.076	504
38.127	486
38.177	439
38.227	408
38.278	369
38.328	318
38.379	293
38.429	261
38.479	229
38.529	220
38.579	231
38.629	212
38.680	232
38.730	247
38.780	289
38.830	323
38.880	350
38.931	403
38.981	434
39.031	479
39.081	517
39.131	526
39.182	566
39.233	573
39.283	560
39.333	564
39.383	525
39.433	515
39.483	481
39.534	429
39.584	408
39.634	364
39.684	316
39.734	289
39.785	255
39.835	224
39.885	219
39.935	209
39.985	220
40.035	233
40.087	248
40.137	293
40.187	315
40.237	361
40.287	408
40.337	432
40.388	486
40.438	517
40.488	539
40.538	569
40.588	552
40.639	575
40.689	562
40.739	525
40.789	512
40.839	472
40.889	430
40.940	400
40.991	344
41.041	316
41.091	283
41.141	244
41.192	228
41.242	218
41.292	208
41.342	220
41.392	231
41.442	260
41.493	299
41.543	321
41.593	371
41.643	413
41.693	445
41.743	493
41.794	505
41.844	554
41.895	572
41.945	552
41.995	574
42.046	556
42.096	531
42.146	507
42.196	451
42.246	436
42.296	393
42.347	339
42.397	313
42.447	277
42.497	240
42.547	225
42.597	210
42.648	213
42.698	223
42.748	232
42.799	267
42.849	303
42.900	330
42.950	378
43.000	406
43.050	462
43.100	498
43.150	515
43.201	559
43.251	564
43.301	571
43.351	574
43.401	533
43.451	536
43.502	499
43.552	450
43.602	429
43.652	383
43.703	336
43.754	306
43.804	260
43.854	240
43.904	222
43.954	204
44.004	212
44.055	227
44.105	232
44.155	272
44.205	298
44.255	343
44.305	384
44.356	416
44.406	467
44.456	493
44.506	534
44.556	562
44.608	555
44.658	579
44.708	569
44.758	542
44.808	532
44.858	477
44.909	456
44.959	424
45.009	368
45.059	338
45.109	301
45.160	257
45.210	237
45.260	235
45.310	200
45.360	213
45.410	220
45.461	243
45.512	277
45.562	302
45.612	347
45.662	383
45.712	430
45.763	473
45.813	491
45.863	542
45.913	563
45.963	559
46.014	579
46.064	540
46.114	556
46.164	527
46.214	469
46.264	457
46.315	417
46.365	366
46.416	332
46.466	299
46.516	256
46.566	233
46.617	212
46.667	210
46.717	214
46.767	218
46.817	246
46.868	271
46.918	310
46.968	352
47.018	379
47.068	438
47.118	473
47.169	501
47.219	545
47.270	542
47.320	579
47.370	578
47.420	547
47.471	555
47.521	520
47.571	472
47.621	453
47.671	397
47.722	366
47.772	329
47.822	282
47.872	256
47.922	233
47.972	208
48.023	211
48.073	209
48.123	224
48.174	249
48.224	275
48.275	321
48.325	357
48.375	392
48.425	444
48.475	464
48.525	518
48.576	548
48.626	549
48.676	579
48.726	571
48.776	554
48.826	551
48.877	494
48.927	482
48.977	446
49.027	389
49.078	362
49.129	323
49.179	280
49.229	252
49.279	223
49.329	213
49.379	211
49.430	210
49.480	229
49.530	255
49.580	284
49.630	325
49.680	352
49.731	408
49.781	449
49.831	474
49.881	524
49.931	546
49.983	563
50.033	580
50.083	551
50.133	566
50.183	546
50.233	495
50.284	477
50.334	437
50.384	392
50.434	357
50.484	308
50.534	280
50.585	248
50.635	218
50.685	212
50.735	214
50.785	209
50.836	231
50.887	249
50.937	295
50.987	330
51.037	358
51.087	414
51.138	448
51.188	488
51.238	529
51.288	532
51.338	573
51.388	577
51.439	561
51.489	564
51.539	528
51.589	503
51.639	472
51.690	419
51.740	394
51.791	350
51.841	302
51.891	276
51.941	255
51.992	214
52.042	210
52.092	203
52.142	219
52.192	234
52.243	256
52.293	299
52.343	335
52.393	370
52.443	419
52.493	444
52.544	497
52.594	530
52.644	543
52.695	576
52.745	549
52.795	574
52.846	562
52.896	516
52.946	503
52.996	466
53.046	418
53.097	390
53.147	343
53.197	304
53.247	272
53.297	235
53.347	220
53.398	210
53.448	202
53.498	219
53.548	231
53.599	258
53.649	303
53.700	328
53.750	381
53.800	423
53.850	452
53.900	502
53.951	511
54.001	563
54.051	576
54.101	559
54.151	575
54.201	556
54.252	521
54.302	500
54.352	443
54.402	426
54.452	383
54.504	328
54.554	303
54.604	267
54.654	230
54.704	218
54.754	206
54.805	208
54.855	222
54.905	233
54.955	272
55.005	309
55.055	332
55.106	385
55.156	414
55.206	469
55.256	506
55.306	519
55.356	564
55.408	572
55.458	571
55.508	574
55.558	532
55.608	533
55.659	495
55.709	442
55.759	422
55.809	375
55.859	328
55.909	298
55.960	255
56.010	233
56.060	216
56.110	203
56.160	211
56.211	226
56.261	235
56.312	277
56.362	301
56.412	348
56.462	392
56.513	423
56.563	475
56.613	506
56.663	534
56.713	567
56.763	558
56.814	580
56.864	568
56.914	538
56.964	526
57.014	484
57.065	446
57.115	415
57.166	358
57.216	330
57.266	293
57.316	250
57.367	230
57.417	217
57.467	201
57.517	212
57.567	219
57.617	246
57.668	282
57.718	305
57.768	354
57.818	395
57.868	435
57.919	480
57.969	497
58.019	550
58.070	568
58.120	562
58.170	580
58.221	559
58.271	545
58.321	520
58.371	465
58.421	450
58.472	409
58.522	352
58.572	324
58.622	287
58.672	245
58.722	228
58.773	208
58.823	208
58.873	214
58.923	220
58.974	249
59.024	290
59.075	316
59.125	359
59.175	391
59.225	447
59.275	483
59.326	505
59.376	553
59.426	552
59.476	578
59.526	578
59.576	549
59.627	549
59.677	514
59.727	467
59.777	445
59.827	397
59.878	352
59.929	320
59.979	273
60.029	248
60.079	225
60.129	204
60.180	207
60.230	223
60.280	220
60.330	254
60.380	281
60.430	327
60.481	365
60.531	398
60.581	452
60.631	467
60.681	527
60.731	554
60.783	552
60.833	582
60.883	573
60.933	550
60.983	548
61.034	489
61.084	474
61.134	441
61.184	381
61.234	353
61.284	315
61.335	272
61.385	245
61.435	217
61.485	208
61.535	209
61.585	208
61.636	230
61.687	258
61.737	288
61.787	330
61.837	356
61.888	414
61.938	456
61.988	475
62.038	530
62.088	553
62.138	564
62.189	581
62.239	552
62.289	564
62.339	543
62.389	488
62.440	472
62.490	433
62.540	384
62.591	350
62.641	300
62.691	274
62.742	243
62.792	216
62.842	209
62.892	211
62.942	209
62.992	232
63.043	256
63.093	299
63.143	334
63.193	361
63.243	419
63.294	455
63.344	488
63.394	533
63.444	535
63.495	575
63.545	578
63.596	551
63.646	563
63.696	533
63.746	495
63.796	468
63.846	415
63.897	388
63.947	346
63.997	297
64.047	271
64.097	243
64.148	213
64.198	209
64.248	204
64.298	218
64.348	235
64.399	257
64.450	303
64.500	335
64.550	370
64.600	424
64.650	442
64.700	501
64.751	534
64.801	544
64.851	576
64.901	567
64.951	569
65.002	560
65.052	510
65.102	500
65.152	463
65.202	413
65.252	385
65.304	339
65.354	298
65.404	268
65.454	232
65.504	218
65.555	209
65.605	204
65.655	220
65.705	251
65.755	264
65.805	306
65.856	327
65.906	383
65.956	426
66.006	451
66.056	503
66.106	516
66.157	559
66.208	576
66.258	558
66.308	572
66.358	558
66.409	518
66.459	498
66.509	449
66.559	421
66.609	381
66.659	328
66.710	302
66.760	267
66.810	230
66.860	218
66.910	223
66.960	204
67.011	223
67.061	232
67.112	272
67.162	308
67.212	334
67.263	385
67.313	415
67.363	465
67.413	504
67.463	514
67.513	561
67.564	571
67.614	562
67.664	569
67.714	530
67.764	531
67.814	494
67.865	441
67.915	423
67.966	378
68.016	330
68.066	302
68.117	259
68.167	233
68.217	221
68.267	208
68.317	213
68.367	226
68.418	232
68.468	274
68.518	300
68.568	342
68.618	387
68.668	414
68.719	467
68.769	500
68.819	523
68.870	560
68.920	550
68.971	577
69.021	566
69.071	532
69.121	528
69.171	489
69.221	447
69.272	420
69.322	362
69.372	336
69.422	301
69.472	256
69.523	239
69.573	223
69.623	208
69.673	215
69.723	221
69.774	242
69.825	278
69.875	300
69.925	347
69.975	388
70.025	421
70.075	469
70.126	490
70.176	538
70.226	558
70.276	554
70.326	573
70.377	558
70.427	544
70.477	526
70.527	464
70.577	457
70.627	418
70.679	364
70.729	336
70.779	300
70.829	258
70.879	239
70.929	216
70.980	214
71.030	218
71.080	224
71.130	246
71.180	281
71.231	306
71.281	349
71.331	376
71.381	433
71.431	468
71.481	489
71.532	538
71.583	547
71.633	564
71.683	572
71.733	540
71.784	551
71.834	522
71.884	474
71.934	454
71.984	413
72.034	368
72.085	335
72.135	291
72.185	266
72.235	239
72.285	217
72.335	216
72.386	223
72.436	224
72.487	249
72.537	273
72.587	317
72.638	351
72.688	384
72.738	435
72.788	463
72.838	504
72.888	537
72.939	532
72.989	570
73.039	568
73.089	544
73.139	550
73.189	495
73.240	481
73.290	452
73.340	402
73.391	372
73.441	333
73.492	290
73.542	264
73.592	253
73.642	216
73.692	217
73.742	216
73.793	231
73.843	251
73.893	276
73.943	319
73.993	351
74.043	392
74.094	438
74.144	456
74.194	509
74.244	535
74.295	545
74.346	570
74.396	544
74.446	561
74.496	548
74.546	496
74.596	483
74.647	447
74.697	400
74.747	369
74.797	319
74.847	290
74.897	263
74.948	232
74.998	222
75.048	219
75.098	214
75.148	232
75.200	246
75.250	284
75.300	321
75.350	343
75.400	399
75.450	437
75.501	464
75.551	511
75.601	517
75.651	560
75.701	569
75.752	551
75.802	560
75.852	541
75.902	504
75.952	481
76.002	424
76.053	408
76.104	366
76.154	320
76.204	293
76.254	261
76.304	230
76.355	223
76.405	212
76.455	222
76.505	234
76.555	248
76.606	291
76.656	324
76.706	352
76.756	403
76.806	424
76.856	479
76.907	512
76.957	520
77.008	560
77.058	563
77.108	557
77.158	559
77.209	516
77.259	512
77.309	476
77.359	428
77.409	405
77.460	362
77.510	316
77.560	291
77.610	250
77.660	235
77.710	223
77.761	213
77.811	223
77.862	237
77.912	256
77.962	293
78.012	316
78.063	363
78.113	406
78.163	428
78.213	482
78.263	509
78.314	535
78.364	562
78.414	545
78.464	568
78.514	556
78.564	525
78.615	509
78.665	466
78.715	432
78.766	401
78.816	344
78.867	322
78.917	287
78.967	248
79.017	234
79.067	223
79.117	210
79.168	224
79.218	231
79.268	260
79.318	297
79.368	318
79.418	367
79.469	405
79.519	443
79.569	484
79.619	499
79.670	546
79.721	561
79.771	554
79.821	568
79.871	544
79.921	535
79.971	507
80.022	450
80.072	438
80.122	397
80.172	346
80.222	319
80.272	291
80.323	248
80.373	232
80.423	214
80.473	219
80.523	226
80.575	232
80.625	265
80.675	306
80.725	326
80.775	371
80.825	397
80.876	452
80.926	487
80.976	509
81.026	548
81.076	538
81.126	570
81.177	568
81.227	533
81.277	536
81.327	500
81.377	457
81.428	434
81.479	383
81.529	348
81.579	315
81.629	272
81.679	250
81.730	231
81.780	215
81.830	218
81.880	223
81.930	234
81.980	268
82.031	293
82.081	337
82.131	374
82.181	406
82.231	457
82.282	475
82.332	526
82.383	550
82.433	543
82.483	571
82.533	563
82.584	542
82.634	534
82.684	481
82.734	464
82.784	429
82.835	375
82.885	347
82.935	311
82.985	268
83.035	247
83.085	222
83.136	216
83.186	219
83.236	218
83.287	241
83.337	273
83.387	296
83.438	341
83.488	364
83.538	422
83.588	460
83.638	478
83.689	529
83.739	547
83.789	557
83.839	572
83.889	538
83.939	555
83.990	530
84.040	477
84.090	462
84.140	423
84.191	376
84.241	343
84.292	297
84.342	273
84.392	245
84.442	219
84.492	217
84.543	221
84.593	224
84.643	243
84.693	267
84.743	309
84.793	343
84.844	371
84.894	426
84.944	457
84.994	494
85.044	531
85.096	534
85.146	568
85.196	571
85.246	549
85.296	553
85.346	521
85.397	485
85.447	460
85.497	405
85.547	381
85.597	341
85.647	297
85.698	271
85.748	247
85.798	218
85.848	218
85.898	216
85.948	228
86.000	246
86.050	268
86.100	311
86.150	343
86.200	380
86.251	429
86.301	446
86.351	501
86.401	531
86.451	538
86.501	568
86.552	558
86.602	559
86.652	551
86.702	500
86.752	491
86.803	456
86.853	406
86.904	379
86.954	337
87.004	297
87.054	270
87.105	237
87.155	225
87.205	219
87.255	214
87.305	229
87.355	255
87.406	272
87.456	313
87.506	335
87.556	390
87.606	430
87.657	453
87.707	504
87.758	510
87.808	553
87.858	568
87.908	542
87.959	562
88.009	547
88.059	505
88.109	489
88.159	439
88.209	414
88.260	377
88.310	325
88.360	302
88.410	269
88.460	236
88.511	226
88.561	223
88.611	212
88.662	231
88.712	244
88.762	282
88.813	316
88.863	339
88.913	393
88.963	422
89.013	467
89.064	505
89.114	514
89.164	557
89.214	564
89.264	556
89.314	561
89.365	530
89.415	522
89.465	486
89.515	434
89.566	415
89.616	372
89.667	325
89.717	299
89.767	258
89.817	240
89.867	226
89.918	213
89.968	222
90.018	234
90.068	244
90.118	285
90.168	308
90.219	354
90.269	395
90.319	418
90.369	473
90.419	504
90.470	524
90.521	557
90.571	541
90.621	568
90.671	558
90.721	529
90.772	518
90.822	479
90.872	441
90.922	411
90.972	355
91.022	331
91.073	297
91.123	258
91.173	240
91.223	227
91.273	212
91.323	223
91.375	227
91.425	254
91.475	289
91.525	312
91.575	358
91.626	396
91.676	432
91.726	476
91.776	491
91.826	539
91.876	557
91.927	551
91.977	568
92.027	548
92.077	537
92.127	517
92.177	461
92.228	447
92.279	408
92.329	357
92.379	329
92.429	295
92.480	256
92.530	238
92.580	218
92.630	219
92.680	223
92.730	229
92.781	256
92.831	291
92.881	316
92.931	361
92.981	388
93.032	443
93.082	477
93.132	497
93.183	541
93.233	547
93.283	563
93.334	568
93.384	536
93.434	543
93.484	510
93.534	464
93.584	445
93.635	403
93.685	358
93.735	327
93.785	282
93.835	260
93.886	238
93.936	217
93.986	220
94.036	239
94.087	230
94.137	259
94.188	284
94.238	328
94.288	364
94.338	392
94.388	447
94.438	464
94.489	514
94.539	543
94.589	534
94.639	570
94.689	564
94.740	541
94.790	541
94.840	486
94.890	472
94.940	440
94.991	386
95.042	360
95.092	322
95.142	280
95.192	257
95.242	239
95.292	212
95.343	220
95.393	220
95.443	238
95.493	263
95.543	288
95.594	331
95.644	353
95.694	408
95.744	449
95.794	469
95.844	518
95.896	542
95.946	548
95.996	569
96.046	542
96.096	557
96.147	538
96.197	484
96.247	471
96.297	435
96.347	387
96.397	356
96.448	310
96.498	282
96.548	255
96.598	227
96.648	222
96.698	222
96.749	218
96.800	240
96.850	258
96.900	298
96.950	335
97.001	359
97.051	414
97.101	449
97.151	477
97.201	521
97.251	527
97.302	563
97.352	568
97.402	547
97.452	556
97.502	532
97.552	494
97.603	469
97.653	414
97.704	394
97.754	353
97.804	309
97.855	282
97.905	253
97.955	224
98.005	220
98.055	214
98.105	226
98.156	241
98.206	262
98.256	302
98.306	337
98.356	366
98.406	417
98.457	435
98.507	491
98.558	522
98.608	532
98.658	565
98.709	563
98.759	558
98.809	556
98.859	509
98.909	502
98.959	466
99.010	416
99.060	392
99.110	349
99.160	307
99.210	281
99.260	245
99.311	232
99.361	222
99.411	216
99.462	228
99.512	245
99.563	264
99.613	305
99.663	327
99.713	379
99.763	420
99.813	442
99.864	494
99.914	516
99.964	544
100.014	564
100.064	545
100.115	566
100.165	551
100.215	511
100.265	497
100.315	455
100.366	423
100.417	387
100.467	337
100.517	311
100.567	276
100.617	240
100.667	229
100.718	223
100.768	212
100.818	230
100.868	238
100.918	274
100.969	309
101.019	333
101.069	382
101.119	415
101.169	457
101.219	496
101.271	510
101.321	553
101.371	564
101.421	553
101.471	564
101.521	528
101.572	527
101.622	494
101.672	438
101.722	425
101.772	382
101.823	332
101.873	308
101.923	281
101.973	240
102.023	228
102.073	212
102.124	221
102.175	231
102.225	241
102.275	278
102.325	315
102.376	342
102.426	387
102.476	415
102.526	467
102.576	500
102.626	520
102.677	555
102.727	545
102.777	571
102.827	563
102.877	525
102.927	526
102.978	487
103.028	440
103.079	420
103.129	363
103.179	332
103.230	302
103.280	260
103.330	242
103.380	227
103.430	212
103.480	220
103.531	226
103.581	245
103.631	283
103.681	305
103.731	352
103.781	391
103.832	424
103.882	471
103.932	488
103.983	537
104.033	558
104.084	547
104.134	570
104.184	555
104.234	538
104.284	520
104.334	462
104.385	450
104.435	414
104.485	356
104.535	332
104.585	297
104.635	256
104.686	238
104.736	219
104.786	216
104.836	221
104.887	226
104.938	252
104.988	287
105.038	312
105.088	356
105.138	385
105.188	441
105.239	476
105.289	495
105.339	542
105.389	554
105.439	563
105.489	570
105.540	533
105.590	547
105.640	514
105.690	464
105.740	447
105.792	405
105.842	357
105.892	326
105.942	280
105.992	258
106.042	235
106.093	214
106.143	215
106.193	223
106.243	224
106.293	255
106.344	280
106.394	325
106.444	361
106.494	390
106.544	445
106.594	475
106.645	510
106.696	545
106.746	538
106.796	572
106.846	570
106.896	545
106.947	545
106.997	504
107.047	470
107.097	442
107.147	387
107.198	360
107.248	322
107.298	279
107.348	255
107.398	235
107.448	210
107.499	215
107.549	214
107.600	234
107.650	259
107.700	286
107.750	329
107.801	363
107.851	402
107.901	450
107.951	465
108.001	521
108.052	547
108.102	551
108.152	574
108.202	553
108.252	557
108.302	542
108.353	483
108.403	473
108.454	437
108.504	384
108.554	355
108.604	323
108.655	276
108.705	252
108.755	224
108.805	216
108.855	215
108.906	214
108.956	235
109.006	269
109.056	292
109.106	332
109.156	358
109.207	414
109.257	452
109.307	478
109.358	525
109.408	525
109.459	567
109.509	574
109.559	551
109.609	558
109.659	536
109.709	492
109.760	470
109.810	423
109.860	390
109.910	352
109.960	304
110.010	279
110.061	249
110.111	221
110.161	216
110.211	211
110.262	212
110.313	237
110.363	257
110.413	302
110.463	335
110.513	364
110.563	417
110.614	436
110.664	493
110.714	527
110.764	533
110.814	569
110.864	568
110.915	556
110.965	557
111.015	514
111.065	500
111.115	466
111.167	412
111.217	390
111.267	348
111.317	304
111.367	276
111.417	242
111.468	224
111.518	216
111.568	208
111.618	223
111.668	239
111.718	261
111.769	304
111.819	328
111.869	378
111.919	420
111.969	443
112.020	496
112.071	524
112.121	542
112.171	568
112.221	548
112.271	569
112.322	555
112.372	512
112.422	498
112.472	459
112.522	418
112.572	386
112.623	330
112.673	307
112.723	273
112.773	236
112.823	224
112.874	219
112.924	208
112.975	226
113.025	237
113.075	273
113.125	308
113.176	330
113.226	382
113.276	421
113.326	456
113.376	500
113.427	517
113.477	556
113.527	569
113.577	551
113.627	566
113.677	543
113.728	525
113.778	494
113.828	440
113.879	423
113.929	380
113.979	329
114.030	304
114.080	270
114.130	232
114.180	223
114.230	211
114.281	216
114.331	227
114.381	237
114.431	277
114.481	311
114.531	340
114.582	388
114.632	412
114.682	468
114.732	502
114.783	518
114.833	558
114.884	554
114.934	570
114.984	565
115.034	531
115.084	527
115.135	488
115.185	441
115.235	419
115.285	371
115.335	328
115.385	299
115.436	257
115.486	238
115.536	221
115.586	208
115.636	218
115.688	239
115.738	240
115.788	281
115.838	307
115.888	352
115.938	393
115.989	425
116.039	472
116.089	491
116.139	539
116.189	561
116.239	549
116.290	574
116.340	560
116.390	534
116.440	522
116.490	467
116.540	448
116.592	413
116.642	354
116.692	330
116.742	295
116.792	252
116.843	234
116.893	215
116.943	208
116.993	217
117.043	224
117.093	249
117.144	285
117.194	308
117.244	356
117.294	381
117.344	440
117.395	476
117.445	492
117.496	544
117.546	560
117.596	560
117.646	574
117.697	540
117.747	551
117.797	518
117.847	460
117.897	448
117.947	407
117.998	355
118.048	327
118.098	283
118.148	256
118.198	233
118.249	212
118.299	213
118.350	219
118.400	224
118.450	252
118.500	279
118.551	320
118.601	359
118.651	390
118.701	445
118.751	477
118.801	507
118.852	546
118.902	547
118.952	575
119.002	573
119.052	544
119.103	547
119.153	508
119.203	467
119.254	445
119.304	388
119.354	361
119.405	323
119.455	280
119.505	254
119.555	231
119.605	209
119.656	213
119.706	214
119.756	232
119.806	257
119.856	282
119.906	327
119.957	362
120.007	400
120.057	450
120.107	466
120.158	522
120.208	548
120.259	548
120.309	576
120.359	563
120.409	553
120.459	543
120.510	489
120.560	474
120.610	440
120.660	387
120.710	356
120.760	317
120.811	274
120.861	249
120.911	223
120.961	215
121.011	214
121.062	214
121.113	234
121.163	263
121.213	290
121.263	332
121.313	356
121.364	414
121.414	453
121.464	476
121.514	526
121.564	540
121.614	567
121.665	576
121.715	552
121.765	561
121.815	538
121.865	489
121.915	470
121.967	430
122.017	388
122.067	350
122.117	302
122.167	277
122.218	246
122.268	220
122.318	213
122.368	223
122.418	214
122.468	236
122.519	259
122.569	301
122.619	335
122.669	366
122.719	419
122.769	445
122.820	494
122.871	531
122.921	535
122.971	573
123.021	574
123.072	558
123.122	561
123.172	513
123.222	500
123.272	468
123.322	416
123.373	389
123.423	346
123.473	300
123.523	273
123.573	237
123.624	218
123.674	213
123.724	207
123.775	221
123.825	239
123.875	259
123.926	304
123.976	327
124.026	377
124.076	423
124.126	445
124.176	499
124.227	528
124.277	543
124.327	573
124.377	555
124.427	571
124.478	558
124.528	514
124.578	498
124.628	461
124.679	416
124.729	384
124.780	330
124.830	304
124.880	271
124.930	234
124.980	223
125.030	215
125.081	208
125.131	223
125.181	232
125.231	272
125.281	307
125.332	330
125.382	384
125.432	424
125.482	455
125.532	503
125.583	515
125.634	559
125.684	572
125.734	553
125.784	568
125.834	550
125.884	521
125.935	496
125.985	441
126.035	424
126.085	379
126.135	329
126.186	302
126.236	269
126.286	232
126.336	221
126.386	208
126.436	215
126.488	226
126.538	234
126.588	276
126.638	311
126.688	338
126.739	388
126.789	412
126.839	469
126.889	506
126.939	516
126.989	562
127.040	565
127.090	569
127.140	567
127.190	532
127.240	528
127.290	490
127.341	439
127.392	420
127.442	374
127.492	328
127.542	299
127.593	256
127.643	236
127.693	220
127.743	207
127.793	215
127.843	231
127.894	240
127.944	280
127.994	305
128.044	351
128.094	393
128.144	423
128.195	473
128.245	500
128.296	536
128.346	564
128.396	555
128.447	576
128.497	564
128.547	538
128.597	524
128.647	478
128.697	448
128.748	415
128.798	356
128.848	331
128.898	295
128.948	254
128.998	233
129.049	235
129.099	205
129.150	215
129.200	219
129.250	248
129.301	285
129.351	310
129.401	355
129.451	393
129.501	436
129.551	478
129.602	496
129.652	545
129.702	564
129.752	563
129.802	576
129.852	537
129.903	550
129.953	520
130.003	463
130.054	449
130.104	409
130.155	354
130.205	326
130.255	295
130.305	248
130.355	231
130.405	212
130.456	211
130.506	217
130.556	220
130.606	251
130.656	287
130.707	316
130.757	359
130.807	390
130.857	446
130.907	480
130.958	506
131.009	549
131.059	544
131.109	578
131.159	575
131.209	545
131.259	550
131.310	513
131.360	470
131.410	447
131.460	389
131.510	358
131.561	323
131.611	278
131.661	252
131.711	230
131.761	208
131.811	212
131.863	213
131.913	226
131.963	255
132.013	281
132.063	326
132.113	363
132.164	398
132.214	449
132.264	469
132.314	523
132.364	551
132.415	554
132.465	579
132.515	570
132.565	552
132.615	546
132.665	489
132.716	476
132.767	441
132.817	384
132.867	356
132.917	317
132.968	273
133.018	248
133.068	222
133.118	213
133.168	212
133.218	212
133.269	233
133.319	261
133.369	288
133.419	330
133.469	357
133.519	414
133.570	454
133.620	474
133.671	527
133.721	548
133.771	563
133.822	579
133.872	554
133.922	564
133.972	542
134.022	487
134.072	472
134.123	432
134.173	386
134.223	352
134.273	303
134.323	277
134.373	246
134.424	218
134.474	212
134.524	215
134.575	213
134.625	234
134.676	257
134.726	300
134.776	335
134.826	365
134.876	420
134.926	453
134.977	491
135.027	533
135.077	536
135.127	575
135.177	578
135.227	558
135.278	562
135.328	525
135.378	498
135.428	468
135.479	414
135.530	389
135.580	345
135.630	300
135.680	272
135.730	253
135.780	212
135.831	210
135.881	206
135.931	220
135.981	237
136.031	259
136.081	304
136.132	341
136.182	376
136.232	425
136.282	449
136.332	502
136.384	534
136.434	546
136.484	576
136.534	547
136.584	572
136.634	561
136.685	511
136.735	500
136.785	462
136.835	416
136.885	384
136.936	341
136.986	300
137.036	268
137.086	232
137.136	219
137.186	211
137.237	205
137.288	223
137.338	247
137.388	266
137.438	308
137.488	331
137.539	386
137.589	428
137.639	456
137.689	506
137.739	514
137.790	565
137.840	577
137.890	554
137.940	572
137.990	555
138.040	519
138.091	496
138.141	443
138.192	421
138.242	378
138.292	325
138.342	300
138.393	265
138.443	229
138.493	217
138.543	205
138.593	208
138.644	223
138.694	234
138.744	276
138.794	311
138.844	336
138.894	390
138.945	417
138.995	472
139.046	510
139.096	521
139.146	566
139.196	573
139.247	566
139.297	570
139.347	534
139.397	527
139.447	491
139.498	437
139.548	419
139.598	373
139.648	324
139.698	296
139.748	253
139.799	232
139.849	217
139.899	206
139.950	214
140.000	227
140.051	237
140.101	280
140.151	304
140.201	352
140.251	395
140.301	424
140.352	476
140.402	509
140.452	537
140.502	566
140.552	553
140.602	579
140.653	567
140.703	536
140.753	524
140.803	482
140.854	441
140.905	414
140.955	354
141.005	330
141.055	292
141.105	250
141.155	231
141.206	219
141.256	204
141.306	214
141.356	221
141.406	248
141.456	285
141.507	309
141.557	357
141.607	397
141.657	436
141.707	481
141.759	497
141.809	549
141.859	568
141.909	559
141.959	578
142.009	556
142.060	545
142.110	520
142.160	466
142.210	449
142.260	408
142.310	354
142.361	326
142.411	290
142.461	248
142.511	229
142.561	208
142.612	209
142.663	215
142.713	220
142.763	250
142.813	290
142.863	316
142.914	360
142.964	389
143.014	446
143.064	481
143.114	504
143.164	550
143.215	540
143.265	577
143.315	577
143.365	544
143.415	551
143.466	514
143.516	468
143.567	447
143.617	398
143.667	356
143.717	322
143.768	278
143.818	252
143.868	230
143.918	208
143.968	211
144.019	231
144.069	224
144.119	254
144.169	283
144.219	325
144.269	362
144.320	395
144.370	449
144.420	467
144.471	521
144.521	550
144.571	548
144.622	578
144.672	571
144.722	549
144.772	547
144.822	491
144.873	476
144.923	443
144.973	385
145.023	359
145.073	319
145.123	277
145.174	251
145.224	223
145.274	209
145.324	213
145.375	212
145.425	231
145.476	258
145.526	288
145.576	327
145.626	354
145.676	410
145.727	452
145.777	469
145.827	525
145.877	548
145.927	560
145.977	578
146.028	548
146.078	562
146.128	543
146.178	488
146.228	474
146.280	435
146.330	387
146.380	354
146.430	307
146.480	278
146.530	247
146.581	220
146.631	213
146.681	215
146.731	212
146.781	234
146.831	254
146.882	298
146.932	334
146.982	359
147.032	416
147.082	451
147.132	485
147.184	528
147.234	533
147.284	572
147.334	577
147.384	554
147.435	562
147.485	533
147.535	495
147.585	470
147.635	414
147.685	393
147.736	349
147.786	305
147.836	275
147.886	247
147.936	216
147.987	212
148.037	209
148.088	221
148.138	237
148.188	258
148.238	301
148.289	335
148.339	368
148.389	421
148.439	441
148.489	497
148.539	531
148.590	542
148.640	574
148.690	568
148.740	567
148.790	560
148.841	512
148.891	502
148.942	465
148.992	414
149.042	388
149.092	343
149.143	301
149.193	272
149.243	237
149.293	222
149.343	213
149.393	205
149.444	222
149.494	239
149.544	264
149.594	305
149.644	326
149.695	381
149.745	423
149.795	448
149.846	501
149.896	523
149.946	555
149.997	573
150.047	556
150.097	572
150.147	556
150.197	515
150.248	498
150.298	447
150.348	422
150.398	383
150.448	331
150.498	305
150.549	269
150.599	232
150.649	220
150.699	229
150.750	205
150.800	223
150.851	234
150.901	271
150.951	309
151.001	332
151.051	384
151.102	415
151.152	464
151.202	504
151.252	515
151.302	561
151.352	571
151.403	563
151.453	570
151.503	528
151.553	529
151.603	494
151.654	440
151.705	423
151.755	378
151.805	329
151.855	300
151.905	259
151.956	232
152.006	219
152.056	205
152.106	214
152.156	227
152.206	236
152.257	276
152.307	299
152.357	344
152.407	389
152.457	418
152.507	470
152.559	505
152.609	530
152.659	562
152.709	550
152.759	578
152.810	567
152.860	539
152.910	527
152.960	486
153.010	445
153.060	419
153.111	359
153.161	333
153.211	298
153.261	256
153.311	235
153.361	219
153.412	204
153.463	214
153.513	220
153.563	244
153.613	280
153.664	302
153.714	350
153.764	391
153.814	427
153.864	474
153.914	493
153.965	542
154.015	563
154.065	554
154.115	576
154.165	559
154.216	543
154.266	522
154.316	468
154.367	453
154.417	414
154.467	357
154.518	331
154.568	295
154.618	256
154.668	234
154.718	212
154.768	211
154.819	216
154.869	220
154.919	248
154.969	285
155.019	309
155.070	354
155.120	385
155.170	441
155.220	477
155.271	498
155.321	544
155.372	557
155.422	569
155.472	575
155.522	543
155.572	550
155.622	517
155.673	466
155.723	448
155.773	404
155.823	360
155.873	326
155.924	282
155.974	256
156.024	231
156.074	210
156.124	211
156.175	221
156.226	224
156.276	251
156.326	277
156.376	322
156.426	358
156.476	390
156.527	445
156.577	472
156.627	514
156.677	547
156.727	548
156.778	576
156.828	571
156.878	547
156.928	549
156.978	489
157.028	476
157.080	444
157.130	391
157.180	361
157.230	321
157.280	276
157.331	252
157.381	243
157.431	208
157.481	211
157.531	212
157.581	230
157.632	255
157.682	282
157.732	325
157.782	361
157.832	404
157.882	448
157.933	468
157.984	522
158.034	547
158.084	552
158.134	576
158.185	544
158.235	562
158.285	545
158.335	484
158.385	476
158.435	438
158.486	391
158.536	356
158.586	311
158.636	276
158.686	249
158.736	223
158.787	213
158.837	213
158.888	212
158.938	232
158.988	251
159.039	290
159.089	329
159.139	352
159.189	411
159.239	450
159.289	476
159.340	525
159.390	528
159.440	570
159.490	576
159.540	552
159.590	562
159.641	538
159.691	494
159.742	472
159.792	420
159.842	394
159.893	353
159.943	304
159.993	278
160.043	249
160.093	218
160.143	213
160.194	206
160.244	216
160.294	234
160.344	256
160.394	298
160.444	332
160.495	362
160.545	415
160.595	434
160.646	492
160.696	526
160.747	533
160.797	570
160.847	568
160.897	562
160.947	560
160.997	518
161.048	504
161.098	468
161.148	420
161.198	391
161.248	347
161.299	304
161.349	274
161.399	238
161.449	223
161.499	213
161.550	205
161.601	221
161.651	238
161.701	257
161.751	301
161.801	324
161.851	376
161.902	420
161.952	445
162.002	496
162.052	523
162.102	547
162.153	571
162.203	548
162.253	571
162.303	557
162.353	518
162.403	500
162.455	460
162.505	420
162.555	387
162.605	333
162.655	307
162.705	273
162.756	236
162.806	223
162.856	215
162.906	208
162.956	223
163.007	230
163.057	269
163.107	305
163.157	329
163.207	380
163.257	419
163.308	457
163.359	500
163.409	515
163.459	557
163.509	570
163.560	558
163.610	570
163.660	543
163.710	528
163.760	496
163.810	443
163.861	425
163.911	381
163.961	330
164.011	304
164.061	279
164.111	234
164.162	221
164.212	208
164.263	214
164.313	225
164.363	234
164.414	274
164.464	315
164.514	338
164.564	386
164.614	411
164.664	468
164.715	502
164.765	523
164.815	561
164.865	550
164.915	575
164.965	567
165.016	527
165.066	528
165.116	490
165.167	443
165.217	421
165.268	371
165.318	330
165.368	300
165.418	257
165.468	237
165.518	221
165.569	204
165.619	215
165.669	219
165.719	240
165.769	278
165.819	303
165.870	348
165.920	389
165.970	423
166.020	471
166.071	485
166.122	541
166.172	561
166.222	550
166.272	576
166.322	561
166.372	539
166.423	525
166.473	470
166.523	453
166.573	416
166.623	357
166.673	331
166.724	296
166.774	256
166.824	235
166.874	213
166.924	210
166.976	215
167.026	221
167.076	247
167.126	283
167.176	307
167.226	353
167.277	383
167.327	438
167.377	475
167.427	498
167.477	544
167.528	559
167.578	563
167.628	576
167.678	542
167.728	550
167.778	520
167.829	467
167.880	449
167.930	408
167.980	359
168.030	328
168.080	282
168.131	257
168.181	232
168.231	211
168.281	211
168.331	219
168.382	222
168.432	250
168.482	276
168.532	321
168.582	357
168.632	388
168.683	444
168.733	475
168.784	508
168.834	546
168.884	541
168.934	576
168.985	573
169.035	543
169.085	548
169.135	510
169.185	470
169.236	446
169.286	391
169.336	362
169.386	323
169.436	281
169.486	253
169.537	231
169.587	208
169.638	211
169.688	211
169.738	230
169.788	255
169.839	281
169.889	326
169.939	361
169.989	400
170.039	449
170.090	471
170.140	522
170.190	549
170.240	553
170.290	576
170.340	561
170.391	556
170.441	544
170.491	489
170.542	475
170.592	440
170.643	388
170.693	356
170.743	317
170.793	272
170.843	248
170.893	220
170.944	213
170.994	210
171.044	210
171.094	232
171.144	270
171.194	288
171.245	330
171.295	356
171.345	413
171.395	453
171.446	477
171.497	526
171.547	526
171.597	568
171.647	577
171.697	546
171.747	561
171.798	540
171.848	493
171.898	471
171.948	424
171.998	390
172.048	351
172.099	304
172.149	277
172.199	245
172.249	218
172.299	212
172.351	223
172.401	212
172.451	235
172.501	253
172.551	300
172.601	334
172.652	362
172.702	419
172.752	439
172.802	494
172.852	530
172.902	538
172.953	573
173.003	573
173.053	562
173.103	560
173.153	509
173.204	501
173.255	466
173.305	411
173.355	387
173.405	344
173.455	298
173.506	271
173.556	233
173.606	216
173.656	210
173.706	207
173.756	220
173.807	238
173.857	258
173.907	304
173.957	326
174.007	378
174.058	423
174.108	445
174.159	501
174.209	528
174.259	547
174.309	574
174.360	550
174.410	573
174.460	558
174.510	514
174.560	498
174.611	459
174.661	416
174.711	383
174.761	330
174.811	304
174.861	268
174.912	232
174.962	219
175.012	213
175.063	204
175.113	222
175.163	233
175.214	273
175.264	307
175.314	330
175.364	385
175.414	423
175.465	460
175.515	505
175.565	512
175.615	562
175.665	573
175.715	557
175.766	568
175.816	547
175.866	521
175.916	494
175.967	438
176.017	421
176.068	377
176.118	328
176.168	299
176.218	265
176.268	228
176.319	217
176.369	205
176.419	212
176.469	223
176.519	235
176.569	276
176.620	311
176.670	340
176.720	390
176.770	416
176.820	472
176.872	508
176.922	522
176.972	564
177.022	564
177.072	571
177.122	567
177.173	529
177.223	525
177.273	487
177.323	440
177.373	415
177.423	369
177.474	324
177.524	293
177.574	250
177.624	231
177.674	216
177.724	204
177.776	213
177.826	231
177.876	236
177.926	282
177.976	307
178.027	353
178.077	395
178.127	426
178.177	478
178.227	493
178.277	543
178.328	567
178.378	558
178.428	577
178.478	562
178.528	534
178.579	520
178.629	463
178.680	445
178.730	410
178.780	354
178.830	325
178.881	289
178.931	248
178.981	228
179.031	229
179.081	200
179.131	214
179.182	218
179.232	249
179.282	286
179.332	310
179.382	358
179.433	395
179.483	442
179.534	482
179.584	503
179.634	549
179.684	566
179.735	566
179.785	577
179.835	534
179.885	548
179.935	516
179.985	458
180.036	445
180.086	403
180.136	349
180.186	320
180.236	275
180.287	245
180.337	227
180.387	206
180.438	208
180.488	215
180.538	220
180.589	253
180.639	280
180.689	320
180.739	362
180.789	390
180.840	448
180.890	482
180.940	510
180.990	550
181.040	545
181.090	579
181.141	575
181.191	541
181.241	548
181.291	508
181.342	465
181.392	442
181.443	386
181.493	354
181.543	318
181.593	272
181.643	249
181.694	227
181.744	206
181.794	209
181.844	212
181.894	229
181.944	257
181.995	284
182.045	327
182.095	364
182.145	401
182.195	451
182.246	467
182.297	524
182.347	551
182.397	555
182.447	578
182.497	567
182.548	552
182.598	544
182.648	486
182.698	473
182.748	437
182.798	382
182.849	352
182.899	314
182.949	270
182.999	246
183.049	217
183.099	211
183.151	210
183.201	212
183.251	232
183.301	262
183.351	289
183.402	330
183.452	356
183.502	415
183.552	454
183.602	476
183.652	528
183.703	546
183.753	565
183.803	577
183.853	546
183.903	561
183.953	538
184.004	492
184.055	469
184.105	427
184.155	385
184.205	349
184.256	300
184.306	274
184.356	244
184.406	218
184.456	211
184.506	227
184.557	212
184.607	235
184.657	256
184.707	300
184.757	335
184.808	362
184.858	420
184.908	445
184.959	492
185.009	530
185.059	533
185.110	573
185.160	573
185.210	556
185.260	560
185.310	512
185.360	498
185.411	465
185.461	411
185.511	387
185.561	344
185.611	298
185.662	271
185.712	251
185.762	212
185.812	211
185.863	206
185.913	220
185.964	238
186.014	261
186.064	304
186.114	335
186.164	376
186.214	424
186.265	447
186.315	501
186.365	532
186.415	543
186.465	574
186.516	552
186.566	572
186.616	557
186.666	517
186.716	497
186.767	459
186.818	411
186.868	382
186.918	327
186.968	298
187.018	266
187.068	232
187.119	219
187.169	211
187.219	205
187.269	223
187.319	234
187.370	272
187.420	308
187.470	335
187.520	386
187.570	426
187.620	457
187.672	505
187.722	515
187.772	561
187.822	574
187.872	556
187.923	568
187.973	551
188.023	515
188.073	493
188.123	437
188.173	420
188.224	376
188.274	322
188.324	297
188.374	263
188.424	228
188.474	217
188.525	206
188.576	212
188.626	224
188.676	235
188.726	277
188.777	312
188.827	338
188.877	390
188.927	417
188.977	472
189.027	508
189.078	522
189.128	563
189.178	568
189.228	567
189.278	567
189.328	528
189.379	526
189.429	488
189.480	436
189.530	417
189.580	369
189.631	324
189.681	295
189.731	252
189.781	233
189.831	217
189.881	204
189.932	213
189.982	227
190.032	237
190.082	280
190.132	305
190.182	352
190.233	394
190.283	424
190.334	475
190.384	505
190.434	535
190.485	564
190.535	550
190.585	576
190.635	564
190.685	533
190.735	521
190.786	479
190.836	445
190.886	412
190.936	355
190.986	328
191.036	293
191.087	250
191.137	232
191.187	221
191.238	202
191.288	214
191.339	218
191.389	248
191.439	285
191.489	309
191.539	355
191.589	394
191.640	436
191.690	478
191.740	491
191.790	545
191.840	563
191.891	561
191.941	575
191.991	537
192.041	547
192.091	519
192.142	461
192.193	448
192.243	407
192.293	354
192.343	325
192.393	297
192.443	250
192.494	231
192.544	211
192.594	210
192.644	216
192.694	220
192.745	250
192.795	294
192.845	316
192.895	359
192.945	388
192.995	444
193.047	479
193.097	506
193.147	547
193.197	537
193.247	575
193.297	574
193.348	542
193.398	548
193.448	511
193.498	464
193.548	445
193.599	391
193.649	356
193.699	322
193.749	276
193.799	252
193.849	230
193.900	208
193.951	211
194.001	215
194.051	224
194.101	254
194.152	282
194.202	325
194.252	362
194.302	395
194.352	448
194.402	462
194.453	521
194.503	549
194.553	548
194.603	576
194.653	568
194.703	548
194.754	545
194.804	487
194.855	474
194.905	441
194.955	384
195.006	358
195.056	319
195.106	276
195.156	250
195.206	222
195.256	212
195.307	212
195.357	212
195.407	231
195.457	259
195.507	286
195.557	328
195.608	353
195.658	411
195.708	450
195.759	473
195.809	524
195.860	545
195.910	558
195.960	576
196.010	544
196.060	560
196.110	541
196.161	491
196.211	473
196.261	433
196.311	388
196.361	353
196.411	306
196.462	280
196.512	248
196.562	220
196.612	214
196.663	215
196.714	210
196.764	234
196.814	254
196.864	296
196.914	331
196.964	356
197.015	413
197.065	447
197.115	483
197.165	526
197.215	530
197.265	569
197.316	572
197.366	555
197.416	560
197.466	531
197.516	498
197.568	469
197.618	415
197.668	392
197.718	349
197.768	306
197.818	277
197.869	249
197.919	218
197.969	214
198.019	208
198.069	220
198.120	236
198.170	258
198.220	300
198.270	334
198.320	368
198.370	418
198.421	438
198.472	494
198.522	526
198.572	539
198.622	570
198.672	557
198.723	567
198.773	558
198.823	511
198.873	501
198.923	464
198.974	416
199.024	389
199.074	347
199.124	304
199.174	274
199.224	239
199.275	224
199.325	215
199.376	208
199.426	222
199.476	251
199.526	261
199.577	304
199.627	327
199.677	378
199.727	421
199.777	446
199.828	497
199.878	510
199.928	554
199.978	570
200.028	551
200.078	569
200.129	554
200.179	516
200.230	498
200.280	449
200.330	423
200.380	385
200.431	331
200.481	307
200.531	272
200.581	236
200.631	223
200.682	207
200.732	204
200.782	224
200.832	233
200.882	270
200.932	307
200.983	332
201.033	383
201.083	415
201.134	462
201.184	500
201.235	512
201.285	558
201.335	566
201.385	560
201.435	568
201.485	532
201.536	530
201.586	495
201.636	439
201.686	424
201.736	379
201.786	331
201.837	303
201.887	261
201.937	236
201.987	221
202.038	208
202.089	215
202.139	227
202.189	236
202.239	274
202.289	299
202.339	344
202.390	386
202.440	417
202.490	466
202.540	498
202.590	525
202.640	559
202.691	549
202.741	575
202.791	565
202.841	533
202.891	528
202.943	486
202.993	446
203.043	420
203.093	361
203.143	337
203.193	300
203.244	259
203.294	239
203.344	223
203.394	208
203.444	216
203.494	220
203.545	244
203.595	278
203.645	302
203.695	347
203.745	388
203.796	426
203.847	470
203.897	485
203.947	539
203.997	559
204.047	554
204.098	573
204.148	555
204.198	543
204.248	523
204.298	467
204.348	453
204.399	416
204.449	359
204.499	333
204.549	297
204.599	257
204.650	236
204.700	214
204.751	212
204.801	218
204.851	220
204.901	247
204.952	283
205.002	310
205.052	352
205.102	378
205.152	437
205.203	472
205.253	493
205.303	541
205.353	549
205.403	569
205.453	573
205.504	542
205.554	550
205.604	518
205.655	469
205.705	450
205.755	406
205.806	362
205.856	329
205.906	284
205.956	259
206.006	234
206.057	210
206.107	213
206.157	235
206.207	220
206.257	250
206.307	278
206.358	319
206.408	356
206.458	386
206.508	442
206.559	461
206.609	512
206.660	544
206.710	547
206.760	574
206.810	570
206.860	549
206.911	548
206.961	493
207.011	479
207.061	446
207.111	393
207.161	363
207.212	323
207.262	280
207.312	254
207.362	227
207.412	208
207.464	213
207.514	212
207.564	230
207.614	255
207.664	280
207.714	325
207.765	351
207.815	402
207.865	447
207.915	466
207.965	520
208.015	545
208.066	553
208.116	575
208.166	550
208.216	563
208.266	546
208.316	492
208.368	477
208.418	439
208.468	390
208.518	358
208.568	311
208.619	280
208.669	252
208.719	223
208.769	215
208.819	214
208.869	210
208.920	232
208.970	252
209.020	292
209.070	328
209.120	354
209.171	411
209.221	448
209.272	476
209.322	524
209.372	525
209.422	569
209.473	574
209.523	552
209.573	560
209.623	536
209.673	494
209.723	472
209.774	420
209.824	394
209.874	353
209.924	305
209.974	279
210.025	249
210.075	218
210.126	214
210.176	208
210.226	220
210.276	235
210.327	254
210.377	298
210.427	331
210.477	362
210.527	415
210.577	435
210.628	492
210.678	525
210.728	535
210.778	570
210.828	566
210.879	563
210.929	560
210.979	513
211.030	504
211.080	468
211.130	417
211.181	392
211.231	347
211.281	304
211.331	275
211.381	238
211.432	224
211.482	213
211.532	208
211.582	221
211.632	239
211.682	258
211.733	303
211.783	323
211.833	377
211.883	420
211.934	443
211.984	497
212.035	521
212.085	550
212.135	571
212.185	550
212.235	571
212.286	556
212.336	519
212.386	500
212.436	455
212.486	423
212.536	386
212.587	332
212.637	307
212.687	271
212.737	234
212.787	221
212.838	218
212.889	208
212.939	222
212.989	231
213.039	269
213.089	305
213.140	330
213.190	382
213.240	417
213.290	461
213.340	501
213.390	516
213.441	559
213.491	570
213.541	563
213.591	570
213.641	534
213.691	529
213.743	495
213.793	440
213.843	425
213.893	380
213.943	330
213.994	303
214.044	271
214.094	232
214.144	221
214.194	206
214.244	213
214.295	225
214.345	234
214.395	275
214.445	299
214.495	341
214.545	386
214.596	414
214.647	469
214.697	502
214.747	525
214.797	561
214.848	544
214.898	577
214.948	566
214.998	532
215.048	527
215.098	487
215.149	444
215.199	419
215.249	360
215.299	332
215.349	298
215.400	256
215.450	236
215.500	219
215.551	204
215.601	214
215.651	217
215.702	240
215.752	279
215.802	305
215.852	349
215.902	390
215.952	427
216.003	474
216.053	489
216.103	542
216.153	563
216.203	553
216.254	576
216.304	559
216.354	542
216.404	523
216.455	466
216.505	452
216.556	413
216.606	359
216.656	330
216.706	293
216.756	252
216.806	232
216.857	210
216.907	210
216.957	214
217.007	220
217.057	247
217.108	283
217.158	308
217.208	354
217.258	382
217.308	441
217.359	477
217.410	496
217.460	545
217.510	560
217.560	568
217.610	575
217.660	548
217.711	551
217.761	517
217.811	465
217.861	448
217.911	404
217.962	358
218.012	325
218.062	281
218.112	255
218.162	230
218.212	210
218.264	210
218.314	219
218.364	218
218.414	251
218.464	279
218.515	322
218.565	358
218.615	388
218.665	445
218.715	475
218.765	513
218.816	548
218.866	545
218.916	576
218.966	572
219.016	548
219.066	548
219.117	502
219.168	472
219.218	444
219.268	387
219.318	359
219.369	321
219.419	275
219.469	250
219.519	231
219.569	208
219.619	210
219.670	212
219.720	229
219.770	254
219.820	281
219.870	325
219.920	362
219.971	403
220.021	449
220.072	469
220.122	523
220.172	548
220.223	553
220.273	577
220.323	546
220.373	560
220.423	544
220.473	488
220.524	474
220.574	438
220.624	387
220.674	355
220.724	319
220.774	272
220.825	248
220.875	221
220.926	212
220.976	212
221.026	210
221.077	231
221.127	255
221.177	288
221.227	329
221.277	355
221.327	413
221.378	452
221.428	477
221.478	526
221.528	529
221.578	571
221.628	577
221.679	545
221.729	562
221.779	537
221.830	493
221.880	471
221.931	423
221.981	388
222.031	351
222.081	303
222.131	276
222.181	245
222.232	216
222.282	212
222.332	207
222.382	212
222.432	234
222.483	256
222.533	299
222.583	333
222.633	361
222.683	418
222.734	440
222.785	494
222.835	529
222.885	533
222.935	572
222.985	571
223.035	561
223.086	560
223.136	512
223.186	503
223.236	466
223.286	414
223.337	389
223.387	345
223.437	302
223.487	273
223.537	237
223.587	220
223.639	211
223.689	206
223.739	221
223.789	238
223.839	260
223.889	302
223.940	324
223.990	378
224.040	421
224.090	445
224.140	498
224.191	526
224.241	548
224.291	572
224.341	551
224.391	571
224.441	557
224.492	511
224.543	498
224.593	460
224.643	417
224.693	385
224.744	330
224.794	305
224.844	270
224.894	233
224.944	220
224.994	214
225.045	208
225.095	222
225.145	231
225.195	271
225.245	307
225.295	331
225.346	383
225.396	422
225.447	459
225.497	502
225.547	512
225.598	560
225.648	572
225.698	555
225.748	571
225.798	546
225.848	523
225.899	495
225.949	437
225.999	423
226.049	378
226.099	328
226.149	301
226.200	269
226.250	228
226.300	219
226.351	206
226.401	212
226.452	223
226.502	235
226.552	274
226.602	311
226.652	338
226.702	389
226.753	415
226.803	470
226.853	505
226.903	526
226.953	562
227.003	542
227.054	574
227.104	567
227.154	528
227.204	526
227.255	488
227.306	439
227.356	419
227.406	371
227.456	328
227.506	297
227.556	254
227.607	234
227.657	218
227.707	204
227.757	213
227.807	223
227.857	236
227.908	279
227.958	302
228.008	349
228.058	391
228.108	423
228.160	473
228.210	491
228.260	541
228.310	563
228.360	554
228.410	576
228.461	562
228.511	539
228.561	523
228.611	463
228.661	451
228.712	414
228.762	356
228.812	329
228.862	294
228.912	250
228.962	233
229.013	212
229.064	204
229.114	215
229.164	218
229.214	247
229.264	282
229.315	305
229.365	352
229.415	380
229.465	437
229.515	476
229.566	493
229.616	543
229.666	559
229.716	563
229.766	575
229.816	543
229.867	551
229.917	520
229.968	464
230.018	450
230.068	409
230.118	356
230.169	328
230.219	281
230.269	256
230.319	233
230.369	211
230.420	210
230.470	218
230.520	220
230.570	249
230.620	275
230.670	318
230.721	355
230.771	382
230.822	440
230.872	474
230.922	503
230.972	543
231.023	539
231.073	574
231.123	572
231.173	544
231.223	549
231.274	511
231.324	471
231.374	447
231.424	389
231.474	364
231.524	325
231.575	281
231.625	256
231.675	233
231.726	209
231.776	212
231.827	213
231.877	230
231.927	253
231.977	280
232.027	322
232.077	357
232.128	394
232.178	444
232.228	460
232.278	517
232.328	544
232.378	547
232.429	574
232.479	562
232.529	553
232.579	546
232.630	492
232.681	477
232.731	443
232.781	390
232.831	361
232.881	323
232.931	280
232.982	255
233.032	224
233.082	216
233.132	214
233.182	210
233.232	230
233.283	255
233.333	282
233.383	324
233.433	351
233.483	405
233.535	445
233.585	465
233.635	518
233.685	532
233.735	560
233.785	573
233.836	547
233.886	560
233.936	542
233.986	495
234.036	476
234.086	428
234.137	396
234.187	359
234.237	311
234.287	285
234.337	253
234.388	224
234.439	217
234.489	231
234.539	212
234.589	234
234.639	251
234.690	293
234.740	327
234.790	355
234.840	408
234.890	437
234.940	482
234.991	519
235.041	524
235.091	566
235.141	568
235.191	554
235.242	559
235.292	515
235.343	506
235.393	473
235.443	422
235.493	399
235.544	356
235.594	310
235.644	284
235.694	247
235.744	220
235.795	218
235.845	209
235.895	221
235.945	235
235.995	256
236.045	296
236.096	320
236.146	365
236.196	411
236.247	433
236.297	487
236.347	518
236.398	534
236.448	565
236.498	549
236.548	571
236.598	556
236.649	519
236.699	505
236.749	466
236.799	426
236.849	395
236.899	343
236.950	314
237.000	281
237.050	243
237.100	229
237.151	219
237.201	208
237.252	222
237.302	230
237.352	264
237.402	299
237.452	322
237.503	372
237.553	412
237.603	446
237.653	490
237.703	500
237.753	550
237.804	565
237.854	551
237.904	568
237.954	548
238.004	528
238.056	502
238.106	450
238.156	433
238.206	391
238.256	338
238.306	314
238.357	279
238.407	240
238.457	227
238.507	212
238.557	215
238.607	224
238.658	231
238.708	266
238.758	302
238.808	328
238.858	375
238.908	402
238.960	457
239.010	491
239.060	507
239.110	551
239.160	557
239.211	563
239.261	568
239.311	531
239.361	534
239.411	498
239.461	451
239.512	431
239.562	383
239.612	340
239.662	311
239.712	270
239.763	246
239.813	228
239.864	208
239.914	216
239.964	227
240.014	234
240.065	270
240.115	295
240.165	338
240.215	377
240.265	405
240.315	459
240.366	486
240.416	522
240.466	553
240.516	546
240.566	571
240.617	562
240.667	537
240.718	531
240.768	485
240.818	455
240.868	427
240.919	371
240.969	344
241.019	307
241.069	265
241.119	244
241.169	239
241.220	209
241.270	218
241.320	219
241.370	243
241.420	273
241.471	300
241.521	342
241.571	379
241.622	420
241.672	462
241.722	476
241.773	530
241.823	552
241.873	553
241.923	572
241.973	534
242.024	551
242.074	529
242.124	474
242.174	459
242.224	421
242.274	368
242.325	341
242.375	303
242.425	264
242.475	243
242.526	217
242.576	216
242.627	219
242.677	221
242.727	244
242.777	271
242.827	304
242.878	346
242.928	375
242.978	430
243.028	464
243.078	489
243.128	535
243.179	532
243.229	571
243.279	570
243.329	544
243.379	550
243.430	520
243.481	477
243.531	455
243.581	400
243.631	374
243.681	335
243.732	290
243.782	266
243.832	239
243.882	214
243.932	215
243.982	212
244.033	224
244.083	246
244.133	270
244.183	315
244.233	349
244.283	384
244.335	433
244.385	453
244.435	506
244.485	538
244.535	542
244.586	570
244.636	564
244.686	554
244.736	550
244.786	502
244.836	486
244.887	450
244.937	401
244.987	370
245.037	330
245.087	288
245.137	261
245.188	229
245.239	219
245.289	214
245.339	210
245.389	230
245.440	253
245.490	276
245.540	319
245.590	345
245.640	398
245.690	440
245.741	463
245.791	513
245.841	532
245.891	555
245.941	572
245.992	547
246.042	562
246.092	544
246.143	499
246.193	481
246.243	441
246.294	400
246.344	364
246.394	314
246.444	289
246.494	257
246.544	225
246.595	218
246.645	217
246.695	210
246.745	231
246.795	247
246.846	289
246.896	324
246.946	352
246.996	405
247.047	439
247.097	477
247.148	518
247.198	521
247.248	566
247.298	572
247.348	554
247.398	561
247.449	527
247.499	507
247.549	476
247.599	425
247.649	403
247.700	359
247.750	312
247.800	285
247.850	263
247.900	224
247.951	216
248.002	207
248.052	218
248.102	233
248.152	248
248.202	293
248.252	330
248.303	360
248.353	409
248.403	431
248.453	486
248.503	519
248.554	535
248.604	568
248.654	549
248.704	572
248.754	559
248.804	515
248.856	508
248.906	471
248.956	426
249.006	397
249.056	351
249.107	312
249.157	281
249.207	240
249.257	226
249.307	215
249.357	206
249.408	220
249.458	231
249.508	256
249.558	297
249.608	320
249.658	370
249.709	412
249.760	441
249.810	491
249.860	507
249.910	553
249.961	569
250.011	556
250.061	571
250.111	554
250.161	523
250.211	503
250.262	446
250.312	432
250.362	391
250.412	336
250.462	311
250.512	276
250.563	238
250.613	223
250.664	208
250.714	208
250.764	221
250.815	228
250.865	266
250.915	302
250.965	328
251.015	377
251.065	402
251.116	460
251.166	496
251.216	508
251.266	556
251.316	565
251.366	565
251.417	571
251.467	533
251.518	535
251.568	497
251.618	445
251.669	427
251.719	382
251.769	334
251.819	304
251.869	261
251.919	239
251.970	220
252.020	204
252.070	212
252.120	226
252.170	232
252.220	272
252.271	296
252.321	343
252.371	384
252.422	416
252.472	467
252.523	499
252.573	528
252.623	562
252.673	549
252.723	576
252.773	567
252.824	536
252.874	528
252.924	485
252.974	448
253.024	420
253.075	364
253.125	335
253.175	298
253.225	256
253.275	234
253.326	219
253.377	203
253.427	212
253.477	219
253.527	242
253.577	277
253.627	302
253.678	348
253.728	388
253.778	428
253.828	474
253.878	492
253.929	543
253.979	562
254.029	558
254.079	577
254.129	554
254.179	548
254.231	524
254.281	470
254.331	453
254.381	412
254.431	357
254.481	328
254.532	294
254.582	249
254.632	231
254.682	209
254.732	209
254.783	213
254.833	220
254.883	245
254.933	293
254.983	312
255.033	353
255.084	382
255.135	441
255.185	476
255.235	500
255.285	547
255.336	541
255.386	575
255.436	576
255.486	542
255.536	551
255.586	517
255.637	464
255.687	448
255.737	399
255.787	358
255.837	323
255.887	276
255.938	253
255.988	228
256.039	205
256.089	208
256.139	223
256.190	220
256.240	250
256.290	277
256.340	322
256.390	358
256.440	392
256.491	446
256.541	467
256.591	519
256.641	550
256.691	554
256.741	578
256.792	572
256.842	550
256.892	548
256.943	491
256.993	477
257.044	442
257.094	388
257.144	358
257.194	318
257.244	277
257.294	248
257.345	221
257.395	208
257.445	208
257.495	208
257.545	228
257.595	255
257.646	282
257.696	326
257.746	350
257.796	410
257.847	451
257.898	470
257.948	525
257.998	548
258.048	558
258.098	579
258.148	552
258.199	563
258.249	545
258.299	491
258.349	474
258.399	435
258.449	387
258.500	352
258.550	304
258.600	276
258.650	244
258.700	214
258.752	210
258.802	211
258.852	208
258.902	231
258.952	251
259.002	297
259.053	331
259.103	359
259.153	416
259.203	451
259.253	487
259.304	529
259.354	530
259.404	574
259.454	577
259.504	552
259.554	562
259.605	532
259.656	497
259.706	470
259.756	418
259.806	390
259.856	346
259.907	300
259.957	272
260.007	243
260.057	212
260.107	209
260.158	204
260.208	218
260.258	234
260.308	256
260.358	301
260.408	334
260.459	369
260.509	421
260.560	439
260.610	499
260.660	532
260.710	538
260.761	575
260.811	568
260.861	566
260.911	559
260.961	517
261.012	499
261.062	463
261.112	415
261.162	384
261.212	339
261.262	296
261.313	267
261.363	231
261.414	218
261.464	209
261.514	204
261.564	220
261.615	239
261.665	260
261.715	305
261.765	328
261.815	383
261.866	425
261.916	453
261.966	503
262.016	522
262.066	558
262.116	576
262.167	553
262.217	571
262.267	556
262.318	513
262.368	496
262.419	451
262.469	418
262.519	378
262.569	326
262.619	299
262.669	263
262.720	226
262.770	216
262.820	223
262.870	200
262.920	222
262.970	233
263.021	273
263.071	309
263.121	334
263.171	388
263.222	421
263.273	468
263.323	508
263.373	517
263.423	565
263.473	573
263.523	560
263.574	569
263.624	525
263.674	526
263.724	490
263.774	439
263.824	416
263.875	371
263.925	323
263.975	293
264.025	251
264.075	224
264.127	213
264.177	198
264.227	210
264.277	223
264.327	234
264.377	278
264.428	301
264.478	346
264.528	394
264.578	419
264.628	476
264.678	509
264.729	531
264.779	567
264.829	557
264.879	579
264.929	567
264.980	533
265.031	524
265.081	481
265.131	441
265.181	412
265.231	355
265.282	324
265.332	289
265.382	248
265.432	228
265.482	214
265.532	200
265.583	211
265.633	217
265.683	245
265.733	282
265.783	309
265.834	355
265.884	397
265.935	434
265.985	481
266.035	500
266.085	549
266.136	568
266.186	555
266.236	578
266.286	559
266.336	541
266.387	518
266.437	458
266.487	447
266.537	406
266.587	348
266.637	321
266.688	285
266.738	244
266.788	225
266.839	204
266.889	205
266.939	212
266.990	216
267.040	249
267.090	287
267.140	314
267.190	360
267.241	388
267.291	448
267.341	484
267.391	508
267.441	552
267.491	560
267.542	573
267.592	577
267.642	544
267.692	547
267.743	512
267.793	461
267.844	442
267.894	395
267.944	348
267.994	315
268.044	270
268.095	245
268.145	222
268.195	202
268.245	206
268.295	221
268.345	220
268.396	256
268.446	282
268.496	328
268.546	367
268.596	402
268.648	455
268.698	482
268.748	524
268.798	556
268.848	550
268.898	580
268.949	573
268.999	541
269.049	542
269.099	486
269.149	465
269.199	433
269.250	378
269.300	346
269.350	308
269.400	265
269.450	239
269.500	231
269.552	196
269.602	207
269.652	211
269.702	232
269.752	263
269.803	290
269.853	335
269.903	373
269.953	418
270.003	462
270.053	480
270.104	536
270.154	558
270.204	557
270.254	581
270.304	552
270.355	559
270.405	536
270.456	481
270.506	462
270.556	424
270.606	370
270.657	338
270.707	303
270.757	256
270.807	234
270.857	210
270.907	204
270.958	209
271.008	209
271.058	236
271.108	263
271.158	300
271.209	342
271.259	372
271.310	431
271.360	467
271.410	493
271.460	542
271.511	546
271.561	581
271.611	581
271.661	546
271.711	559
271.761	526
271.812	478
271.862	456
271.912	402
271.962	372
272.012	331
272.063	283
272.113	256
272.163	230
272.214	204
272.264	203
272.314	202
272.365	216
272.415	240
272.465	268
272.515	313
272.565	347
272.616	384
272.666	439
272.716	458
272.766	516
272.816	547
272.866	549
272.917	582
272.967	574
273.017	559
273.067	556
273.118	501
273.168	486
273.219	450
273.269	394
273.319	365
273.369	323
273.419	280
273.470	249
273.520	219
273.570	207
273.620	203
273.670	202
273.720	222
273.771	247
273.821	273
273.871	318
273.921	344
273.971	401
274.022	444
274.073	466
274.123	521
274.173	544
274.223	565
274.273	582
274.324	558
274.374	567
274.424	550
274.474	498
274.524	480
274.574	440
274.625	396
274.675	358
274.725	306
274.775	279
274.825	245
274.875	216
274.927	206
274.977	207
275.027	201
275.077	224
275.127	243
275.178	288
275.228	322
275.278	352
275.328	408
275.378	443
275.428	483
275.479	526
275.529	536
275.579	575
275.629	580
275.679	560
275.729	566
275.780	521
275.831	507
275.881	474
275.931	419
275.981	396
276.032	351
276.082	304
276.132	274
276.182	251
276.232	210
276.282	205
276.333	199
276.383	212
276.433	227
276.483	245
276.533	294
276.584	319
276.634	364
276.684	415
276.735	437
276.785	495
276.835	528
276.886	542
276.936	577
276.986	552
277.036	579
277.086	564
277.136	521
277.187	506
277.237	467
277.287	422
277.337	391
277.387	335
277.438	304
277.488	269
277.538	232
277.588	214
277.639	205
277.689	196
277.740	213
277.790	225
277.840	256
277.890	298
277.940	318
277.990	375
278.041	419
278.091	451
278.141	500
278.191	512
278.241	563
278.292	578
278.342	559
278.392	578
278.442	557
278.492	527
278.543	501
278.594	442
278.644	428
278.694	384
278.744	328
278.794	302
278.844	265
278.895	228
278.945	213
278.995	199
279.045	204
279.095	215
279.146	224
279.196	265
279.246	302
279.296	328
279.346	380
279.396	407
279.448	464
279.498	504
279.548	519
279.598	564
279.648	572
279.699	571
279.749	576
279.799	532
279.849	536
279.899	497
279.949	444
280.000	424
280.050	376
280.100	328
280.150	298
280.200	253
280.250	231
280.301	212
280.352	198
280.402	205
280.452	219
280.502	229
280.553	270
280.603	294
280.653	342
280.703	385
280.753	415
280.803	470
280.854	500
280.904	533
280.954	566
281.004	556
281.054	581
281.104	571
281.155	541
281.205	529
281.256	484
281.306	448
281.356	418
281.407	361
281.457	331
281.507	293
281.557	248
281.607	229
281.657	214
281.708	194
281.758	207
281.808	214
281.858	238
281.908	275
281.958	300
282.009	347
282.059	388
282.110	429
282.160	475
282.210	490
282.261	546
282.311	566
282.361	564
282.411	581
282.461	557
282.511	553
282.562	524
282.612	462
282.662	452
282.712	412
282.762	356
282.812	326
282.863	295
282.913	248
282.963	226
283.014	202
283.064	203
283.115	209
283.165	212
283.215	242
283.265	291
283.315	308
283.365	353
283.416	384
283.466	443
283.516	478
283.566	501
283.616	550
283.667	543
283.717	581
283.767	580
283.817	545
283.867	553
283.918	518
283.969	468
284.019	448
284.069	399
284.119	356
284.169	321
284.219	276
284.270	249
284.320	223
284.370	200
284.420	202
284.470	207
284.521	212
284.571	246
284.621	272
284.671	319
284.721	356
284.771	392
284.823	446
284.873	467
284.923	520
284.973	551
285.023	554
285.073	582
285.124	575
285.174	554
285.224	550
285.274	489
285.324	478
285.375	443
285.425	387
285.475	355
285.525	316
285.575	270
285.625	245
285.676	215
285.727	202
285.777	203
285.827	206
285.877	225
285.928	252
285.978	280
286.028	324
286.078	349
286.128	408
286.178	452
286.229	468
286.279	528
286.329	550
286.379	563
286.429	582
286.479	552
286.530	565
286.580	544
286.631	492
286.681	473
286.731	434
286.782	386
286.832	350
286.882	301
286.932	273
286.982	241
287.032	212
287.083	204
287.133	207
287.183	204
287.233	227
287.283	249
287.333	294
287.384	329
287.434	358
287.484	416
287.535	454
287.585	486
287.636	532
287.686	535
287.736	577
287.786	579
287.836	559
287.886	563
287.937	531
287.987	496
288.037	468
288.087	413
288.137	388
288.187	343
288.238	296
288.288	268
288.338	238
288.388	208
288.439	204
288.490	199
288.540	213
288.590	230
288.640	256
288.690	300
288.740	334
288.791	372
288.841	423
288.891	444
288.941	502
288.991	535
289.041	547
289.092	579
289.142	568
289.192	572
289.242	561
289.292	515
289.344	498
289.394	460
289.444	408
289.494	380
289.544	340
289.594	292
289.645	261
289.695	225
289.745	211
289.795	203
289.845	198
289.896	216
289.946	251
289.996	260
290.046	306
290.096	328
290.146	386
290.197	430
290.248	458
290.298	510
290.348	522
290.398	565
290.448	581
290.499	556
290.549	571
290.599	554
290.649	513
290.699	491
290.750	439
290.800	412
290.850	369
290.900	314
290.950	289
291.000	253
291.051	218
291.101	207
291.152	219
291.202	197
291.252	220
291.302	232
291.353	277
291.403	314
291.453	342
291.503	396
291.553	431
291.604	478
291.654	518
291.704	531
291.754	572
291.804	578
291.854	569
291.905	568
291.955	528
292.006	519
292.056	482
292.106	430
292.156	405
292.207	359
292.257	310
292.307	280
292.357	241
292.407	212
292.458	205
292.508	194
292.558	207
292.608	223
292.658	240
292.708	285
292.759	310
292.809	358
292.859	407
292.910	432
292.960	489
293.011	523
293.061	544
293.111	577
293.161	563
293.211	581
293.261	565
293.312	532
293.362	511
293.412	471
293.462	428
293.512	395
293.562	336
293.613	308
293.663	271
293.713	231
293.763	214
293.814	203
293.865	192
293.915	209
293.965	219
294.015	254
294.065	294
294.115	318
294.166	370
294.216	415
294.266	450
294.316	498
294.366	512
294.416	563
294.467	579
294.517	561
294.567	580
294.617	556
294.667	533
294.719	504
294.769	443
294.819	430
294.869	384
294.919	328
294.969	301
295.020	265
295.070	224
295.120	209
295.170	194
295.220	200
295.270	212
295.321	221
295.371	263
295.421	301
295.471	330
295.521	382
295.572	412
295.623	468
295.673	506
295.723	529
295.773	568
295.823	569
295.874	579
295.924	576
295.974	538
296.024	533
296.074	493
296.124	443
296.175	420
296.225	369
296.275	322
296.325	291
296.375	247
296.426	224
296.476	206
296.527	192
296.577	201
296.627	221
296.677	228
296.728	272
296.778	298
296.828	346
296.878	391
296.928	427
296.979	478
297.029	495
297.079	547
297.129	573
297.179	559
297.229	586
297.280	567
297.330	541
297.380	524
297.431	467
297.481	445
297.531	410
297.582	348
297.632	321
297.682	282
297.732	236
297.782	218
297.833	215
297.883	192
297.933	203
297.983	212
298.033	241
298.083	281
298.134	308
298.184	356
298.234	391
298.284	445
298.335	486
298.385	504
298.436	557
298.486	574
298.536	571
298.586	584
298.636	536
298.687	553
298.737	515
298.787	458
298.837	442
298.887	397
298.937	341
298.988	311
299.038	264
299.088	233
299.138	213
299.188	193
299.240	196
299.290	207
299.340	213
299.390	250
299.440	277
299.490	321
299.541	365
299.591	398
299.641	457
299.691	492
299.741	524
299.791	563
299.842	557
299.892	590
299.942	582
299.992	544
300.042	547
300.092	504
300.144	458
300.194	434
300.244	378
300.294	342
300.344	303
300.395	256
300.445	231
300.495	210
300.545	188
300.595	197
300.645	200
300.696	223
300.746	255
300.796	285
300.846	331
300.896	373
300.947	414
300.997	465
301.048	481
301.098	541
301.148	568
301.198	559
301.249	589
301.299	574
301.349	554
301.399	540
301.449	475
301.499	464
301.550	425
301.600	369
301.650	333
301.700	295
301.750	248
301.801	224
301.851	198
301.902	194
301.952	198
302.002	206
302.052	229
302.103	267
302.153	296
302.203	341
302.253	371
302.303	434
302.353	473
302.404	496
302.454	549
302.504	562
302.554	579
302.604	588
302.655	545
302.705	561
302.755	528
302.806	471
302.856	454
302.906	409
302.957	357
303.007	322
303.057	275
303.107	245
303.157	218
303.208	194
303.258	194
303.308	205
303.358	208
303.408	239
303.458	268
303.509	315
303.559	353
303.609	388
303.659	448
303.710	478
303.760	522
303.811	558
303.861	553
303.911	590
303.961	583
304.011	547
304.062	554
304.112	493
304.162	474
304.212	443
304.262	380
304.312	351
304.363	310
304.413	263
304.463	234
304.513	223
304.563	192
304.614	194
304.665	197
304.715	219
304.765	250
304.815	279
304.865	327
304.916	365
304.966	413
305.016	460
305.066	478
305.116	539
305.166	562
305.217	570
305.267	591
305.317	552
305.367	567
305.417	543
305.467	481
305.519	467
305.569	428
305.619	371
305.669	336
305.719	287
305.770	256
305.820	225
305.870	199
305.920	192
305.970	197
306.020	200
306.071	226
306.121	255
306.171	298
306.221	338
306.271	373
306.321	433
306.372	471
306.423	501
306.473	550
306.523	542
306.573	591
306.624	590
306.674	554
306.724	563
306.774	526
306.824	480
306.874	456
306.925	399
306.975	366
307.025	323
307.075	273
307.125	245
307.176	218
307.226	192
307.276	191
307.327	192
307.377	212
307.427	237
307.478	265
307.528	315
307.578	351
307.628	393
307.678	447
307.728	465
307.779	527
307.829	559
307.879	563
307.929	591
307.979	580
308.030	562
308.080	555
308.130	497
308.180	479
308.231	442
308.281	384
308.332	350
308.382	309
308.432	260
308.482	232
308.532	203
308.582	193
308.633	192
308.683	196
308.733	218
308.783	249
308.833	282
308.884	325
308.934	354
308.984	417
309.034	460
309.084	482
309.135	539
309.186	556
309.236	578
309.286	591
309.336	559
309.386	568
309.436	542
309.487	486
309.537	467
309.587	425
309.637	374
309.687	335
309.738	288
309.788	256
309.838	223
309.888	196
309.938	191
309.988	199
310.040	200
310.090	225
310.140	254
310.190	303
310.240	337
310.291	372
310.341	433
310.391	463
310.441	509
310.491	550
310.541	548
310.592	590
310.642	587
310.692	561
310.742	563
310.792	505
310.842	488
310.893	453
310.944	397
310.994	364
311.044	321
311.094	273
311.145	243
311.195	231
311.245	192
311.295	191
311.345	192
311.395	214
311.446	237
311.496	269
311.546	315
311.596	351
311.646	400
311.696	449
311.747	467
311.797	529
311.848	558
311.898	565
311.948	592
311.999	556
312.049	571
312.099	554
312.149	494
312.199	478
312.249	439
312.300	384
312.350	347
312.400	303
312.450	258
312.500	231
312.550	200
312.601	191
312.651	191
312.702	194
312.752	217
312.802	243
312.853	284
312.903	325
312.953	356
313.003	418
313.053	458
313.103	490
313.154	541
313.204	542
313.254	589
313.304	592
313.354	559
313.404	569
313.455	539
313.505	491
313.555	467
313.606	409
313.656	377
313.707	333
313.757	283
313.807	253
313.857	222
313.907	193
313.957	189
314.008	188
314.058	204
314.108	225
314.158	253
314.208	302
314.259	337
314.309	378
314.359	434
314.409	455
314.459	517
314.510	552
314.561	556
314.611	591
314.661	584
314.711	569
314.761	564
314.811	501
314.862	490
314.912	453
314.962	397
315.012	363
315.062	319
315.113	272
315.163	241
315.213	206
315.263	195
315.313	190
315.363	190
315.415	212
315.465	239
315.515	272
315.565	316
315.615	342
315.665	405
315.716	451
315.766	476
315.816	531
315.866	554
315.916	575
315.967	593
316.017	559
316.067	571
316.117	550
316.167	499
316.217	475
316.268	433
316.319	384
316.369	343
316.419	293
316.469	263
316.520	229
316.570	200
316.620	191
316.670	199
316.720	196
316.770	222
316.821	245
316.871	296
316.921	331
316.971	363
317.021	426
317.071	460
317.122	501
317.172	546
317.223	552
317.273	589
317.323	589
317.374	565
317.424	565
317.474	523
317.524	491
317.574	458
317.624	404
317.675	370
317.725	325
317.775	278
317.825	247
317.875	235
317.925	192
317.976	190
318.026	190
318.076	212
318.127	234
318.177	264
318.228	312
318.278	349
318.328	393
318.378	446
318.428	465
318.478	525
318.529	556
318.579	567
318.629	591
318.679	562
318.729	571
318.779	555
318.830	497
318.880	479
318.930	441
318.980	386
319.031	349
319.082	311
319.132	262
319.182	233
319.232	203
319.282	193
319.332	193
319.383	194
319.433	218
319.483	243
319.533	284
319.583	327
319.633	355
319.684	419
319.734	460
319.784	490
319.834	541
319.884	541
319.936	589
319.986	591
320.036	559
320.086	566
320.136	537
320.186	490
320.237	463
320.287	408
320.337	376
320.387	330
320.437	281
320.488	252
320.538	222
320.588	193
320.638	191
320.688	191
320.738	208
320.789	230
320.840	258
320.890	308
320.940	343
320.990	382
321.040	440
321.091	457
321.141	520
321.191	554
321.241	554
321.291	590
321.342	581
321.392	559
321.442	557
321.492	501
321.542	481
321.592	445
321.643	389
321.693	354
321.744	313
321.794	268
321.844	236
321.894	207
321.945	196
321.995	195
322.045	197
322.095	221
322.145	251
322.196	282
322.246	328
322.296	354
322.346	417
322.396	460
322.446	480
322.497	537
322.547	558
322.598	572
322.648	587
322.698	553
322.748	562
322.799	537
322.849	484
322.899	460
322.949	420
322.999	368
323.050	330
323.100	284
323.150	255
323.200	225
323.250	200
323.300	198
323.351	207
323.401	209
323.451	238
323.502	268
323.552	315
323.603	350
323.653	384
323.703	444
323.753	475
323.803	511
323.853	551
323.904	543
323.954	581
324.004	575
324.054	537
324.104	546
324.154	502
324.205	465
324.255	436
324.305	381
324.355	346
324.406	308
324.457	264
324.507	240
324.557	223
324.607	201
324.657	209
324.707	214
324.758	236
324.808	268
324.858	298
324.908	341
324.958	383
325.008	422
325.059	466
325.109	480
325.159	533
325.209	554
325.259	548
325.311	567
325.361	528
325.411	540
325.461	517
325.511	458
325.561	443
325.612	406
325.662	354
325.712	324
325.762	299
325.812	256
325.862	239
325.913	222
325.963	225
326.013	233
326.063	238
326.113	268
326.164	303
326.215	332
326.265	369
326.315	396
326.365	449
326.415	476
326.466	495
326.516	530
326.566	522
326.616	543
326.666	539
326.716	510
326.767	513
326.817	482
326.867	440
326.917	421
326.967	371
327.018	348
327.068	321
327.119	286
327.169	274
327.219	263
327.269	246
327.320	253
327.370	251
327.420	272
327.470	295
327.520	313
327.571	350
327.621	379
327.671	402
327.721	442
327.771	454
327.821	488
327.872	503
327.922	493
327.972	518
328.023	512
328.073	498
328.123	493
328.174	450
328.224	445
328.274	418
328.324	375
328.374	361
328.425	334
328.475	306
328.525	294
328.575	273
328.625	275
328.675	274
328.726	269
328.776	288
328.826	306
328.876	321
328.927	352
328.977	362
329.028	408
329.078	435
329.128	446
329.178	480
329.228	491
329.279	497
329.329	510
329.379	486
329.429	501
329.479	485
329.529	453
329.580	444
329.630	413
329.680	382
329.730	361
329.780	326
329.832	312
329.882	294
329.932	272
329.982	274
330.032	275
330.082	272
330.133	290
330.183	300
330.233	331
330.283	356
330.333	372
330.383	414
330.434	436
330.484	461
330.534	489
330.584	484
330.634	514
330.684	516
330.736	497
330.786	505
330.836	482
330.886	462
330.936	441
330.987	395
331.037	381
331.087	351
331.137	317
331.187	301
331.237	285
331.288	262
331.338	266
331.388	257
331.438	272
331.488	286
331.539	298
331.589	332
331.640	359
331.690	388
331.740	426
331.790	437
331.841	481
331.891	501
331.941	498
331.991	526
332.041	514
332.091	518
332.142	511
332.192	475
332.242	467
332.292	436
332.342	392
332.393	372
332.443	341
332.494	305
332.544	288
332.594	263
332.644	259
332.695	255
332.745	252
332.795	267
332.845	293
332.895	304
332.945	337
332.996	356
333.046	403
333.096	435
333.146	456
333.196	494
333.247	491
333.297	527
333.347	533
333.398	509
333.448	526
333.498	509
333.549	473
333.599	459
333.649	415
333.699	389
333.749	359
333.800	316
333.850	300
333.900	277
333.950	256
334.000	254
334.050	245
334.101	256
334.151	272
334.201	284
334.251	321
334.302	353
334.352	375
334.403	420
334.453	437
334.503	481
334.553	506
334.603	501
334.654	533
334.704	531
334.754	520
334.804	521
334.854	478
334.904	472
334.955	439
335.005	392
335.055	373
335.105	339
335.155	304
335.206	284
335.257	259
335.307	252
335.357	252
335.407	246
335.457	265
335.508	284
335.558	300
335.608	343
335.658	362
335.708	409
335.758	444
335.809	457
335.859	500
335.909	515
335.959	524
336.009	536
336.059	510
336.111	526
336.161	508
336.211	466
336.261	451
336.311	415
336.362	376
336.412	350
336.462	310
336.512	292
336.562	271
336.612	250
336.663	252
336.713	255
336.763	256
336.813	277
336.863	293
336.913	333
336.964	366
337.015	386
337.065	435
337.115	460
337.165	486
337.216	515
337.266	506
337.316	535
337.366	532
337.416	515
337.466	512
337.517	481
337.567	452
337.617	425
337.667	379
337.717	357
337.768	326
337.818	290
337.868	278
337.919	265
337.969	250
338.019	258
338.070	256
338.120	276
338.170	299
338.220	320
338.270	361
338.320	389
338.371	421
338.421	459
338.471	467
338.521	507
338.571	520
338.622	511
338.672	528
338.722	501
338.772	506
338.823	488
338.873	443
338.924	429
338.974	398
339.024	356
339.074	336
339.124	315
339.174	284
339.225	276
339.275	263
339.325	269
339.375	273
339.425	276
339.476	304
339.526	319
339.576	354
339.626	388
339.676	406
339.727	447
339.778	469
339.828	474
339.878	504
339.928	491
339.978	509
340.028	507
340.079	482
340.129	480
340.179	454
340.229	421
340.279	405
340.330	367
340.380	348
340.430	330
340.480	304
