#Creator: pendulumdriveEventBuffer
#Creation time: Tue Apr  4 15:26:34 2017
#Time	Pos
#[s]	[au]
0.050	321
0.101	317
0.151	308
0.202	322
0.252	333
0.302	344
0.353	368
0.403	377
0.453	411
0.503	433
0.553	445
0.603	472
0.654	477
0.704	490
0.754	498
0.804	480
0.854	492
0.904	480
0.955	457
1.005	449
1.055	422
1.106	404
1.156	389
1.207	360
1.257	354
1.307	343
1.357	327
1.407	331
1.457	335
1.508	330
1.558	345
1.608	350
1.658	374
1.708	390
1.758	400
1.809	426
1.859	433
1.909	454
1.959	468
2.010	461
2.061	480
2.111	479
2.161	465
2.211	470
2.261	447
2.311	443
2.362	433
2.412	404
2.462	402
2.512	387
2.562	365
2.612	363
2.663	347
2.713	344
2.763	348
2.813	340
2.863	353
2.915	360
2.965	362
3.015	383
3.065	383
3.115	406
3.165	422
3.216	422
3.266	447
3.316	454
3.366	454
3.416	467
3.467	453
3.517	467
3.567	463
3.617	442
3.667	446
3.717	433
3.768	413
3.819	408
3.869	382
3.919	381
3.969	372
4.019	353
4.070	356
4.120	351
4.170	344
4.220	353
4.270	350
4.321	364
4.371	376
4.421	378
4.471	402
4.521	413
4.571	420
4.622	444
4.672	442
4.723	464
4.773	471
4.823	463
4.873	476
4.924	469
4.974	456
5.024	456
5.074	428
5.124	429
5.175	412
5.225	387
5.275	381
5.325	366
5.375	348
5.425	346
5.476	333
5.526	338
5.576	339
5.627	336
5.677	355
5.728	367
5.778	376
5.828	399
5.878	405
5.928	435
5.978	451
6.029	454
6.079	479
6.129	479
6.179	483
6.229	489
6.279	470
6.330	475
6.380	461
6.430	434
6.480	426
6.531	405
6.582	382
6.632	369
6.682	345
6.732	339
6.782	330
6.832	319
6.883	324
6.933	329
6.983	332
7.033	351
7.083	357
7.133	387
7.184	408
7.234	420
7.284	450
7.334	461
7.384	479
7.436	495
7.486	481
7.536	502
7.586	496
7.636	475
7.686	475
7.737	451
7.787	432
7.837	415
7.887	381
7.937	370
7.987	351
8.038	329
8.088	324
8.138	325
8.188	309
8.238	319
8.290	319
8.340	342
8.390	359
8.440	370
8.490	403
8.540	421
8.591	445
8.641	470
8.691	471
8.741	498
8.791	503
8.841	495
8.892	504
8.942	481
8.992	478
9.042	462
9.092	427
9.143	418
9.194	393
9.244	362
9.294	350
9.344	335
9.394	314
9.445	315
9.495	305
9.545	316
9.595	325
9.645	332
9.696	358
9.746	375
9.796	400
9.846	426
9.896	436
9.946	470
9.997	484
10.047	487
10.098	505
10.148	491
10.198	501
10.248	494
10.299	467
10.349	461
10.399	437
10.449	408
10.499	394
10.550	362
10.600	349
10.650	337
10.700	320
10.750	320
10.800	319
10.851	315
10.901	331
10.951	336
11.002	360
11.052	383
11.102	395
11.153	425
11.203	444
11.253	456
11.303	478
11.353	474
11.404	493
11.454	495
11.504	477
11.554	484
11.604	467
11.654	446
11.705	436
11.755	407
11.805	398
11.855	381
11.906	355
11.956	352
12.007	342
12.057	330
12.107	335
12.157	330
12.207	345
12.258	355
12.308	360
12.358	384
12.408	397
12.458	410
12.508	432
12.559	432
12.609	459
12.659	466
12.709	458
12.759	476
12.811	472
12.861	464
12.911	463
12.961	439
13.011	440
13.061	426
13.112	402
13.162	398
13.212	383
13.262	367
13.312	364
13.362	346
13.413	352
13.463	350
13.513	344
13.563	357
13.613	363
13.664	368
13.715	386
13.765	389
13.815	412
13.865	424
13.915	424
13.966	449
14.016	451
14.066	458
14.116	469
14.166	456
14.216	468
14.267	461
14.317	445
14.367	444
14.417	428
14.467	416
14.518	406
14.568	383
14.619	379
14.669	368
14.719	350
14.769	352
14.820	351
14.870	342
14.920	351
14.970	348
15.020	366
15.070	377
15.121	382
15.171	406
15.221	414
15.271	432
15.321	450
15.372	447
15.422	471
15.472	475
15.523	468
15.573	479
15.623	462
15.674	462
15.724	454
15.774	425
15.824	424
15.874	406
15.924	382
15.975	374
16.025	351
16.075	344
16.125	339
16.175	328
16.226	334
16.276	337
16.326	338
16.376	357
16.427	367
16.477	384
16.528	407
16.578	414
16.628	445
16.678	460
16.728	463
16.779	486
16.829	477
16.879	494
16.929	491
16.979	471
17.029	472
17.080	455
17.130	430
17.180	419
17.230	388
17.280	376
17.331	360
17.382	337
17.432	332
17.482	325
17.532	315
17.582	323
17.633	322
17.683	340
17.733	358
17.783	366
17.833	398
17.883	417
17.934	434
17.984	461
18.034	464
18.084	491
18.134	499
18.184	489
18.236	502
18.286	491
18.336	476
18.386	467
18.436	432
18.487	425
18.537	403
18.587	370
18.637	360
18.687	343
18.737	324
18.788	320
18.838	308
18.888	317
18.938	324
18.988	328
19.038	353
19.089	372
19.140	390
19.190	418
19.240	424
19.290	462
19.341	479
19.391	476
19.441	502
19.491	499
19.541	496
19.591	498
19.642	467
19.692	468
19.742	447
19.792	417
19.842	402
19.892	378
19.943	352
19.993	341
20.044	322
20.094	321
20.144	318
20.195	313
20.245	327
20.295	339
20.345	352
20.395	376
20.445	383
20.496	420
20.546	440
20.596	449
20.646	477
20.696	482
20.747	490
20.797	499
20.847	482
20.897	490
20.948	477
20.998	448
21.049	443
21.099	418
21.149	397
21.199	382
21.249	355
21.299	349
21.350	339
21.400	324
21.450	330
21.500	339
21.550	333
21.601	349
21.651	354
21.701	380
21.751	398
21.802	407
21.852	435
21.903	442
21.953	460
22.003	474
22.053	465
22.103	483
22.153	480
22.204	462
22.254	467
22.304	445
22.354	438
22.404	425
22.455	400
22.505	394
22.555	379
22.605	359
22.655	358
22.706	351
22.757	344
22.807	348
22.857	343
22.907	357
22.957	366
23.008	368
23.058	391
23.108	399
23.158	414
23.208	431
23.258	433
23.309	453
23.359	459
23.409	456
23.459	469
23.509	453
23.559	461
23.611	458
23.661	433
23.711	438
23.761	425
23.811	404
23.862	400
23.912	376
23.962	374
24.012	368
24.062	352
24.112	355
24.163	352
24.213	346
24.263	358
24.313	355
24.363	372
24.413	384
24.464	386
24.515	411
24.565	422
24.615	429
24.665	449
24.716	443
24.766	466
24.816	471
24.866	458
24.916	471
24.966	464
25.017	449
25.067	448
25.117	419
25.167	420
25.217	405
25.267	380
25.318	376
25.368	363
25.419	346
25.469	346
25.519	333
25.570	342
25.620	346
25.670	345
25.720	364
25.770	376
25.820	385
25.871	409
25.921	410
25.971	443
26.021	457
26.071	457
26.121	480
26.172	481
26.222	478
26.272	485
26.323	460
26.373	468
26.424	452
26.474	424
26.524	419
26.574	397
26.624	374
26.674	363
26.725	340
26.775	338
26.825	331
26.875	321
26.925	329
26.976	337
27.026	340
27.076	361
27.126	368
27.176	399
27.227	418
27.278	427
27.328	458
27.378	468
27.428	481
27.478	496
27.528	479
27.579	498
27.629	491
27.679	468
27.729	467
27.779	442
27.830	422
27.880	405
27.930	375
27.980	364
28.030	346
28.080	325
28.132	323
28.182	323
28.232	312
28.282	325
28.332	329
28.382	351
28.433	370
28.483	384
28.533	415
28.583	429
28.633	455
28.684	477
28.734	475
28.784	501
28.834	503
28.884	495
28.934	499
28.985	472
29.036	469
29.086	452
29.136	419
29.186	408
29.236	384
29.287	357
29.337	345
29.387	333
29.437	314
29.487	317
29.538	309
29.588	322
29.638	333
29.688	341
29.738	370
29.788	383
29.839	409
29.889	437
29.940	443
29.990	477
30.040	487
30.091	487
30.141	504
30.191	487
30.241	495
30.291	485
30.341	457
30.392	450
30.442	426
30.492	398
30.542	385
30.592	354
30.642	345
30.693	335
30.743	320
30.793	323
30.844	324
30.894	322
30.945	341
30.995	347
31.045	372
31.095	394
31.145	403
31.195	435
31.246	451
31.296	459
31.346	481
31.396	469
31.446	492
31.496	490
31.547	471
31.597	475
31.647	459
31.697	436
31.748	428
31.799	398
31.849	392
31.899	374
31.949	352
31.999	350
32.049	343
32.100	333
32.150	340
32.200	335
32.250	352
32.300	364
32.350	366
32.401	392
32.451	406
32.501	416
32.551	438
32.601	436
32.653	461
32.703	468
32.753	458
32.803	474
32.853	467
32.903	459
32.954	458
33.004	434
33.054	435
33.104	421
33.154	395
33.204	394
33.255	381
33.305	364
33.355	363
33.405	347
33.455	353
33.506	353
33.557	348
33.607	360
33.657	367
33.707	372
33.757	391
33.808	390
33.858	417
33.908	430
33.958	432
34.008	452
34.059	456
34.109	460
34.159	471
34.209	456
34.259	467
34.309	460
34.360	440
34.411	441
34.461	425
34.511	410
34.561	400
34.611	376
34.662	374
34.712	363
34.762	347
34.812	348
34.862	345
34.913	342
34.963	352
35.013	350
35.063	371
35.113	382
35.163	389
35.214	413
35.264	425
35.315	440
35.365	458
35.415	454
35.465	478
35.516	481
35.566	470
35.616	480
35.666	462
35.716	458
35.767	448
35.817	418
35.867	415
35.917	397
35.967	371
36.017	364
36.068	351
36.118	334
36.168	334
36.219	324
36.269	334
36.320	341
36.370	344
36.420	366
36.470	381
36.520	398
36.570	422
36.621	427
36.671	459
36.721	472
36.771	474
36.821	494
36.871	479
36.922	493
36.972	489
37.022	463
37.072	464
37.123	443
37.174	416
37.224	404
37.274	373
37.324	360
37.374	347
37.424	326
37.475	324
37.525	321
37.575	314
37.625	327
37.675	331
37.725	352
37.776	372
37.826	384
37.876	416
37.926	435
37.976	449
38.028	477
38.078	474
38.128	500
38.178	504
38.228	488
38.278	499
38.329	485
38.379	462
38.429	453
38.479	417
38.529	406
38.579	385
38.630	352
38.680	345
38.730	331
38.780	314
38.830	316
38.881	310
38.932	322
38.982	334
39.032	341
39.082	370
39.132	391
39.183	406
39.233	438
39.283	446
39.333	478
39.383	491
39.433	483
39.484	505
39.534	500
39.584	490
39.634	486
39.684	455
39.735	451
39.785	428
39.836	394
39.886	385
39.936	363
39.986	338
40.037	334
40.087	317
40.137	321
40.187	322
40.237	321
40.288	339
40.338	355
40.388	368
40.438	394
40.488	404
40.538	436
40.589	455
40.639	463
40.689	484
40.740	486
40.790	489
40.840	494
40.891	473
40.941	478
40.991	462
41.041	436
41.091	426
41.142	405
41.192	384
41.242	372
41.292	349
41.342	347
41.392	339
41.443	329
41.493	337
41.543	343
41.593	345
41.644	363
41.694	368
41.745	393
41.795	409
41.845	416
41.895	441
41.945	447
41.996	461
42.046	472
42.096	462
42.146	477
42.196	473
42.246	455
42.297	459
42.347	436
42.397	429
42.447	419
42.497	393
42.548	391
42.599	378
42.649	358
42.699	360
42.749	357
42.799	346
42.850	352
42.900	346
42.950	362
43.000	370
43.050	374
43.100	394
43.151	399
43.201	417
43.251	433
43.301	432
43.351	455
43.401	461
43.453	457
43.503	470
43.553	456
43.603	464
43.653	458
43.704	438
43.754	438
43.804	425
43.854	402
43.904	399
43.954	375
44.005	371
44.055	363
44.105	347
44.155	351
44.205	348
44.256	342
44.306	355
44.357	353
44.407	368
44.457	386
44.507	389
44.558	415
44.608	429
44.658	436
44.708	458
44.758	452
44.808	475
44.859	480
44.909	466
44.959	477
45.009	467
45.059	450
45.110	446
45.160	417
45.211	412
45.261	397
45.311	369
45.361	365
45.412	352
45.462	336
45.512	337
45.562	325
45.612	336
45.662	343
45.713	344
45.763	367
45.813	382
45.863	392
45.913	420
45.964	424
46.014	456
46.064	471
46.115	464
46.165	491
46.215	491
46.266	485
46.316	488
46.366	462
46.416	464
46.466	447
46.516	414
46.567	407
46.617	385
46.667	361
46.717	350
46.767	329
46.818	327
46.868	323
46.918	314
46.968	327
47.019	338
47.069	346
47.120	370
47.170	379
47.220	412
47.270	434
47.320	443
47.371	473
47.421	483
47.471	492
47.521	503
47.571	486
47.621	500
47.672	488
47.722	461
47.772	456
47.822	431
47.872	405
47.923	390
47.974	358
48.024	348
48.074	333
48.124	318
48.174	317
48.225	317
48.275	314
48.325	330
48.375	335
48.425	364
48.475	385
48.526	399
48.576	432
48.626	450
48.676	470
48.726	490
48.776	481
48.828	508
48.878	507
48.928	490
48.978	494
49.028	468
49.079	456
49.129	437
49.179	402
49.229	390
49.279	367
49.329	338
49.380	332
49.430	327
49.480	309
49.530	314
49.580	313
49.630	329
49.681	343
49.732	354
49.782	386
49.832	405
49.882	430
49.933	456
49.983	463
50.033	489
50.083	498
50.133	493
50.183	507
50.234	487
50.284	490
50.334	476
50.384	446
50.434	435
50.484	411
50.535	380
50.585	369
50.636	343
50.686	332
50.736	326
50.787	314
50.837	321
50.887	326
50.937	328
50.987	351
51.037	357
51.088	386
51.138	409
51.188	418
51.238	451
51.288	465
51.339	471
51.389	490
51.439	478
51.489	495
51.540	490
51.590	464
51.641	468
51.691	449
51.741	424
51.791	414
51.841	383
51.891	376
51.942	362
51.992	342
52.042	342
52.092	337
52.142	330
52.193	340
52.243	338
52.293	358
52.343	373
52.393	379
52.444	405
52.495	419
52.545	429
52.595	451
52.645	445
52.695	471
52.745	475
52.796	461
52.846	476
52.896	466
52.946	453
52.996	450
53.047	424
53.097	424
53.147	410
53.197	385
53.247	382
53.297	371
53.349	357
53.399	356
53.449	345
53.499	352
53.549	354
53.600	353
53.650	369
53.700	378
53.750	384
53.800	403
53.850	403
53.901	429
53.951	440
54.001	440
54.051	460
54.101	460
54.151	464
54.202	469
54.253	451
54.303	460
54.353	451
54.403	429
54.454	429
54.504	414
54.554	397
54.604	390
54.654	367
54.704	368
54.755	360
54.805	347
54.855	351
54.905	351
54.955	348
55.005	362
55.056	361
55.106	382
55.157	395
55.207	400
55.257	425
55.308	434
55.358	448
55.408	463
55.458	457
55.508	477
55.558	477
55.609	464
55.659	471
55.709	455
55.759	445
55.809	436
55.859	407
55.910	404
55.960	387
56.011	364
56.061	359
56.111	350
56.162	336
56.212	337
56.262	329
56.312	342
56.362	350
56.412	354
56.463	377
56.513	391
56.563	408
56.613	431
56.663	436
56.713	464
56.764	475
56.814	473
56.864	492
56.915	480
56.965	486
57.016	481
57.066	454
57.116	454
57.166	435
57.216	407
57.266	396
57.317	375
57.367	354
57.417	344
57.467	325
57.517	325
57.568	323
57.618	320
57.668	333
57.718	343
57.768	358
57.819	381
57.870	391
57.920	424
57.970	443
58.020	452
58.070	481
58.120	479
58.171	499
58.221	504
58.271	485
58.321	496
58.371	480
58.422	456
58.472	446
58.522	413
58.572	400
58.622	379
58.672	350
58.724	341
58.774	327
58.824	312
58.874	315
58.924	310
58.974	320
59.025	335
59.075	343
59.125	374
59.175	394
59.225	412
59.276	443
59.326	450
59.376	483
59.426	496
59.476	492
59.526	510
59.577	504
59.628	491
59.678	490
59.728	458
59.778	450
59.828	428
59.879	395
59.929	380
59.979	357
60.029	334
60.079	324
60.130	310
60.180	312
60.230	314
60.280	312
60.330	333
60.380	350
60.431	364
60.481	395
60.532	408
60.582	442
60.632	464
60.683	469
60.733	498
60.783	501
60.833	502
60.883	508
60.933	484
60.984	488
61.034	470
61.084	438
61.134	427
61.184	402
61.234	376
61.285	359
61.335	334
61.385	329
61.436	321
61.486	310
61.537	319
61.587	326
61.637	332
61.687	355
61.737	365
61.787	396
61.838	418
61.888	428
61.938	460
61.988	470
62.038	484
62.088	496
62.139	485
62.189	498
62.239	490
62.289	466
62.340	465
62.391	441
62.441	420
62.491	406
62.541	374
62.591	369
62.641	354
62.692	336
62.742	336
62.792	335
62.842	328
62.892	339
62.942	340
62.993	362
63.043	378
63.093	388
63.143	412
63.193	424
63.245	441
63.295	459
63.345	456
63.395	478
63.445	480
63.495	470
63.546	477
63.596	460
63.646	456
63.696	447
63.746	422
63.796	417
63.847	402
63.897	379
63.947	375
63.997	364
64.047	352
64.098	351
64.149	339
64.199	349
64.249	353
64.299	354
64.349	372
64.400	381
64.450	392
64.500	409
64.550	410
64.600	438
64.651	448
64.701	449
64.751	467
64.801	455
64.851	472
64.901	472
64.952	453
65.003	460
65.053	449
65.103	426
65.153	424
65.203	399
65.254	392
65.304	382
65.354	358
65.404	359
65.454	351
65.505	339
65.555	345
65.605	339
65.655	352
65.705	364
65.755	366
65.806	388
65.856	401
65.907	409
65.957	435
66.007	434
66.057	462
66.108	472
66.158	468
66.208	484
66.258	479
66.308	471
66.359	471
66.409	447
66.459	445
66.509	428
66.559	398
66.609	393
66.660	376
66.710	354
66.760	349
66.811	332
66.861	332
66.912	332
66.962	328
67.012	342
67.062	353
67.112	360
67.162	385
67.213	393
67.263	424
67.313	442
67.363	447
67.413	476
67.463	482
67.514	487
67.564	498
67.614	479
67.664	491
67.715	479
67.766	448
67.816	446
67.866	423
67.916	397
67.966	383
68.016	353
68.067	346
68.117	333
68.167	318
68.217	318
68.267	319
68.317	320
68.368	335
68.418	341
68.468	370
68.518	391
68.568	402
68.620	436
68.670	454
68.720	470
68.770	492
68.820	487
68.870	508
68.921	507
68.971	490
69.021	494
69.071	471
69.121	452
69.171	436
69.222	401
69.272	388
69.322	366
69.372	338
69.422	330
69.473	319
69.524	306
69.574	311
69.624	309
69.674	326
69.724	341
69.775	352
69.825	384
69.875	405
69.925	428
69.975	456
70.025	460
70.076	494
70.126	504
70.176	500
70.226	513
70.276	490
70.327	496
70.377	483
70.428	450
70.478	441
70.528	415
70.578	381
70.629	367
70.679	349
70.729	324
70.779	317
70.829	305
70.880	309
70.930	314
70.980	316
71.030	339
71.080	351
71.130	378
71.181	407
71.231	420
71.281	455
71.332	474
71.382	479
71.432	504
71.483	495
71.533	510
71.583	507
71.633	482
71.683	482
71.734	460
71.784	430
71.834	417
71.884	381
71.934	365
71.984	350
72.035	326
72.085	324
72.135	318
72.185	310
72.236	321
72.286	324
72.337	341
72.387	364
72.437	374
72.487	407
72.537	427
72.588	442
72.638	469
72.688	467
72.738	493
72.788	497
72.838	485
72.889	496
72.939	483
72.989	466
73.039	457
73.089	425
73.140	417
73.191	398
73.241	369
73.291	363
73.341	350
73.391	336
73.442	335
73.492	326
73.542	336
73.592	343
73.642	346
73.692	368
73.743	383
73.793	394
73.843	418
73.893	422
73.943	450
73.993	462
74.045	459
74.095	478
74.145	478
74.195	472
74.245	475
74.296	451
74.346	456
74.396	443
74.446	416
74.496	414
74.546	397
74.597	378
74.647	373
74.697	352
74.747	355
74.797	349
74.848	338
74.898	349
74.949	354
74.999	357
75.049	374
75.099	375
75.150	399
75.200	413
75.250	416
75.300	441
75.350	449
75.400	456
75.451	471
75.501	461
75.551	476
75.601	473
75.651	454
75.702	459
75.752	443
75.803	429
75.853	420
75.903	392
75.953	390
76.004	376
76.054	356
76.104	353
76.154	347
76.204	338
76.254	343
76.305	338
76.355	355
76.405	365
76.455	368
76.505	393
76.556	407
76.606	422
76.656	443
76.707	443
76.757	470
76.807	479
76.858	473
76.908	489
76.958	478
77.008	475
77.058	469
77.108	441
77.159	440
77.209	421
77.259	394
77.309	384
77.359	369
77.410	347
77.460	340
77.510	325
77.560	328
77.611	329
77.661	327
77.712	344
77.762	359
77.812	370
77.862	394
77.912	403
77.963	435
78.013	453
78.063	459
78.113	486
78.163	478
78.213	500
78.264	502
78.314	480
78.364	489
78.414	471
78.464	447
78.515	435
78.566	407
78.616	388
78.666	370
78.716	342
78.766	335
78.817	325
78.867	309
78.917	317
78.967	313
79.017	324
79.067	344
79.118	353
79.168	383
79.218	404
79.268	419
79.318	451
79.368	459
79.420	488
79.470	500
79.520	487
79.570	510
79.620	504
79.671	488
79.721	484
79.771	451
79.821	443
79.871	420
79.921	385
79.972	372
80.022	351
80.072	328
80.122	322
80.172	307
80.222	312
80.273	315
80.324	316
80.374	339
80.424	355
80.474	371
80.525	402
80.575	415
80.625	450
80.675	471
80.725	473
80.775	501
80.826	503
80.876	503
80.926	507
80.976	486
81.026	484
81.076	466
81.127	431
81.177	420
81.228	395
81.278	368
81.328	352
81.379	327
81.429	325
81.479	318
81.529	308
81.579	319
81.629	327
81.680	336
81.730	361
81.780	370
81.830	403
81.880	426
81.931	436
81.981	468
82.031	477
82.081	488
82.132	500
82.182	485
82.233	499
82.283	489
82.333	464
82.383	460
82.433	437
82.483	412
82.534	399
82.584	368
82.634	361
82.684	348
82.734	330
82.785	332
82.835	331
82.885	328
82.935	340
82.985	343
83.036	367
83.087	383
83.137	392
83.187	419
83.237	433
83.287	449
83.337	466
83.388	459
83.438	482
83.488	483
83.538	471
83.588	478
83.639	459
83.689	453
83.739	443
83.789	417
83.839	411
83.889	395
83.941	372
83.991	369
84.041	365
84.091	346
84.141	348
84.192	338
84.242	349
84.292	355
84.342	356
84.392	375
84.442	383
84.493	398
84.543	416
84.593	418
84.643	444
84.693	454
84.743	454
84.794	471
84.845	460
84.895	472
84.945	472
84.995	453
85.046	457
85.096	444
85.146	423
85.196	418
85.246	398
85.296	385
85.347	376
85.397	354
85.447	355
85.497	349
85.547	340
85.597	346
85.648	343
85.698	352
85.749	368
85.799	369
85.849	395
85.900	409
85.950	419
86.000	443
86.050	441
86.100	467
86.150	477
86.201	467
86.251	485
86.301	479
86.351	464
86.401	467
86.451	437
86.502	436
86.552	420
86.603	393
86.653	385
86.703	367
86.754	348
86.804	344
86.854	328
86.904	329
86.954	334
87.004	330
87.055	348
87.105	361
87.155	370
87.205	396
87.255	404
87.305	434
87.356	454
87.406	455
87.456	484
87.507	490
87.557	488
87.608	498
87.658	476
87.708	484
87.758	470
87.808	441
87.858	433
87.909	412
87.959	384
88.009	371
88.059	344
88.109	338
88.160	327
88.210	313
88.260	320
88.310	325
88.360	326
88.411	346
88.462	354
88.512	386
88.562	406
88.612	420
88.662	451
88.712	468
88.763	479
88.813	499
88.863	490
88.913	508
88.963	503
89.014	480
89.064	481
89.114	458
89.164	436
89.214	418
89.264	385
89.316	372
89.366	352
89.416	329
89.466	324
89.516	319
89.566	308
89.617	319
89.667	320
89.717	342
89.767	360
89.817	372
89.868	405
89.918	424
89.968	446
90.018	472
90.068	470
90.118	500
90.169	505
90.220	494
90.270	504
90.320	489
90.370	477
90.420	463
90.471	427
90.521	418
90.571	395
90.621	364
90.671	353
90.722	339
90.772	320
90.822	321
90.872	312
90.922	322
90.972	332
91.023	340
91.073	365
91.124	383
91.174	402
91.224	429
91.275	438
91.325	468
91.375	482
91.425	482
91.475	499
91.525	486
91.576	493
91.626	487
91.676	457
91.726	457
91.776	435
91.826	408
91.877	397
91.927	377
91.977	356
92.028	347
92.078	329
92.129	333
92.179	332
92.229	329
92.279	344
92.329	351
92.379	366
92.430	388
92.480	392
92.530	424
92.580	439
92.630	447
92.680	468
92.731	463
92.781	479
92.831	483
92.881	465
92.932	475
92.983	463
93.033	444
93.083	438
93.133	409
93.183	404
93.233	392
93.284	368
93.334	367
93.384	358
93.434	345
93.484	349
93.534	340
93.585	352
93.635	360
93.685	362
93.735	382
93.785	393
93.837	400
93.887	422
93.937	423
93.987	445
94.037	456
94.087	450
94.138	469
94.188	468
94.238	462
94.288	466
94.338	443
94.388	450
94.439	439
94.489	417
94.539	413
94.589	398
94.639	378
94.690	376
94.741	356
94.791	357
94.841	353
94.891	343
94.941	353
94.992	357
95.042	358
95.092	375
95.142	374
95.192	400
95.243	414
95.293	417
95.343	442
95.393	453
95.443	457
95.493	473
95.544	462
95.595	478
95.645	474
95.695	454
95.745	460
95.795	444
95.846	424
95.896	418
95.946	389
95.996	386
96.046	372
96.097	349
96.147	349
96.197	343
96.247	333
96.297	341
96.347	336
96.398	354
96.448	366
96.499	370
96.549	398
96.599	414
96.649	427
96.700	451
96.750	450
96.800	478
96.850	486
96.900	475
96.951	491
97.001	481
97.051	472
97.101	465
97.151	436
97.201	432
97.252	412
97.302	384
97.352	374
97.403	356
97.453	338
97.504	334
97.554	320
97.604	326
97.654	331
97.704	332
97.754	352
97.805	367
97.855	384
97.905	408
97.955	419
98.005	449
98.055	467
98.106	469
98.156	494
98.206	483
98.256	498
98.307	499
98.358	474
98.408	477
98.458	458
98.508	429
98.558	418
98.608	394
98.659	370
98.709	355
98.759	332
98.809	329
98.859	323
98.909	315
98.960	324
99.010	335
99.060	341
99.110	364
99.160	374
99.212	406
99.262	427
99.312	442
99.362	469
99.412	471
99.462	493
99.513	501
99.563	488
99.613	500
99.663	488
99.713	465
99.763	458
99.814	427
99.864	412
99.914	395
99.964	364
100.014	356
100.065	341
100.116	324
100.166	326
100.216	319
100.266	322
100.316	338
100.367	344
100.417	369
100.467	387
100.517	399
100.567	429
100.617	433
100.668	464
100.718	477
100.768	475
100.818	492
100.868	489
100.919	480
100.969	481
101.020	452
101.070	452
101.120	435
101.170	405
101.221	398
101.271	380
101.321	359
101.371	354
101.421	337
101.472	340
101.522	340
101.572	336
101.622	351
101.672	360
101.722	368
101.773	389
101.823	395
101.873	420
101.924	434
101.974	436
102.024	460
102.075	466
102.125	467
102.175	475
102.225	456
102.275	469
102.326	460
102.376	440
102.426	438
102.476	423
102.526	406
102.576	398
102.627	374
102.677	375
102.727	366
102.777	352
102.828	356
102.878	355
102.929	352
102.979	362
103.029	361
103.079	379
103.129	390
103.180	393
103.230	415
103.280	425
103.330	434
103.380	450
103.430	441
103.481	465
103.531	468
103.581	454
103.631	467
103.681	457
103.732	448
103.783	444
103.833	417
103.883	420
103.933	406
103.983	384
104.034	381
104.084	369
104.134	356
104.184	355
104.234	344
104.284	351
104.335	354
104.385	353
104.435	370
104.485	380
104.535	390
104.585	409
104.637	410
104.687	439
104.737	452
104.787	453
104.837	473
104.888	470
104.938	476
104.988	479
105.038	459
105.088	465
105.138	451
105.189	428
105.239	423
105.289	402
105.339	384
105.389	373
105.440	352
105.490	349
105.541	341
105.591	330
105.641	338
105.691	345
105.742	345
105.792	363
105.842	368
105.892	395
105.942	413
105.992	423
106.043	450
106.093	454
106.143	476
106.193	488
106.243	478
106.294	494
106.344	488
106.395	467
106.445	469
106.495	442
106.545	430
106.596	414
106.646	386
106.696	375
106.746	357
106.796	336
106.846	333
106.897	319
106.947	320
106.997	329
107.047	330
107.097	350
107.148	367
107.198	378
107.248	408
107.299	415
107.349	446
107.399	468
107.450	468
107.500	494
107.550	498
107.600	494
107.650	499
107.700	472
107.751	476
107.801	459
107.851	428
107.901	417
107.951	394
108.002	368
108.052	355
108.102	333
108.152	326
108.203	322
108.253	314
108.304	325
108.354	334
108.404	342
108.454	366
108.504	376
108.555	406
108.605	429
108.655	439
108.705	470
108.755	481
108.805	487
108.856	501
108.906	484
108.956	499
109.006	489
109.056	462
109.107	457
109.158	434
109.208	410
109.258	394
109.308	362
109.358	355
109.409	342
109.459	326
109.509	326
109.559	327
109.609	324
109.659	340
109.710	344
109.760	371
109.810	389
109.860	401
109.910	429
109.960	445
110.012	458
110.062	478
110.112	471
110.162	492
110.212	491
110.263	476
110.313	480
110.363	463
110.413	445
110.463	434
110.513	402
110.564	398
110.614	380
110.664	358
110.714	354
110.764	347
110.814	336
110.865	341
110.916	336
110.966	352
111.016	361
111.066	366
111.117	390
111.167	402
111.217	416
111.267	437
111.317	437
111.367	461
111.418	467
111.468	462
111.518	476
111.568	464
111.618	465
111.668	461
111.719	436
111.769	439
111.820	426
111.870	402
111.920	399
111.971	386
112.021	370
112.071	366
112.121	353
112.171	355
112.221	355
112.272	350
112.322	361
112.372	370
112.422	376
112.472	390
112.523	391
112.573	415
112.623	427
112.673	430
112.724	450
112.774	446
112.825	462
112.875	470
112.925	457
112.975	468
113.025	461
113.075	444
113.126	445
113.176	425
113.226	417
113.276	407
113.326	383
113.377	380
113.427	369
113.477	354
113.527	354
113.577	343
113.628	344
113.679	353
113.729	349
113.779	369
113.829	380
113.879	388
113.929	410
113.980	411
114.030	438
114.080	452
114.130	450
114.180	474
114.231	477
114.281	471
114.331	480
114.381	460
114.431	464
114.481	453
114.533	428
114.583	422
114.633	403
114.683	380
114.733	372
114.784	348
114.834	345
114.884	340
114.934	327
114.984	336
115.034	341
115.085	342
115.135	363
115.185	369
115.235	396
115.285	415
115.335	422
115.386	452
115.437	466
115.487	473
115.537	490
115.587	480
115.638	496
115.688	490
115.738	467
115.788	468
115.838	450
115.888	425
115.939	414
115.989	381
116.039	373
116.089	355
116.139	334
116.189	330
116.240	326
116.290	320
116.341	328
116.391	329
116.441	351
116.492	369
116.542	380
116.592	410
116.642	429
116.692	445
116.742	470
116.793	468
116.843	497
116.893	501
116.943	488
116.993	499
117.043	485
117.094	470
117.144	459
117.195	427
117.245	416
117.295	394
117.346	364
117.396	353
117.446	339
117.496	322
117.546	323
117.596	314
117.647	325
117.697	335
117.747	340
117.797	368
117.847	386
117.897	404
117.948	431
117.998	440
118.048	471
118.099	484
118.149	480
118.200	501
118.250	497
118.300	492
118.350	488
118.400	459
118.450	455
118.501	435
118.551	406
118.601	394
118.651	372
118.701	352
118.752	343
118.802	326
118.852	329
118.902	329
118.952	325
119.003	342
119.054	356
119.104	368
119.154	391
119.204	398
119.254	430
119.304	447
119.355	452
119.405	476
119.455	471
119.505	485
119.555	489
119.606	470
119.656	476
119.706	463
119.756	438
119.806	434
119.856	411
119.908	394
119.958	383
120.008	358
120.058	359
120.108	351
120.158	338
120.209	345
120.259	350
120.309	350
120.359	364
120.409	366
120.460	389
120.510	402
120.560	411
120.610	433
120.660	431
120.710	453
120.761	464
120.812	456
120.862	473
120.912	471
120.962	455
121.012	463
121.063	439
121.113	440
121.163	429
121.213	407
121.263	404
121.314	390
121.364	370
121.414	369
121.464	352
121.514	353
121.564	354
121.615	346
121.665	359
121.716	365
121.766	367
121.816	385
121.867	387
121.917	409
121.967	424
122.017	424
122.067	450
122.117	458
122.168	459
122.218	472
122.268	462
122.318	473
122.368	468
122.418	448
122.469	450
122.519	435
122.569	415
122.620	408
122.670	383
122.721	378
122.771	367
122.821	349
122.871	349
122.921	345
122.971	337
123.022	347
123.072	346
123.122	365
123.172	378
123.222	382
123.272	409
123.323	424
123.373	434
123.423	458
123.473	457
123.524	480
123.575	486
123.625	476
123.675	486
123.725	474
123.775	464
123.825	456
123.876	425
123.926	421
123.976	402
124.026	375
124.076	367
124.126	351
124.177	336
124.227	334
124.277	325
124.327	331
124.377	337
124.429	340
124.479	362
124.529	377
124.579	392
124.629	418
124.679	426
124.730	458
124.780	474
124.830	474
124.880	496
124.930	493
124.980	496
125.031	494
125.081	469
125.131	470
125.181	451
125.231	419
125.282	409
125.333	386
125.383	362
125.433	350
125.483	328
125.533	326
125.584	321
125.634	313
125.684	326
125.734	338
125.784	346
125.835	370
125.885	380
125.935	414
125.985	436
126.035	448
126.085	477
126.136	483
126.187	497
126.237	506
126.287	489
126.337	502
126.387	490
126.438	466
126.488	456
126.538	429
126.588	408
126.638	389
126.689	357
126.739	348
126.789	334
126.839	316
126.889	319
126.939	325
126.990	320
127.040	334
127.091	341
127.141	369
127.191	390
127.241	405
127.292	438
127.342	447
127.392	473
127.442	491
127.492	482
127.543	505
127.593	503
127.643	488
127.693	489
127.743	461
127.793	451
127.844	432
127.894	400
127.944	389
127.995	368
128.045	344
128.096	338
128.146	323
128.196	320
128.246	326
128.296	323
128.346	342
128.397	355
128.447	368
128.497	393
128.547	403
128.597	432
128.647	452
128.698	453
128.748	480
128.798	485
128.848	483
128.899	492
128.950	470
129.000	478
129.050	465
129.100	439
129.150	432
129.200	413
129.251	388
129.301	381
129.351	356
129.401	354
129.451	347
129.501	335
129.552	342
129.602	346
129.652	346
129.702	363
129.752	365
129.804	388
129.854	404
129.904	409
129.954	435
130.004	446
130.054	451
130.105	468
130.155	457
130.205	476
130.255	475
130.305	459
130.355	464
130.406	451
130.456	435
130.506	429
130.556	403
130.606	401
130.657	388
130.708	366
130.758	366
130.808	358
130.858	347
130.908	351
130.959	344
131.009	357
131.059	364
131.109	366
131.159	386
131.209	397
131.260	406
131.310	428
131.360	428
131.410	454
131.460	463
131.511	461
131.561	477
131.612	474
131.662	469
131.712	470
131.762	448
131.813	450
131.863	436
131.913	409
131.963	406
132.013	389
132.064	370
132.114	363
132.164	343
132.214	346
132.264	342
132.314	336
132.365	346
132.415	354
132.465	360
132.516	379
132.566	382
132.616	412
132.667	429
132.717	436
132.767	463
132.817	469
132.867	480
132.918	490
132.968	472
133.018	489
133.068	480
133.118	457
133.168	456
133.219	430
133.269	416
133.319	401
133.369	372
133.420	363
133.470	349
133.521	330
133.571	330
133.621	333
133.671	324
133.721	336
133.772	339
133.822	362
133.872	380
133.922	390
133.972	421
134.022	431
134.073	460
134.123	479
134.173	477
134.223	500
134.273	502
134.324	493
134.375	496
134.425	471
134.475	467
134.525	450
134.575	416
134.626	407
134.676	383
134.726	357
134.776	345
134.826	327
134.876	320
134.927	318
134.977	312
135.027	326
135.077	337
135.127	346
135.177	372
135.229	383
135.279	416
135.329	440
135.379	446
135.429	481
135.480	492
135.530	492
135.580	509
135.630	488
135.680	502
135.730	491
135.781	459
135.831	454
135.881	430
135.931	400
135.981	386
136.032	354
136.082	344
136.133	331
136.183	316
136.233	318
136.283	317
136.334	320
136.384	336
136.434	343
136.484	370
136.534	394
136.584	406
136.635	440
136.685	459
136.735	470
136.785	493
136.835	485
136.886	506
136.936	504
136.987	483
137.037	488
137.087	469
137.137	442
137.188	430
137.238	395
137.288	386
137.338	365
137.388	341
137.438	337
137.489	330
137.539	320
137.589	327
137.639	326
137.689	344
137.740	359
137.790	367
137.840	397
137.891	414
137.941	430
137.991	455
138.042	454
138.092	481
138.142	488
138.192	478
138.242	491
138.292	481
138.343	471
138.393	463
138.443	433
138.493	430
138.543	412
138.594	388
138.644	379
138.694	364
138.744	348
138.795	348
138.845	335
138.896	344
138.946	346
138.996	346
139.046	365
139.096	376
139.147	387
139.197	407
139.247	413
139.297	437
139.347	448
139.397	448
139.448	469
139.498	466
139.548	471
139.598	475
139.648	454
139.699	462
139.750	452
139.800	431
139.850	428
139.900	411
139.950	394
140.001	386
140.051	368
140.101	366
140.151	358
140.201	346
140.251	352
140.302	357
140.352	353
140.402	367
140.452	366
140.502	388
140.552	400
140.604	405
140.654	429
140.704	434
140.754	451
140.804	464
140.855	461
140.905	475
140.955	475
141.005	464
141.055	469
141.105	447
141.156	446
141.206	435
141.256	407
141.306	405
141.356	389
141.406	367
141.457	363
141.508	351
141.558	340
141.608	344
141.658	336
141.709	348
141.759	356
141.809	360
141.859	381
141.909	386
141.959	412
142.010	431
142.060	435
142.110	463
142.160	472
142.210	475
142.260	490
142.311	474
142.361	487
142.412	479
142.462	455
142.512	453
142.563	434
142.613	408
142.663	398
142.713	371
142.763	360
142.813	349
142.864	330
142.914	331
142.964	328
143.014	324
143.064	338
143.115	339
143.165	364
143.215	383
143.265	393
143.316	424
143.366	442
143.417	456
143.467	479
143.517	473
143.567	499
143.617	502
143.667	486
143.718	494
143.768	479
143.818	460
143.868	447
143.918	413
143.969	404
144.019	382
144.069	354
144.119	346
144.169	333
144.220	316
144.271	320
144.321	313
144.371	328
144.421	340
144.471	348
144.521	375
144.572	395
144.622	412
144.672	443
144.722	449
144.772	481
144.823	494
144.873	491
144.923	508
144.973	501
145.023	495
145.073	488
145.125	456
145.175	450
145.225	428
145.275	397
145.325	384
145.376	361
145.426	338
145.476	331
145.526	317
145.576	320
145.626	322
145.677	321
145.727	340
145.777	357
145.827	372
145.877	398
145.927	407
145.978	443
146.029	462
146.079	466
146.129	492
146.179	492
146.230	498
146.280	501
146.330	482
146.380	482
146.430	465
146.480	435
146.531	426
146.581	403
146.631	380
146.681	367
146.731	343
146.781	340
146.832	334
146.882	324
146.933	332
146.983	341
147.033	344
147.084	364
147.134	373
147.184	400
147.234	417
147.284	426
147.334	453
147.385	455
147.435	474
147.485	484
147.535	472
147.585	486
147.635	479
147.686	460
147.736	459
147.787	437
147.837	426
147.887	413
147.938	386
147.988	383
148.038	370
148.088	350
148.138	351
148.188	351
148.239	344
148.289	351
148.339	350
148.389	367
148.439	378
148.489	384
148.540	405
148.590	407
148.640	430
148.691	446
148.741	444
148.792	465
148.842	469
148.892	463
148.942	474
148.992	455
149.042	460
149.093	455
149.143	431
149.193	430
149.243	415
149.293	394
149.344	390
149.394	369
149.444	366
149.494	360
149.544	347
149.595	352
149.646	353
149.696	348
149.746	364
149.796	363
149.846	384
149.896	398
149.947	401
149.997	428
150.047	440
150.097	445
150.147	465
150.198	459
150.248	478
150.298	479
150.348	464
150.398	472
150.448	461
150.500	441
150.550	438
150.600	408
150.650	404
150.700	389
150.750	365
150.801	361
150.851	351
150.901	336
150.951	339
151.001	332
151.052	345
151.102	353
151.152	355
151.202	380
151.252	395
151.302	407
151.353	432
151.404	436
151.454	466
151.504	478
151.554	472
151.604	493
151.655	489
151.705	482
151.755	482
151.805	452
151.855	454
151.906	435
151.956	406
152.006	396
152.056	375
152.106	354
152.156	345
152.207	328
152.257	328
152.308	326
152.358	322
152.408	337
152.459	349
152.509	360
152.559	386
152.609	394
152.659	428
152.709	449
152.760	455
152.810	484
152.860	489
152.910	496
152.960	505
153.010	485
153.061	495
153.111	480
153.161	451
153.212	444
153.262	418
153.313	394
153.363	378
153.413	348
153.463	342
153.513	330
153.563	316
153.614	320
153.664	325
153.714	324
153.764	344
153.814	352
153.864	381
153.915	403
153.965	417
154.015	448
154.065	459
154.116	480
154.167	496
154.217	485
154.267	506
154.317	500
154.367	484
154.417	481
154.468	453
154.518	439
154.568	422
154.618	389
154.668	378
154.718	360
154.769	340
154.819	334
154.869	333
154.919	321
154.969	329
155.021	329
155.071	349
155.121	366
155.171	377
155.221	406
155.271	415
155.322	443
155.372	464
155.422	463
155.472	486
155.522	491
155.572	483
155.623	491
155.673	467
155.723	468
155.773	456
155.823	426
155.874	420
155.925	401
155.975	376
156.025	369
156.075	351
156.125	340
156.176	343
156.226	334
156.276	343
156.326	350
156.376	352
156.427	373
156.477	377
156.527	400
156.577	418
156.627	423
156.677	448
156.728	458
156.779	460
156.829	475
156.879	463
156.929	475
156.979	472
157.030	452
157.080	455
157.130	441
157.180	422
157.230	416
157.281	392
157.331	388
157.381	378
157.431	359
157.481	360
157.531	355
157.582	348
157.632	356
157.683	353
157.733	366
157.783	378
157.833	379
157.884	401
157.934	413
157.984	421
158.034	440
158.084	435
158.135	460
158.185	467
158.235	458
158.285	474
158.335	468
158.385	459
158.436	460
158.486	436
158.536	437
158.587	423
158.637	398
158.688	395
158.738	381
158.788	363
158.838	361
158.888	345
158.938	349
158.989	349
159.039	344
159.089	358
159.139	367
159.189	372
159.239	394
159.290	396
159.340	425
159.390	440
159.440	444
159.491	468
159.542	472
159.592	478
159.642	486
159.692	465
159.742	479
159.792	469
159.843	446
159.893	442
159.943	422
159.993	402
160.043	389
160.093	363
160.144	359
160.194	347
160.244	332
160.294	335
160.344	335
160.396	332
160.446	348
160.496	352
160.546	377
160.596	395
160.646	404
160.697	434
160.747	447
160.797	465
160.847	483
160.897	476
160.947	498
160.998	498
161.048	482
161.098	485
161.148	461
161.198	452
161.249	437
161.300	403
161.350	394
161.400	374
161.450	347
161.500	341
161.551	337
161.601	320
161.651	324
161.701	320
161.751	336
161.801	350
161.852	358
161.902	387
161.952	405
162.002	428
162.052	452
162.103	457
162.153	487
162.204	496
162.254	493
162.304	507
162.354	486
162.405	492
162.455	479
162.505	446
162.555	441
162.605	417
162.656	389
162.706	373
162.756	347
162.806	332
162.856	328
162.906	313
162.957	320
163.007	323
163.057	326
163.108	347
163.158	355
163.208	384
163.259	408
163.309	417
163.359	453
163.409	470
163.459	477
163.510	499
163.560	486
163.610	506
163.660	502
163.710	478
163.760	478
163.811	458
163.861	430
163.911	417
163.961	385
164.012	372
164.062	355
164.113	331
164.163	330
164.213	325
164.263	316
164.313	328
164.364	328
164.414	350
164.464	369
164.514	380
164.564	411
164.614	430
164.665	445
164.715	469
164.765	467
164.815	492
164.865	497
164.916	487
164.967	494
165.017	481
165.067	465
165.117	455
165.167	423
165.218	416
165.268	397
165.318	369
165.368	363
165.418	351
165.468	336
165.519	338
165.569	330
165.619	341
165.669	349
165.719	353
165.769	375
165.821	390
165.871	401
165.921	426
165.971	430
166.021	456
166.072	466
166.122	465
166.172	480
166.222	476
166.272	474
166.322	473
166.373	451
166.423	451
166.473	437
166.523	413
166.573	408
166.624	393
166.674	376
166.725	371
166.775	354
166.825	356
166.875	354
166.926	348
166.976	358
167.026	363
167.076	368
167.126	385
167.176	385
167.227	410
167.277	422
167.327	424
167.377	446
167.427	451
167.478	458
167.528	467
167.579	453
167.629	469
167.679	464
167.729	446
167.780	450
167.830	433
167.880	422
167.930	415
167.980	393
168.030	390
168.081	379
168.131	362
168.181	363
168.231	361
168.281	352
168.332	357
168.382	354
168.432	369
168.483	379
168.533	378
168.583	401
168.634	411
168.684	424
168.734	441
168.784	441
168.834	463
168.884	469
168.935	464
168.985	476
169.035	461
169.085	465
169.135	459
169.186	437
169.236	435
169.286	419
169.336	396
169.387	390
169.437	375
169.488	360
169.538	354
169.588	339
169.638	345
169.688	345
169.739	343
169.789	357
169.839	359
169.889	376
169.939	399
169.989	406
170.040	433
170.090	447
170.140	457
170.190	476
170.240	465
170.291	489
170.342	490
170.392	471
170.442	479
170.492	465
170.542	442
170.593	435
170.643	404
170.693	396
170.743	380
170.793	355
170.843	348
170.894	338
170.944	327
170.994	331
171.044	325
171.094	338
171.144	352
171.196	360
171.246	386
171.296	404
171.346	418
171.396	447
171.447	451
171.497	480
171.547	492
171.597	484
171.647	503
171.697	496
171.748	485
171.798	480
171.848	450
171.898	445
171.948	423
171.998	394
172.049	381
172.100	361
172.150	340
172.200	334
172.250	318
172.301	322
172.351	324
172.401	326
172.451	344
172.501	361
172.551	374
172.602	402
172.652	411
172.702	447
172.752	466
172.802	470
172.852	496
172.903	498
172.953	501
173.004	505
173.054	480
173.104	484
173.155	467
173.205	434
173.255	425
173.305	399
173.355	374
173.405	360
173.456	339
173.506	332
173.556	325
173.606	314
173.656	324
173.707	331
173.757	340
173.807	362
173.857	370
173.908	403
173.958	425
174.009	435
174.059	466
174.109	475
174.159	489
174.209	500
174.259	484
174.310	500
174.360	491
174.410	469
174.460	463
174.510	438
174.561	418
174.611	402
174.661	371
174.711	364
174.761	349
174.812	332
174.863	333
174.913	337
174.963	328
175.013	341
175.063	346
175.113	369
175.164	386
175.214	396
175.264	423
175.314	435
175.364	455
175.415	471
175.465	469
175.515	487
175.565	486
175.615	476
175.665	479
175.717	455
175.767	452
175.817	440
175.867	411
175.917	407
175.968	391
176.018	368
176.068	365
176.118	351
176.168	346
176.218	348
176.269	340
176.319	354
176.369	361
176.419	364
176.469	385
176.519	387
176.570	408
176.621	426
176.671	426
176.721	451
176.771	459
176.822	456
176.872	472
176.922	459
176.972	470
177.022	466
177.072	445
177.123	449
177.173	435
177.223	418
177.273	411
177.323	387
177.373	384
177.424	375
177.474	357
177.525	361
177.575	357
177.625	348
177.676	359
177.726	355
177.776	369
177.826	381
177.876	382
177.926	406
177.977	417
178.027	424
178.077	445
178.127	440
178.177	465
178.227	472
178.278	463
178.328	475
178.379	469
178.429	458
178.479	457
178.530	430
178.580	430
178.630	417
178.680	390
178.730	387
178.780	373
178.831	357
178.881	353
178.931	339
178.981	345
179.031	347
179.081	344
179.132	361
179.182	372
179.232	380
179.283	404
179.333	407
179.384	437
179.434	452
179.484	453
179.534	478
179.584	481
179.634	482
179.685	489
179.735	465
179.785	475
179.835	462
179.885	435
179.936	431
179.986	409
180.036	388
180.086	375
180.136	350
180.187	346
180.238	337
180.288	326
180.338	332
180.388	335
180.438	338
180.488	357
180.539	364
180.589	392
180.639	413
180.689	422
180.739	452
180.790	465
180.840	478
180.890	494
180.940	485
180.990	501
181.040	496
181.092	475
181.142	474
181.192	453
181.242	432
181.292	417
181.342	384
181.393	375
181.443	357
181.493	335
181.543	332
181.593	327
181.644	320
181.694	329
181.744	330
181.794	352
181.844	368
181.894	381
181.945	410
181.996	429
182.046	448
182.096	471
182.146	472
182.196	496
182.247	500
182.297	492
182.347	498
182.397	475
182.447	472
182.498	457
182.548	424
182.598	416
182.648	394
182.698	366
182.748	358
182.799	347
182.849	328
182.900	329
182.950	323
183.000	333
183.051	343
183.101	349
183.151	374
183.201	383
183.251	410
183.301	432
183.352	438
183.402	467
183.452	478
183.502	474
183.552	493
183.602	478
183.653	486
183.703	479
183.753	451
183.804	451
183.854	433
183.905	408
183.955	398
184.005	371
184.055	361
184.105	355
184.155	340
184.206	344
184.256	343
184.306	340
184.356	355
184.406	356
184.456	376
184.507	393
184.557	396
184.607	424
184.657	436
184.708	443
184.759	462
184.809	453
184.859	474
184.909	475
184.959	462
185.009	470
185.060	459
185.110	442
185.160	439
185.210	411
185.260	412
185.310	399
185.361	376
185.411	377
185.461	367
185.511	354
185.561	358
185.613	349
185.663	358
185.713	365
185.763	366
185.813	381
185.863	391
185.914	398
185.964	418
186.014	417
186.064	442
186.114	452
186.164	449
186.215	467
186.265	467
186.315	463
186.365	469
186.415	451
186.466	455
186.517	445
186.567	423
186.617	419
186.667	404
186.717	385
186.768	380
186.818	360
186.868	361
186.918	354
186.968	342
187.019	351
187.069	355
187.119	356
187.169	373
187.219	373
187.269	400
187.320	414
187.371	418
187.421	445
187.471	454
187.521	463
187.571	478
187.622	466
187.672	484
187.722	481
187.772	460
187.822	465
187.873	447
187.923	430
187.973	419
188.023	392
188.073	384
188.123	369
188.174	347
188.224	345
188.275	339
188.325	330
188.375	338
188.425	337
188.476	354
188.526	368
188.576	377
188.626	402
188.676	419
188.727	437
188.777	459
188.827	458
188.877	486
188.927	493
188.977	483
189.028	497
189.078	478
189.128	474
189.179	465
189.229	432
189.280	428
189.330	407
189.380	376
189.430	368
189.480	355
189.530	334
189.581	330
189.631	318
189.681	327
189.731	333
189.781	336
189.831	359
189.882	375
189.932	394
189.982	419
190.032	427
190.083	460
190.134	474
190.184	477
190.234	500
190.284	491
190.334	501
190.384	497
190.435	472
190.485	470
190.535	451
190.585	420
190.635	408
190.685	379
190.736	362
190.786	350
190.836	329
190.886	329
190.936	325
190.988	318
191.038	332
191.088	339
191.138	352
191.188	378
191.238	386
191.289	419
191.339	439
191.389	452
191.439	477
191.489	472
191.539	497
191.590	500
191.640	483
191.690	492
191.740	479
191.790	456
191.841	447
191.892	416
191.942	405
191.992	387
192.042	361
192.092	354
192.143	342
192.193	329
192.243	334
192.293	328
192.343	340
192.393	352
192.444	358
192.494	384
192.544	399
192.594	412
192.644	437
192.695	441
192.745	468
192.796	477
192.846	470
192.896	487
192.946	482
192.997	472
193.047	470
193.097	443
193.147	444
193.197	427
193.248	401
193.298	396
193.348	381
193.398	364
193.448	360
193.498	346
193.549	350
193.599	351
193.649	346
193.700	361
193.750	370
193.800	376
193.851	395
193.901	397
193.951	423
194.001	436
194.051	436
194.102	458
194.152	461
194.202	464
194.252	472
194.302	455
194.352	468
194.403	460
194.453	439
194.503	441
194.553	425
194.604	409
194.654	402
194.705	380
194.755	379
194.805	370
194.855	356
194.905	358
194.956	356
195.006	352
195.056	361
195.106	359
195.156	378
195.206	389
195.257	392
195.307	415
195.357	426
195.407	438
195.457	454
195.508	450
195.559	471
195.609	475
195.659	466
195.709	475
195.759	463
195.810	456
195.860	449
195.910	421
195.960	420
196.010	405
196.060	381
196.111	377
196.161	365
196.211	349
196.261	348
196.311	335
196.361	345
196.413	350
196.463	349
196.513	369
196.563	383
196.613	395
196.664	416
196.714	421
196.764	451
196.814	463
196.864	465
196.914	486
196.965	476
197.015	488
197.065	487
197.115	462
197.165	466
197.216	450
197.266	425
197.317	416
197.367	394
197.417	374
197.467	361
197.518	339
197.568	337
197.618	333
197.668	325
197.718	334
197.768	335
197.819	349
197.869	371
197.919	380
197.969	409
198.019	429
198.070	440
198.120	468
198.171	467
198.221	492
198.271	499
198.321	486
198.372	499
198.422	486
198.472	468
198.522	461
198.572	426
198.622	418
198.673	398
198.723	370
198.773	359
198.823	345
198.873	326
198.924	327
198.974	318
199.024	326
199.075	337
199.125	340
199.175	367
199.226	386
199.276	400
199.326	430
199.376	437
199.426	468
199.476	483
199.527	481
199.577	500
199.627	497
199.677	489
199.727	488
199.778	464
199.828	458
199.878	438
199.928	406
199.979	398
200.029	377
200.080	353
200.130	347
200.180	332
200.230	333
200.280	332
200.331	331
200.381	345
200.431	357
200.481	368
200.531	391
200.581	400
200.632	429
200.682	446
200.732	448
200.782	474
200.832	478
200.883	480
200.934	488
200.984	471
201.034	477
201.084	465
201.134	440
201.185	436
201.235	417
201.285	398
201.335	388
201.385	366
201.435	364
201.486	355
201.536	342
201.586	349
201.636	351
201.686	352
201.736	366
201.788	369
201.838	389
201.888	402
201.938	406
201.988	431
202.039	439
202.089	448
202.139	463
202.189	454
202.239	472
202.289	471
202.340	457
202.390	464
202.440	450
202.490	441
202.540	434
202.590	407
202.641	407
202.692	394
202.742	374
202.792	373
202.842	367
202.893	354
202.943	357
202.993	350
203.043	360
203.093	366
203.143	367
203.194	385
203.244	395
203.294	408
203.344	424
203.394	427
203.444	450
203.495	459
203.545	460
203.596	475
203.646	463
203.696	472
203.747	472
203.797	448
203.847	453
203.897	439
203.947	417
203.997	411
204.048	391
204.098	378
204.148	368
204.198	349
204.248	350
204.299	346
204.349	337
204.399	349
204.449	347
204.500	360
204.550	379
204.601	383
204.651	411
204.701	427
204.751	436
204.801	461
204.851	455
204.902	482
204.952	489
205.002	474
205.052	489
205.102	479
205.153	461
205.203	457
205.253	426
205.303	420
205.353	403
205.404	374
205.455	366
205.505	351
205.555	334
205.605	334
205.655	324
205.705	330
205.756	341
205.806	341
205.856	366
205.906	383
205.956	397
206.007	424
206.057	432
206.107	463
206.157	477
206.207	475
206.257	497
206.309	496
206.359	488
206.409	491
206.459	464
206.509	464
206.560	444
206.610	416
206.660	404
206.710	382
206.760	358
206.810	349
206.861	329
206.911	330
206.961	327
207.011	322
207.061	337
207.111	349
207.162	357
207.213	383
207.263	390
207.313	424
207.363	443
207.414	451
207.464	477
207.514	484
207.564	488
207.614	498
207.664	479
207.715	488
207.765	476
207.815	449
207.865	442
207.915	421
207.965	396
208.016	385
208.066	358
208.117	354
208.167	344
208.217	330
208.268	336
208.318	340
208.368	340
208.418	357
208.468	361
208.518	388
208.569	405
208.619	412
208.669	440
208.719	451
208.769	463
208.819	476
208.870	469
208.920	483
208.971	481
209.021	464
209.071	465
209.122	449
209.172	433
209.222	425
209.272	400
209.322	394
209.372	381
209.423	361
209.473	362
209.523	355
209.573	348
209.623	355
209.673	351
209.724	365
209.774	374
209.824	377
209.875	398
209.925	407
209.976	419
210.026	437
210.076	434
210.126	457
210.176	463
210.226	455
210.277	470
210.327	457
210.377	461
210.427	457
210.477	437
210.528	439
210.578	425
210.628	404
210.678	402
210.728	389
210.779	372
210.830	371
210.880	354
210.930	359
210.980	358
211.030	352
211.080	363
211.131	371
211.181	376
211.231	391
211.281	393
211.331	417
211.382	429
211.432	432
211.482	455
211.532	454
211.582	470
211.632	475
211.684	460
211.734	474
211.784	465
211.834	448
211.884	447
211.934	419
211.985	416
212.035	404
212.085	380
212.135	375
212.185	363
212.236	347
212.286	348
212.336	339
212.386	344
212.436	351
212.486	350
212.537	372
212.588	385
212.638	392
212.688	419
212.738	424
212.788	452
212.839	466
212.889	465
212.939	487
212.989	487
213.039	480
213.090	485
213.140	460
213.190	464
213.240	449
213.290	421
213.340	413
213.391	393
213.441	368
213.492	360
213.542	340
213.592	336
213.643	333
213.693	327
213.743	336
213.793	346
213.843	352
213.893	374
213.944	382
213.994	413
214.044	433
214.094	441
214.144	471
214.194	480
214.245	486
214.295	499
214.345	484
214.396	495
214.446	485
214.497	458
214.547	456
214.597	433
214.647	407
214.697	394
214.747	366
214.798	357
214.848	344
214.898	328
214.948	328
214.998	329
215.048	325
215.099	342
215.149	348
215.199	374
215.249	393
215.300	402
215.351	434
215.401	451
215.451	465
215.501	484
215.551	475
215.601	499
215.652	497
215.702	482
215.752	484
215.802	464
215.852	448
215.902	434
215.953	403
216.003	393
216.053	375
216.103	353
216.153	347
216.205	339
216.255	329
216.305	335
216.355	335
216.405	350
216.455	363
216.506	372
216.556	397
216.606	413
216.656	429
216.706	451
216.756	452
216.807	476
216.857	482
216.907	476
216.957	486
217.007	469
217.058	468
217.109	460
217.159	434
217.209	431
217.259	413
217.309	389
217.360	384
217.410	373
217.460	354
217.510	355
217.560	345
217.611	351
217.661	355
217.711	356
217.761	372
217.811	382
217.861	392
217.912	409
217.963	414
218.013	436
218.063	447
218.113	448
218.163	465
218.214	459
218.264	467
218.314	469
218.364	451
218.414	458
218.465	447
218.515	430
218.565	426
218.615	407
218.665	400
218.715	391
218.766	371
218.816	372
218.867	365
218.917	355
218.967	361
219.017	359
219.068	362
219.118	374
219.168	372
219.218	392
219.268	403
219.319	406
219.369	428
219.419	424
219.469	449
219.519	459
219.569	451
219.620	469
219.670	468
219.720	457
219.771	464
219.821	440
219.872	445
219.922	435
219.972	410
220.022	409
220.072	394
220.122	376
220.173	372
220.223	355
220.273	354
220.323	353
220.373	345
220.423	356
220.474	362
220.524	365
220.574	383
220.624	385
220.675	411
220.726	427
220.776	429
220.826	456
220.876	465
220.926	467
220.976	481
221.027	466
221.077	482
221.127	475
221.177	452
221.227	454
221.277	437
221.328	416
221.378	406
221.428	380
221.478	374
221.528	360
221.580	341
221.630	342
221.680	339
221.730	332
221.780	345
221.830	345
221.881	366
221.931	382
221.981	391
222.031	419
222.081	435
222.131	448
222.182	470
222.232	470
222.282	491
222.332	495
222.382	483
222.433	490
222.484	476
222.534	461
222.584	451
222.634	418
222.684	412
222.735	392
222.785	364
222.835	356
222.885	343
222.935	328
222.985	328
223.036	321
223.086	333
223.136	343
223.186	349
223.236	374
223.287	391
223.337	410
223.388	436
223.438	442
223.488	474
223.538	486
223.589	483
223.639	502
223.689	494
223.739	494
223.789	488
223.840	459
223.890	455
223.940	433
223.990	403
224.040	391
224.090	373
224.141	349
224.191	340
224.241	324
224.292	327
224.342	327
224.392	326
224.443	342
224.493	359
224.543	370
224.593	395
224.643	405
224.694	438
224.744	457
224.794	464
224.844	488
224.894	479
224.944	499
224.995	500
225.045	479
225.095	484
225.145	467
225.196	442
225.246	431
225.297	406
225.347	387
225.397	372
225.447	350
225.497	345
225.548	337
225.598	328
225.648	334
225.698	335
225.748	346
225.798	363
225.849	369
225.899	399
225.949	416
225.999	428
226.049	453
226.100	452
226.151	477
226.201	485
226.251	473
226.301	487
226.351	480
226.402	464
226.452	461
226.502	431
226.552	428
226.602	413
226.652	387
226.703	382
226.753	370
226.803	353
226.853	353
226.903	342
226.953	348
227.005	353
227.055	352
227.105	370
227.155	382
227.205	387
227.256	410
227.306	416
227.356	437
227.406	448
227.456	445
227.506	466
227.557	467
227.607	464
227.657	470
227.707	452
227.757	459
227.808	449
227.858	426
227.909	427
227.959	412
228.009	393
228.059	391
228.110	372
228.160	372
228.210	365
228.260	353
228.310	361
228.360	362
228.411	363
228.461	374
228.511	371
228.561	393
228.611	404
228.662	408
228.712	429
228.763	437
228.813	443
228.863	458
228.913	452
228.964	469
229.014	469
229.064	458
229.114	464
229.164	452
229.214	438
229.265	435
229.315	407
229.365	409
229.415	395
229.465	374
229.516	372
229.566	362
229.616	352
229.667	354
229.717	345
229.767	356
229.818	362
229.868	363
229.918	384
229.968	395
230.018	408
230.068	428
230.119	428
230.169	456
230.219	467
230.269	463
230.319	482
230.370	477
230.420	476
230.470	475
230.520	453
230.571	454
230.621	438
230.672	412
230.722	405
230.772	387
230.822	368
230.872	360
230.923	341
230.973	342
231.023	339
231.073	331
231.123	345
231.173	358
231.224	362
231.274	383
231.324	389
231.374	420
231.424	437
231.475	447
231.526	471
231.576	474
231.626	489
231.676	497
231.726	481
231.777	491
231.827	480
231.877	457
231.927	451
231.977	425
232.027	408
232.078	392
232.128	363
232.178	356
232.228	342
232.278	326
232.328	328
232.380	331
232.430	328
232.480	342
232.530	347
232.580	374
232.631	394
232.681	407
232.731	436
232.781	441
232.831	474
232.881	489
232.932	486
232.982	504
233.032	501
233.082	489
233.132	490
233.182	460
233.233	456
233.284	436
233.334	404
233.384	393
233.434	371
233.485	347
233.535	339
233.585	320
233.635	320
233.685	323
233.735	320
233.786	338
233.836	351
233.886	364
233.936	392
233.986	399
234.036	436
234.087	458
234.137	464
234.188	491
234.238	497
234.288	496
234.339	506
234.389	484
234.439	490
234.489	475
234.539	444
234.589	436
234.640	412
234.690	384
234.740	371
234.790	345
234.840	340
234.891	331
234.941	318
234.991	326
235.041	332
235.092	337
235.142	357
235.193	366
235.243	395
235.293	415
235.343	425
235.393	457
235.443	469
235.494	480
235.544	494
235.594	484
235.644	497
235.694	492
235.745	471
235.795	469
235.845	447
235.895	426
235.945	412
235.996	384
236.047	376
236.097	362
236.147	343
236.197	344
236.247	339
236.297	334
236.348	345
236.398	343
236.448	365
