#Creator: pendulumdriveEventBuffer
#Creation time: Tue Apr  4 15:26:34 2017
#Time	Pos
#[s]	[au]
0.051	471
0.101	462
0.151	478
0.201	474
0.251	464
0.301	464
0.352	441
0.402	440
0.452	426
0.502	398
0.552	395
0.603	380
0.653	362
0.704	358
0.754	342
0.804	342
0.854	346
0.905	343
0.955	357
1.005	367
1.055	372
1.105	397
1.155	403
1.206	432
1.256	448
1.306	452
1.356	477
1.406	482
1.457	483
1.507	493
1.557	471
1.608	483
1.658	471
1.708	446
1.759	440
1.809	419
1.859	395
1.909	384
1.959	357
2.010	352
2.060	341
2.110	328
2.160	331
2.210	335
2.260	336
2.311	353
2.361	359
2.411	386
2.461	406
2.512	415
2.562	448
2.613	462
2.663	474
2.713	494
2.763	486
2.813	504
2.864	501
2.914	479
2.964	483
3.014	462
3.064	441
3.114	426
3.165	395
3.215	384
3.265	364
3.315	341
3.365	336
3.416	330
3.467	320
3.517	328
3.567	326
3.617	347
3.667	364
3.718	376
3.768	404
3.818	423
3.868	442
3.918	467
3.968	465
4.019	495
4.069	501
4.119	494
4.169	502
4.219	487
4.269	477
4.321	466
4.371	432
4.421	425
4.471	404
4.521	376
4.572	365
4.622	351
4.672	334
4.722	333
4.772	324
4.822	334
4.873	342
4.923	345
4.973	369
5.023	387
5.073	402
5.123	427
5.174	433
5.225	463
5.275	475
5.325	475
5.375	492
5.426	479
5.476	488
5.526	483
5.576	459
5.626	458
5.676	441
5.727	416
5.777	407
5.827	383
5.877	370
5.927	363
5.978	347
6.028	349
6.078	347
6.129	342
6.179	354
6.229	363
6.280	371
6.330	389
6.380	394
6.430	418
6.480	431
6.530	436
6.581	458
6.631	451
6.681	470
6.731	476
6.781	460
6.832	472
6.882	465
6.932	449
6.982	448
7.033	423
7.083	418
7.134	408
7.184	386
7.234	384
7.284	373
7.334	360
7.384	361
7.435	351
7.485	356
7.535	362
7.585	359
7.635	377
7.686	386
7.736	390
7.786	412
7.836	415
7.886	437
7.937	450
7.988	446
8.038	468
8.088	470
8.138	466
8.188	475
8.239	458
8.289	464
8.339	454
8.389	428
8.439	430
8.489	413
8.540	394
8.590	387
8.640	367
8.690	364
8.740	357
8.790	342
8.842	350
8.892	352
8.942	352
8.992	366
9.042	368
9.093	392
9.143	408
9.193	414
9.243	440
9.293	451
9.343	461
9.394	479
9.444	470
9.494	488
9.544	487
9.594	470
9.644	474
9.695	458
9.746	439
9.796	429
9.846	400
9.896	394
9.947	376
9.997	354
10.047	349
10.097	342
10.147	331
10.197	337
10.248	333
10.298	350
10.348	362
10.398	371
10.448	397
10.498	413
10.549	432
10.599	455
10.650	454
10.700	485
10.750	494
10.801	488
10.851	501
10.901	489
10.951	480
11.001	474
11.051	445
11.102	438
11.152	417
11.202	389
11.252	377
11.302	364
11.352	338
11.403	334
11.453	321
11.504	327
11.554	331
11.604	332
11.655	354
11.705	372
11.755	386
11.805	413
11.855	423
11.905	456
11.956	472
12.006	474
12.056	499
12.106	487
12.156	503
12.207	502
12.257	476
12.307	478
12.357	459
12.408	430
12.458	417
12.509	395
12.559	370
12.609	357
12.659	335
12.709	333
12.759	328
12.810	321
12.860	332
12.910	343
12.960	352
13.010	373
13.061	385
13.111	414
13.161	434
13.211	446
13.261	472
13.312	472
13.363	494
13.413	500
13.463	487
13.513	495
13.563	484
13.613	461
13.664	455
13.714	427
13.764	412
13.814	397
13.864	368
13.915	362
13.965	350
14.015	336
14.065	338
14.115	331
14.165	340
14.217	352
14.267	355
14.317	381
14.367	396
14.417	406
14.467	432
14.518	434
14.568	462
14.618	473
14.668	466
14.718	485
14.769	482
14.819	472
14.869	474
14.919	450
14.969	449
15.019	435
15.070	410
15.121	406
15.171	390
15.221	371
15.271	368
15.322	352
15.372	355
15.422	355
15.472	348
15.522	361
15.572	370
15.623	374
15.673	392
15.723	395
15.773	418
15.823	430
15.873	432
15.924	453
15.974	458
16.025	459
16.075	471
16.125	459
16.176	469
16.226	464
16.276	444
16.326	447
16.376	434
16.426	417
16.477	411
16.527	388
16.577	387
16.627	378
16.677	361
16.727	363
16.778	360
16.828	355
16.878	362
16.929	358
16.979	376
17.030	385
17.080	389
17.130	410
17.180	421
17.230	431
17.280	450
17.331	445
17.381	469
17.431	473
17.481	464
17.531	477
17.581	467
17.632	460
17.682	456
17.732	429
17.782	430
17.833	415
17.884	392
17.934	386
17.984	373
18.034	356
18.084	353
18.134	342
18.185	347
18.235	349
18.285	348
18.335	365
18.385	379
18.435	388
18.486	409
18.536	414
18.586	444
18.636	457
18.686	463
18.738	483
18.788	475
18.838	489
18.888	491
18.938	468
18.988	476
19.039	461
19.089	436
19.139	428
19.189	404
19.239	386
19.290	373
19.340	350
19.390	346
19.440	338
19.490	326
19.540	335
19.591	343
19.642	344
19.692	364
19.742	372
19.792	400
19.842	419
19.893	430
19.943	459
19.993	463
20.043	487
20.093	498
20.144	487
20.194	503
20.244	494
20.294	478
20.344	473
20.394	441
20.445	432
20.495	413
20.546	383
20.596	372
20.646	355
20.696	336
20.747	332
20.797	323
20.847	322
20.897	333
20.947	337
20.998	358
21.048	376
21.098	389
21.148	418
21.198	429
21.248	459
21.299	478
21.349	477
21.400	500
21.450	501
21.500	493
21.551	498
21.601	474
21.651	472
21.701	453
21.751	422
21.801	412
21.852	390
21.902	366
21.952	355
22.002	335
22.052	332
22.102	331
22.153	326
22.203	338
22.253	348
22.304	355
22.354	381
22.405	390
22.455	419
22.505	440
22.555	445
22.605	474
22.655	481
22.706	484
22.756	496
22.806	478
22.856	489
22.906	478
22.956	453
23.007	448
23.057	428
23.107	406
23.157	395
23.208	370
23.259	364
23.309	354
23.359	340
23.409	344
23.459	345
23.509	344
23.560	359
23.610	364
23.660	384
23.710	399
23.760	407
23.810	431
23.861	443
23.911	452
23.961	468
24.011	461
24.061	478
24.113	478
24.163	464
24.213	469
24.263	456
24.313	442
24.363	437
24.414	410
24.464	410
24.514	396
24.564	376
24.614	374
24.664	367
24.715	356
24.765	360
24.815	352
24.865	364
24.915	369
24.966	369
25.017	388
25.067	398
25.117	406
25.167	425
25.217	427
25.268	448
25.318	456
25.368	456
25.418	470
25.468	468
25.519	467
25.569	467
25.619	444
25.669	453
25.719	441
25.769	420
25.820	417
25.870	402
25.921	386
25.971	381
26.021	361
26.071	363
26.122	358
26.172	349
26.222	358
26.272	363
26.322	364
26.373	380
26.423	381
26.473	405
26.523	419
26.573	424
26.623	449
26.674	447
26.724	468
26.774	478
26.825	465
26.875	483
26.925	478
26.976	463
27.026	462
27.076	441
27.126	432
27.176	419
27.227	390
27.277	386
27.327	371
27.377	352
27.427	350
27.477	337
27.528	336
27.578	344
27.628	342
27.678	361
27.729	374
27.779	381
27.830	408
27.880	414
27.930	442
27.980	461
28.030	463
28.081	487
28.131	491
28.181	486
28.231	495
28.281	474
28.331	478
28.382	464
28.432	437
28.482	428
28.532	407
28.582	382
28.634	370
28.684	347
28.734	340
28.784	335
28.834	324
28.884	331
28.935	337
28.985	340
29.035	363
29.085	370
29.135	400
29.185	422
29.236	432
29.286	462
29.336	477
29.386	484
29.436	501
29.487	487
29.538	505
29.588	498
29.638	474
29.688	473
29.738	451
29.789	426
29.839	411
29.889	381
29.939	369
29.989	351
30.039	332
30.090	330
30.140	327
30.190	321
30.240	332
30.290	334
30.341	359
30.391	378
30.442	390
30.492	421
30.542	440
30.592	454
30.643	481
30.693	478
30.743	502
30.793	505
30.843	489
30.893	498
30.944	482
30.994	465
31.044	452
31.094	419
31.144	410
31.195	388
31.245	361
31.296	353
31.346	341
31.396	328
31.446	330
31.497	324
31.547	338
31.597	349
31.647	356
31.697	383
31.747	401
31.798	417
31.848	442
31.898	449
31.948	475
31.998	486
32.049	483
32.099	496
32.149	489
32.200	482
32.250	477
32.300	448
32.351	447
32.401	429
32.451	401
32.501	393
32.551	377
32.602	360
32.652	354
32.702	342
32.752	345
32.802	346
32.852	344
32.903	360
32.953	373
33.003	382
33.053	401
33.104	404
33.154	431
33.205	445
33.255	450
33.305	468
33.355	463
33.405	476
33.456	479
33.506	461
33.556	470
33.606	459
33.656	439
33.706	436
33.757	415
33.807	408
33.857	396
33.907	375
33.957	375
34.008	367
34.059	354
34.109	359
34.159	361
34.209	358
34.259	369
34.310	369
34.360	388
34.410	399
34.460	404
34.510	424
34.560	427
34.611	446
34.661	458
34.711	455
34.761	471
34.811	472
34.861	463
34.913	470
34.963	447
35.013	452
35.063	443
35.113	419
35.164	417
35.214	403
35.264	384
35.314	379
35.364	362
35.414	358
35.465	357
35.515	348
35.565	356
35.615	359
35.665	364
35.715	379
35.766	383
35.817	404
35.867	421
35.917	422
35.967	451
36.018	460
36.068	465
36.118	480
36.168	470
36.218	484
36.268	480
36.319	458
36.369	463
36.419	447
36.469	426
36.519	417
36.570	390
36.620	384
36.670	369
36.721	349
36.771	348
36.821	342
36.872	336
36.922	343
36.972	342
37.022	361
37.072	376
37.122	382
37.173	410
37.223	426
37.273	440
37.323	464
37.373	462
37.424	489
37.474	496
37.524	486
37.574	497
37.625	485
37.675	471
37.726	463
37.776	433
37.826	425
37.876	405
37.926	376
37.976	367
38.027	351
38.077	334
38.127	333
38.177	322
38.227	332
38.278	338
38.328	344
38.378	366
38.428	383
38.478	400
38.529	426
38.580	432
38.630	466
38.680	482
38.730	483
38.780	502
38.831	498
38.881	498
38.931	497
38.981	472
39.031	468
39.081	448
39.132	418
39.182	406
39.232	383
39.282	360
39.332	349
39.382	330
39.434	330
39.484	327
39.534	322
39.584	337
39.634	353
39.685	360
39.735	385
39.785	394
39.835	427
39.885	447
39.935	457
39.986	482
40.036	477
40.086	497
40.136	502
40.186	485
40.236	493
40.287	479
40.338	455
40.388	446
40.438	419
40.488	401
40.539	386
40.589	361
40.639	355
40.689	344
40.739	332
40.789	336
40.840	335
40.890	342
40.940	357
40.990	363
41.040	389
41.090	406
41.141	416
41.191	443
41.242	447
41.292	468
41.342	480
41.393	472
41.443	488
41.493	483
41.543	472
41.593	470
41.643	443
41.694	440
41.744	427
41.794	402
41.844	396
41.894	382
41.944	364
41.995	362
42.045	350
42.096	350
42.146	354
42.196	351
42.247	365
42.297	375
42.347	381
42.397	399
42.447	400
42.497	425
42.548	439
42.598	439
42.648	460
42.698	464
42.748	464
42.799	473
42.849	456
42.899	467
42.949	461
43.000	440
43.050	441
43.101	427
43.151	410
43.201	404
43.251	382
43.301	380
43.351	372
43.402	358
43.452	361
43.502	359
43.552	355
43.602	365
43.653	362
43.703	382
43.753	393
43.803	397
43.853	419
43.904	430
43.955	436
44.005	457
44.055	451
44.105	473
44.155	476
44.205	464
44.256	475
44.306	465
44.356	454
44.406	450
44.456	423
44.507	421
44.557	406
44.607	382
44.657	378
44.707	365
44.757	352
44.809	350
44.859	341
44.909	349
44.959	354
45.009	355
45.059	374
45.110	387
45.160	400
45.210	421
45.260	424
45.310	454
45.361	468
45.411	469
45.461	488
45.511	485
45.561	486
45.611	487
45.662	461
45.713	467
45.763	450
45.813	423
45.863	415
45.914	395
45.964	374
46.014	362
46.064	342
46.114	341
46.164	335
46.215	328
46.265	339
46.315	349
46.365	356
46.415	375
46.465	386
46.516	414
46.566	433
46.617	443
46.667	472
46.717	483
46.768	491
46.818	502
46.868	484
46.918	499
46.968	488
47.018	465
47.069	459
47.119	433
47.169	416
47.219	398
47.269	368
47.319	360
47.370	345
47.420	327
47.470	330
47.521	335
47.571	326
47.622	342
47.672	346
47.722	372
47.772	392
47.822	404
47.872	435
47.923	445
47.973	471
48.023	487
48.073	482
48.123	502
48.173	501
48.224	489
48.274	490
48.324	461
48.374	456
48.425	438
48.476	407
48.526	397
48.576	377
48.626	354
48.676	347
48.726	330
48.777	329
48.827	333
48.877	333
48.927	347
48.977	360
49.027	370
49.078	396
49.128	406
49.178	434
49.228	453
49.278	454
49.330	481
49.380	486
49.430	484
49.480	493
49.530	474
49.580	480
49.631	466
49.681	440
49.731	435
49.781	416
49.831	392
49.882	384
49.932	362
49.982	358
50.032	352
50.082	341
50.132	348
50.183	351
50.234	354
50.284	370
50.334	371
50.384	396
50.434	411
50.485	417
50.535	441
50.585	449
50.635	456
50.685	471
50.736	460
50.786	476
50.836	474
50.886	458
50.936	462
50.986	449
51.037	432
51.087	427
51.138	401
51.188	402
51.238	390
51.288	370
51.339	372
51.389	365
51.439	356
51.489	363
51.539	355
51.590	369
51.640	377
51.690	378
51.740	397
51.790	406
51.840	413
51.891	432
51.941	430
51.992	453
52.042	460
52.092	456
52.143	470
52.193	465
52.243	461
52.293	462
52.343	442
52.393	445
52.444	434
52.494	414
52.544	410
52.594	395
52.644	380
52.694	376
52.745	359
52.795	361
52.845	359
52.896	350
52.946	362
52.997	367
53.047	372
53.097	387
53.147	387
53.197	415
53.247	427
53.298	430
53.348	455
53.398	461
53.448	470
53.498	480
53.548	467
53.599	480
53.649	473
53.699	453
53.749	455
53.800	437
53.851	420
53.901	410
53.951	383
54.001	379
54.051	365
54.101	347
54.152	348
54.202	349
54.252	340
54.302	349
54.352	349
54.402	369
54.453	383
54.503	392
54.553	418
54.603	429
54.653	451
54.705	469
54.755	464
54.805	490
54.855	493
54.905	483
54.955	491
55.006	468
55.056	468
55.106	455
55.156	426
55.206	417
55.256	397
55.307	369
55.357	363
55.407	343
55.457	333
55.507	333
55.558	324
55.609	336
55.659	345
55.709	352
55.759	374
55.809	385
55.860	408
55.910	434
55.960	442
56.010	472
56.060	484
56.111	486
56.161	502
56.211	487
56.261	499
56.311	491
56.361	462
56.412	461
56.462	437
56.513	412
56.563	398
56.613	368
56.663	358
56.714	345
56.764	328
56.814	329
56.864	329
56.914	325
56.965	341
57.015	348
57.065	372
57.115	392
57.165	402
57.215	435
57.266	452
57.316	464
57.366	486
57.417	479
57.467	501
57.517	501
57.568	483
57.618	488
57.668	471
57.718	450
57.768	438
57.819	405
57.869	397
57.919	378
57.969	356
58.019	349
58.069	342
58.120	330
58.170	336
58.220	334
58.270	350
58.321	363
58.371	370
58.422	397
58.472	413
58.522	426
58.572	451
58.622	452
58.673	477
58.723	484
58.773	477
58.823	489
58.873	479
58.923	472
58.974	465
59.024	437
59.074	436
59.124	420
59.174	394
59.226	389
59.276	375
59.326	360
59.376	358
59.426	345
59.476	353
59.527	355
59.577	353
59.627	369
59.677	379
59.727	389
59.777	407
59.828	410
59.878	434
59.928	446
59.978	446
60.028	465
60.079	464
60.130	469
60.180	473
60.230	455
60.280	465
60.330	455
60.381	436
60.431	434
60.481	422
60.531	404
60.581	396
60.631	376
60.682	376
60.732	367
60.782	356
60.832	360
60.882	363
60.933	358
60.983	369
61.034	370
61.084	388
61.134	400
61.184	403
61.235	427
61.285	433
61.335	448
61.385	462
61.435	455
61.485	475
61.536	476
61.586	465
61.636	472
61.686	454
61.736	451
61.787	442
61.837	417
61.888	414
61.938	398
61.988	375
62.038	372
62.089	363
62.139	348
62.189	350
62.239	342
62.289	351
62.339	358
62.390	361
62.440	382
62.490	391
62.540	408
62.590	429
62.641	434
62.691	461
62.741	471
62.792	469
62.842	489
62.892	475
62.943	488
62.993	483
63.043	461
63.093	460
63.143	442
63.194	418
63.244	407
63.294	380
63.344	368
63.394	358
63.444	338
63.495	338
63.545	335
63.595	330
63.645	342
63.696	344
63.746	363
63.797	383
63.847	394
63.897	423
63.947	440
63.997	453
64.048	477
64.098	475
64.148	498
64.198	502
64.248	487
64.298	497
64.349	483
64.399	464
64.449	453
64.499	421
64.549	411
64.600	390
64.651	363
64.701	354
64.751	341
64.801	324
64.851	328
64.902	322
64.952	334
65.002	345
65.052	350
65.102	379
65.152	397
65.203	413
65.253	442
65.303	449
65.353	480
65.403	492
65.453	485
65.505	505
65.555	500
65.605	490
65.655	488
65.705	457
65.756	453
65.806	432
65.856	401
65.906	390
65.956	369
66.006	349
66.057	342
66.107	327
66.157	330
66.207	332
66.257	331
66.307	348
66.358	364
66.409	377
66.459	401
66.509	412
66.559	442
66.610	460
66.660	464
66.710	486
66.760	487
66.810	492
66.860	495
66.911	473
66.961	479
67.011	463
67.061	436
67.111	431
67.162	409
67.212	390
67.262	378
67.313	356
67.363	355
67.413	349
67.464	337
67.514	347
67.564	358
67.614	354
67.664	372
67.714	376
67.765	399
67.815	414
67.865	424
67.915	446
67.965	449
68.016	464
68.066	475
68.116	465
68.166	479
68.217	475
68.267	459
68.318	462
68.368	441
68.418	434
68.468	425
68.518	400
68.568	398
68.619	385
68.669	368
68.719	367
68.769	363
68.819	354
68.870	358
68.920	353
68.970	367
69.020	375
69.070	377
69.121	398
69.172	406
69.222	421
69.272	437
69.322	435
69.372	460
69.423	465
69.473	464
69.523	477
69.573	464
69.623	472
69.673	466
69.724	445
69.774	445
69.824	430
69.874	407
69.924	403
69.974	380
70.026	374
70.076	366
70.126	350
70.176	352
70.226	350
70.277	345
70.327	358
70.377	356
70.427	376
70.477	392
70.527	397
70.578	423
70.628	438
70.678	447
70.728	468
70.778	464
70.828	486
70.879	490
70.930	475
70.980	484
71.030	473
71.080	455
71.131	449
71.181	422
71.231	413
71.281	395
71.331	369
71.381	362
71.432	351
71.482	336
71.532	337
71.582	331
71.632	341
71.682	349
71.733	353
71.783	377
71.834	393
71.884	408
71.934	435
71.985	443
72.035	471
72.085	484
72.135	483
72.185	501
72.235	497
72.286	491
72.336	490
72.386	461
72.436	460
72.486	440
72.536	410
72.587	399
72.637	377
72.688	353
72.738	346
72.788	329
72.839	329
72.889	328
72.939	324
72.989	340
73.039	353
73.089	367
73.140	391
73.190	402
73.240	434
73.290	454
73.340	461
73.391	488
73.441	491
73.491	500
73.541	505
73.592	487
73.642	492
73.693	478
73.743	450
73.793	441
73.843	416
73.893	392
73.943	378
73.994	352
74.044	347
74.094	337
74.144	324
74.194	331
74.245	335
74.295	338
74.345	358
74.395	366
74.445	394
74.496	413
74.547	427
74.597	454
74.647	465
74.697	480
74.747	492
74.797	482
74.848	498
74.898	491
74.948	471
74.998	471
75.048	447
75.099	432
75.149	418
75.199	388
75.249	383
75.299	367
75.349	349
75.401	348
75.451	348
75.501	340
75.551	348
75.601	348
75.651	367
75.702	381
75.752	389
75.802	412
75.852	422
75.902	441
75.953	457
76.003	453
76.053	475
76.103	478
76.153	470
76.203	478
76.254	462
76.305	461
76.355	452
76.405	426
76.455	425
76.506	410
76.556	392
76.606	386
76.656	367
76.706	362
76.756	362
76.807	353
76.857	360
76.907	363
76.957	362
77.007	377
77.057	378
77.108	397
77.158	411
77.209	414
77.259	435
77.309	446
77.360	448
77.410	465
77.460	452
77.510	472
77.560	471
77.610	456
77.661	462
77.711	451
77.761	434
77.811	432
77.861	406
77.911	405
77.962	393
78.012	373
78.062	372
78.113	364
78.163	353
78.214	358
78.264	349
78.314	361
78.364	369
78.414	371
78.464	391
78.515	403
78.565	412
78.615	433
78.665	434
78.715	459
78.765	469
78.816	465
78.866	482
78.916	478
78.966	472
79.017	473
79.068	448
79.118	452
79.168	436
79.218	411
79.268	405
79.318	387
79.369	368
79.419	361
79.469	345
79.519	345
79.569	343
79.619	338
79.670	351
79.720	359
79.770	369
79.820	390
79.870	395
79.922	426
79.972	443
80.022	447
80.072	474
80.122	479
80.172	487
80.223	496
80.273	480
80.323	489
80.373	478
80.423	454
80.474	448
80.524	425
80.574	403
80.624	391
80.674	362
80.724	356
80.775	344
80.826	329
80.876	332
80.926	334
80.976	332
81.026	349
81.077	355
81.127	382
81.177	401
81.227	412
81.277	443
81.328	459
81.378	475
81.428	491
81.478	486
81.528	503
81.578	501
81.629	485
81.679	484
81.730	459
81.780	446
81.830	432
81.880	400
81.931	390
81.981	370
82.031	346
82.081	343
82.131	340
82.182	326
82.232	332
82.282	332
82.332	350
82.382	365
82.432	376
82.483	403
82.533	417
82.584	439
82.634	462
82.684	462
82.735	488
82.785	493
82.835	486
82.885	496
82.935	478
82.985	476
83.036	463
83.086	434
83.136	428
83.186	408
83.236	384
83.286	374
83.337	359
83.387	348
83.437	346
83.488	335
83.538	345
83.589	351
83.639	354
83.689	374
83.739	383
83.789	401
83.839	421
83.890	427
83.940	452
83.990	462
84.040	464
84.090	479
84.140	466
84.191	480
84.241	476
84.291	454
84.341	458
84.392	443
84.443	424
84.493	418
84.543	395
84.593	389
84.643	379
84.693	361
84.744	364
84.794	360
84.844	352
84.894	361
84.944	357
84.994	372
85.045	383
85.095	385
85.145	407
85.195	417
85.245	424
85.297	443
85.347	440
85.397	461
85.447	467
85.497	461
85.547	472
85.598	467
85.648	456
85.698	457
85.748	435
85.798	436
85.848	423
85.899	400
85.949	398
85.999	385
86.049	369
86.099	367
86.150	353
86.201	358
86.251	358
86.301	352
86.351	366
86.401	374
86.452	380
86.502	399
86.552	403
86.602	427
86.652	441
86.703	442
86.753	466
86.803	469
86.853	473
86.903	482
86.953	470
87.004	476
87.054	466
87.105	444
87.155	443
87.205	424
87.255	406
87.306	395
87.356	372
87.406	366
87.456	356
87.506	341
87.557	344
87.607	345
87.657	342
87.707	356
87.757	361
87.807	382
87.858	399
87.908	408
87.958	435
88.009	449
88.059	461
88.109	481
88.160	472
88.210	496
88.260	495
88.310	480
88.360	485
88.411	467
88.461	452
88.511	439
88.561	410
88.611	400
88.661	380
88.712	357
88.762	349
88.812	345
88.862	328
88.913	332
88.963	328
89.014	343
89.064	357
89.114	364
89.164	392
89.214	407
89.265	429
89.315	453
89.365	458
89.415	485
89.465	495
89.515	489
89.566	504
89.616	485
89.666	490
89.716	479
89.766	449
89.818	443
89.868	421
89.918	392
89.968	380
90.018	363
90.068	342
90.119	337
90.169	324
90.219	330
90.269	334
90.319	334
90.369	356
90.420	363
90.470	388
90.520	413
90.570	422
90.620	454
90.671	467
90.722	477
90.772	494
90.822	483
90.872	498
90.922	495
90.973	473
91.023	474
91.073	455
91.123	429
91.173	420
91.223	387
91.274	379
91.324	366
91.374	345
91.424	344
91.474	341
91.525	332
91.575	344
91.626	347
91.676	361
91.726	379
91.776	387
91.827	413
91.877	429
91.927	440
91.977	461
92.027	458
92.077	480
92.128	484
92.178	471
92.228	482
92.278	472
92.328	456
92.379	452
92.429	425
92.480	421
92.530	408
92.580	384
92.630	381
92.681	370
92.731	358
92.781	359
92.831	349
92.881	357
92.931	363
92.982	363
93.032	380
93.082	391
93.132	397
93.182	416
93.233	419
93.283	442
93.333	451
93.384	448
93.434	467
93.484	467
93.535	465
93.585	470
93.635	452
93.685	458
93.735	448
93.786	427
93.836	426
93.886	412
93.936	396
93.986	391
94.036	371
94.087	372
94.137	366
94.187	354
94.237	362
94.288	363
94.338	362
94.389	376
94.439	375
94.489	396
94.539	408
94.589	409
94.640	435
94.690	444
94.740	452
94.790	467
94.840	463
94.890	477
94.941	476
94.991	463
95.041	468
95.091	452
95.141	441
95.192	434
95.243	408
95.293	405
95.343	389
95.393	368
95.443	366
95.494	357
95.544	346
95.594	349
95.644	344
95.694	356
95.744	365
95.795	366
95.845	391
95.895	405
95.945	420
95.995	441
96.045	443
96.097	470
96.147	479
96.197	479
96.247	492
96.297	479
96.348	482
96.398	477
96.448	450
96.498	449
96.548	431
96.598	404
96.649	395
96.699	377
96.749	358
96.799	349
96.849	333
96.899	336
96.950	336
97.001	332
97.051	349
97.101	363
97.151	374
97.202	397
97.252	405
97.302	437
97.352	455
97.402	463
97.452	488
97.503	479
97.553	501
97.603	502
97.653	483
97.703	489
97.754	473
97.804	450
97.854	439
97.905	407
97.955	393
98.005	376
98.056	350
98.106	344
98.156	335
98.206	321
98.256	328
98.306	324
98.357	340
98.407	357
98.457	364
98.507	394
98.557	414
98.608	430
98.658	458
98.708	460
98.758	490
98.809	499
98.859	489
98.910	505
98.960	497
99.010	482
99.060	477
99.110	446
99.160	438
99.211	417
99.261	387
99.311	376
99.361	358
99.411	339
99.462	336
99.512	324
99.562	332
99.612	336
99.662	338
99.713	360
99.764	377
99.814	391
99.864	417
99.914	424
99.964	457
100.015	472
100.065	472
100.115	493
100.165	493
100.215	490
100.265	492
100.316	465
100.366	469
100.416	452
100.466	425
100.516	417
100.566	397
100.618	376
100.668	366
100.718	348
100.768	348
100.818	345
100.869	336
100.919	349
100.969	357
101.019	362
101.069	383
101.119	389
101.170	414
101.220	429
101.270	436
101.320	458
101.370	463
101.420	470
101.471	480
101.522	464
101.572	479
101.622	471
101.672	452
101.723	452
101.773	435
101.823	420
101.873	412
101.923	387
101.973	386
102.024	376
102.074	360
102.124	362
102.174	365
102.224	354
102.274	363
102.325	360
102.375	377
102.426	387
102.476	390
102.526	411
102.577	423
102.627	432
102.677	448
102.727	445
102.777	466
102.827	470
102.878	464
102.928	474
102.978	461
103.028	461
103.078	455
103.128	431
103.179	433
103.229	418
103.280	396
103.330	393
103.380	381
103.431	366
103.481	362
103.531	350
103.581	355
103.631	357
103.681	352
103.732	369
103.782	378
103.832	387
103.882	405
103.932	409
103.983	434
104.033	447
104.083	452
104.133	472
104.184	469
104.234	483
104.285	485
104.335	467
104.385	475
104.435	463
104.485	443
104.535	437
104.586	411
104.636	400
104.686	386
104.736	362
104.786	359
104.837	349
104.887	337
104.937	341
104.987	337
105.037	344
105.088	361
105.139	363
105.189	390
105.239	408
105.289	419
105.339	446
105.389	449
105.440	477
105.490	489
105.540	481
105.590	500
105.640	494
105.691	481
105.741	481
105.791	452
105.841	448
105.891	429
105.941	399
105.993	388
106.043	369
106.093	346
106.143	342
106.193	327
106.243	328
106.294	331
106.344	330
106.394	347
106.444	363
106.494	373
106.545	401
106.595	413
106.645	443
106.695	464
106.745	467
106.795	495
106.846	498
106.897	499
106.947	506
106.997	483
107.047	489
107.098	473
107.148	441
107.198	434
107.248	409
107.298	384
107.348	369
107.399	344
107.449	339
107.499	330
107.549	319
107.599	327
107.649	334
107.700	339
107.750	361
107.801	370
107.851	401
107.901	422
107.952	433
108.002	464
108.052	477
108.102	488
108.152	503
108.202	490
108.253	505
108.303	497
108.353	476
108.403	471
108.453	447
108.503	425
108.554	410
108.604	382
108.654	370
108.705	354
108.755	336
108.806	336
108.856	333
108.906	330
108.956	341
109.006	345
109.056	367
109.107	384
109.157	393
109.207	424
109.257	439
109.307	456
109.357	475
109.408	474
109.458	492
109.508	494
109.558	481
109.609	486
109.660	466
109.710	459
109.760	446
109.810	419
109.860	412
109.910	395
109.961	372
110.011	367
110.061	359
110.111	346
110.161	349
110.211	341
110.262	354
110.312	362
110.362	368
110.412	386
110.462	398
110.514	412
110.564	430
110.614	432
110.664	455
110.714	464
110.764	464
110.815	477
110.865	463
110.915	474
110.965	469
111.015	448
111.066	451
111.116	438
111.166	416
111.216	412
111.266	389
111.316	384
111.367	378
111.418	362
111.468	365
111.518	362
111.568	354
111.618	363
111.669	363
111.719	372
111.769	387
111.819	388
111.869	411
111.920	423
111.970	428
112.020	448
112.070	446
112.120	465
112.170	471
112.221	461
112.271	475
112.322	469
112.372	457
112.422	457
112.472	430
112.523	432
112.573	420
112.623	395
112.673	392
112.723	379
112.774	363
112.824	361
112.874	348
112.924	352
112.974	354
113.024	352
113.075	367
113.125	377
113.176	382
113.226	405
113.276	408
113.327	436
113.377	452
113.427	451
113.477	476
113.527	480
113.577	480
113.628	488
113.678	468
113.728	476
113.778	464
113.828	439
113.878	435
113.929	416
113.979	394
114.029	383
114.080	360
114.130	354
114.181	346
114.231	332
114.281	339
114.331	343
114.381	344
114.431	361
114.482	366
114.532	393
114.582	412
114.632	420
114.682	450
114.732	463
114.783	476
114.833	492
114.883	483
114.933	501
114.984	497
115.035	476
115.085	479
115.135	460
115.185	438
115.235	425
115.285	392
115.336	384
115.386	366
115.436	342
115.486	340
115.536	333
115.586	324
115.637	333
115.687	334
115.737	352
115.787	368
115.837	379
115.889	408
115.939	426
115.989	445
116.039	470
116.089	471
116.139	497
116.190	502
116.240	491
116.290	504
116.340	488
116.390	478
116.440	466
116.491	437
116.541	425
116.591	403
116.641	376
116.691	364
116.742	354
116.793	332
116.843	331
116.893	321
116.943	332
116.993	341
117.044	347
117.094	371
117.144	388
117.194	404
117.244	431
117.295	438
117.345	469
117.395	481
117.445	482
117.495	500
117.545	486
117.596	496
117.646	490
117.697	463
117.747	461
117.797	441
117.847	412
117.898	403
117.948	383
117.998	364
118.048	356
118.098	340
118.149	341
118.199	340
118.249	337
118.299	351
118.349	355
118.399	373
118.450	393
118.500	399
118.550	427
118.601	443
118.651	450
118.701	471
118.752	463
118.802	482
118.852	485
118.902	471
118.952	477
119.003	466
119.053	448
119.103	442
119.153	415
119.203	411
119.253	398
119.304	376
119.354	374
119.404	365
119.454	352
119.505	357
119.555	348
119.606	360
119.656	368
119.706	369
119.756	388
119.806	399
119.857	406
119.907	426
119.957	426
120.007	449
120.057	459
120.107	453
120.158	471
120.208	470
120.258	466
120.308	468
120.358	447
120.410	453
120.460	443
120.510	418
120.560	419
120.610	405
120.660	388
120.711	383
120.761	364
120.811	367
120.861	362
120.911	354
120.961	361
121.012	365
121.062	365
121.112	381
121.162	384
121.212	405
121.263	418
121.314	421
121.364	445
121.414	453
121.464	460
121.514	474
121.565	465
121.615	479
121.665	476
121.715	458
121.765	463
121.815	448
121.866	432
121.916	424
121.966	397
122.016	394
122.066	380
122.117	360
122.167	358
122.218	351
122.268	342
122.318	349
122.368	346
122.419	361
122.469	373
122.519	379
122.569	403
122.619	417
122.669	432
122.720	453
122.770	455
122.820	480
122.870	487
122.920	480
122.971	494
123.021	483
123.072	474
123.122	469
123.172	441
123.222	437
123.273	417
123.323	392
123.373	382
123.423	365
123.473	347
123.523	342
123.574	328
123.624	334
123.674	337
123.724	338
123.774	357
123.825	375
123.875	387
123.925	411
123.976	419
124.026	452
124.076	468
124.127	474
124.177	497
124.227	487
124.277	502
124.327	503
124.378	478
124.428	482
124.478	465
124.528	437
124.578	426
124.628	401
124.679	378
124.729	363
124.779	340
124.829	335
124.880	328
124.930	320
124.981	328
125.031	339
125.081	342
125.131	365
125.181	376
125.232	407
125.282	428
125.332	441
125.382	472
125.432	475
125.482	499
125.533	508
125.583	496
125.633	509
125.683	498
125.733	477
125.784	471
125.835	439
125.885	424
125.935	406
125.985	374
126.035	362
126.086	346
126.136	329
126.186	326
126.236	317
126.286	322
126.336	334
126.387	340
126.437	365
126.487	383
126.537	400
126.587	430
126.637	438
126.689	471
126.739	487
126.789	485
126.839	506
126.889	505
126.940	498
126.990	498
127.040	470
127.090	467
127.140	447
127.190	415
127.241	405
127.291	383
127.341	358
127.391	350
127.441	333
127.491	332
127.542	332
127.593	328
127.643	343
127.693	355
127.743	363
127.794	389
127.844	396
127.894	428
127.944	447
127.994	453
128.044	478
128.095	483
128.145	486
128.195	495
128.245	478
128.295	486
128.346	474
128.396	449
128.446	445
128.497	425
128.547	404
128.597	392
128.648	369
128.698	366
128.748	357
128.798	345
128.848	348
128.898	350
128.949	350
128.999	364
129.049	365
129.099	388
129.149	402
129.200	410
129.250	432
129.300	442
129.350	453
129.401	467
129.451	461
129.502	477
129.552	476
129.602	463
129.652	470
129.702	457
129.752	446
129.803	438
129.853	414
129.903	412
129.953	399
130.003	380
130.054	377
130.104	374
130.154	358
130.204	360
130.254	351
130.305	362
130.356	368
130.406	370
130.456	386
130.506	397
130.556	408
130.607	425
130.657	424
130.707	449
130.757	459
130.807	459
130.857	475
130.908	465
130.958	474
131.008	473
131.058	454
131.108	458
131.158	445
131.210	422
131.260	418
131.310	401
131.360	386
131.410	377
131.461	360
131.511	358
131.561	352
131.611	342
131.661	352
131.711	359
131.762	362
131.812	378
131.862	381
131.912	407
131.962	422
132.012	432
132.063	455
132.114	455
132.164	477
132.214	487
132.264	475
132.315	491
132.365	484
132.415	468
132.465	467
132.515	439
132.565	430
132.616	417
132.666	388
132.716	381
132.766	365
132.816	346
132.866	343
132.917	332
132.967	332
133.018	340
133.068	340
133.118	360
133.169	375
133.219	385
133.269	413
133.319	418
133.369	450
133.419	470
133.470	468
133.520	495
133.570	498
133.620	496
133.670	501
133.720	476
133.771	481
133.821	465
133.872	435
133.922	425
133.972	403
134.023	376
134.073	364
134.123	341
134.173	336
134.223	330
134.273	320
134.324	329
134.374	337
134.424	344
134.474	366
134.524	374
134.575	406
134.625	428
134.675	441
134.725	471
134.776	484
134.826	492
134.877	508
134.927	493
134.977	507
135.027	499
135.077	473
135.127	470
135.178	447
135.228	420
135.278	405
135.328	372
135.378	363
135.429	347
135.479	327
135.529	328
135.579	326
135.629	322
135.680	335
135.731	341
135.781	365
135.831	385
135.881	398
135.931	430
135.981	448
136.032	464
136.082	487
136.132	482
136.182	504
136.232	506
136.283	491
136.333	496
136.383	478
136.433	461
136.483	446
136.533	416
136.585	404
136.635	384
136.685	357
136.735	352
136.785	342
136.835	328
136.886	333
136.936	329
136.986	344
137.036	356
137.086	364
137.137	390
137.187	407
137.237	424
137.287	448
137.337	449
137.387	478
137.438	486
137.489	481
137.539	494
137.589	485
137.639	480
137.690	473
137.740	442
137.790	443
137.840	425
137.890	400
137.940	392
137.991	378
138.041	361
138.091	357
138.141	344
138.191	350
138.241	351
138.292	350
138.342	366
138.393	379
138.443	388
138.493	405
138.544	407
138.594	434
138.644	446
138.694	447
138.744	468
138.794	461
138.845	474
138.895	476
138.945	457
138.995	467
139.045	457
139.095	438
139.146	436
139.196	415
139.246	408
139.297	398
139.347	376
139.398	377
139.448	369
139.498	358
139.548	363
139.598	357
139.648	360
139.699	372
139.749	371
139.799	390
139.849	400
139.899	404
139.949	426
140.000	424
140.050	448
140.100	458
140.150	452
140.201	472
140.252	471
140.302	464
140.352	469
140.402	446
140.452	453
140.502	444
140.553	419
140.603	418
140.653	404
140.703	386
140.753	381
140.803	361
140.854	362
140.904	358
140.954	349
141.004	358
141.054	361
141.106	362
141.156	379
141.206	381
141.256	407
141.306	422
141.356	424
141.407	450
141.457	459
141.507	468
141.557	481
141.607	469
141.658	486
141.708	481
141.758	460
141.808	465
141.858	448
141.908	430
141.959	420
142.010	393
142.060	386
142.110	372
142.160	352
142.210	350
142.261	344
142.311	336
142.361	344
142.411	344
142.461	361
142.512	375
142.562	379
142.612	408
142.662	424
142.712	437
142.762	463
142.813	462
142.863	488
142.914	496
142.964	483
143.014	499
143.064	487
143.115	477
143.165	469
143.215	440
143.265	432
143.315	412
143.366	383
143.416	373
143.466	356
143.516	339
143.566	335
143.616	325
143.667	330
143.717	335
143.768	340
143.818	360
143.868	375
143.919	392
143.969	419
144.019	429
144.069	462
144.119	479
144.169	484
144.220	505
144.270	501
144.320	505
144.370	505
144.420	478
144.470	481
144.521	461
144.571	429
144.621	418
144.672	394
144.722	368
144.773	354
144.823	333
144.873	329
144.923	323
144.973	315
145.023	326
145.074	343
145.124	346
145.174	370
145.224	382
145.274	415
145.324	438
145.375	449
145.425	481
145.475	481
145.525	505
145.576	514
145.627	499
145.677	510
145.727	500
145.777	474
145.827	466
145.877	436
145.928	418
145.978	397
146.028	364
146.078	353
146.128	337
146.178	320
146.229	320
146.279	319
146.329	320
146.379	333
146.429	340
146.481	368
146.531	389
146.581	407
146.631	438
146.681	451
146.731	480
146.782	497
146.832	495
146.882	514
146.932	513
146.982	502
147.032	501
147.083	472
147.133	465
147.183	443
147.233	411
147.283	397
147.334	374
147.385	349
147.435	340
147.485	323
147.535	320
147.585	323
147.636	320
147.686	338
147.736	352
147.786	364
147.836	392
147.887	402
147.937	436
147.987	458
148.037	463
148.087	490
148.137	497
148.188	499
148.238	506
148.289	487
148.339	492
148.389	478
148.439	451
148.490	442
148.540	419
148.590	394
148.640	382
148.690	356
148.741	352
148.791	344
148.841	333
148.891	338
148.941	342
148.991	344
149.042	362
149.092	368
149.142	394
149.193	411
149.243	419
149.293	446
149.344	457
149.394	466
149.444	481
149.494	473
149.544	488
149.595	484
149.645	465
149.695	470
149.745	453
149.795	437
149.845	428
149.896	402
149.946	399
149.996	385
150.046	366
150.097	364
150.147	359
150.198	352
150.248	356
150.298	351
150.348	366
150.398	376
150.449	381
150.499	399
150.549	410
150.599	421
150.649	439
150.699	439
150.750	462
150.800	468
150.850	465
150.900	477
150.950	469
151.002	469
151.052	465
151.102	445
151.152	445
151.202	431
151.252	409
151.303	405
151.353	395
151.403	376
151.453	371
151.503	354
151.553	358
151.604	355
151.654	351
151.704	362
151.754	371
151.804	376
151.855	391
151.906	395
151.956	420
152.006	434
152.056	437
152.106	461
152.157	459
152.207	476
152.257	484
152.307	471
152.357	482
152.407	474
152.458	454
152.508	454
152.558	431
152.608	420
152.658	406
152.709	381
152.759	375
152.810	363
152.860	345
152.910	345
152.960	347
153.011	339
153.061	349
153.111	349
153.161	371
153.211	385
153.261	394
153.312	422
153.362	431
153.412	456
153.462	473
153.512	470
153.563	495
153.613	497
153.664	489
153.714	495
153.764	471
153.814	472
153.865	457
153.915	425
153.965	418
154.015	397
154.065	371
154.115	362
154.166	341
154.216	332
154.266	331
154.316	322
154.366	333
154.417	342
154.467	346
154.517	371
154.568	380
154.618	411
154.668	434
154.719	442
154.769	474
154.819	487
154.869	493
154.919	507
154.970	491
155.020	507
155.070	498
155.120	471
155.170	468
155.220	445
155.271	417
155.321	403
155.371	372
155.421	360
155.472	344
155.522	325
155.573	325
155.623	323
155.673	321
155.723	335
155.773	340
155.824	365
155.874	386
155.924	400
155.974	431
156.024	451
156.074	467
156.125	492
156.175	487
156.225	511
156.275	512
156.325	495
156.376	501
156.427	483
156.477	464
156.527	449
156.577	413
156.627	402
156.678	380
156.728	352
156.778	344
156.828	333
156.878	320
156.928	324
156.979	320
157.029	335
157.079	349
157.129	360
157.179	388
157.229	407
157.281	427
157.331	455
157.381	458
157.431	490
157.481	499
157.532	494
157.582	508
157.632	499
157.682	491
157.732	482
157.782	450
157.833	444
157.883	423
157.933	393
157.983	382
158.033	365
158.083	346
158.134	342
158.185	331
158.235	335
158.285	339
158.335	338
158.386	358
158.436	373
158.486	385
158.536	409
158.586	418
158.636	447
158.687	461
158.737	467
158.787	484
158.837	477
158.887	488
158.938	490
158.988	471
159.038	474
159.089	459
159.139	435
159.189	430
159.240	411
159.290	395
159.340	384
159.390	364
159.440	363
159.490	355
159.541	344
159.591	352
159.641	351
159.691	360
159.741	372
159.792	375
159.842	397
159.892	410
159.942	417
159.993	440
160.043	442
160.094	461
160.144	471
160.194	462
160.244	480
160.294	478
160.344	466
160.395	469
160.445	445
160.495	445
160.545	434
160.595	409
160.646	406
160.696	391
160.746	374
160.796	369
160.846	353
160.897	352
160.948	354
160.998	349
161.048	359
161.098	367
161.148	371
161.199	390
161.249	395
161.299	419
161.349	435
161.399	438
161.449	464
161.500	472
161.550	476
161.600	487
161.650	472
161.700	484
161.750	478
161.802	454
161.852	455
161.902	437
161.952	416
162.002	405
162.053	379
162.103	371
162.153	359
162.203	342
162.253	343
162.303	341
162.354	336
162.404	348
162.454	349
162.504	372
162.554	389
162.604	397
162.655	426
162.706	442
162.756	455
162.806	478
162.856	474
162.907	498
162.957	502
163.007	488
163.057	496
163.107	481
163.157	464
163.208	454
163.258	424
163.308	414
163.358	392
163.408	364
163.458	356
163.509	343
163.559	326
163.610	328
163.660	323
163.710	333
163.761	344
163.811	350
163.861	377
163.911	395
163.961	412
164.011	441
164.062	447
164.112	481
164.162	494
164.212	491
164.262	511
164.312	503
164.363	501
164.413	496
164.464	466
164.514	461
164.564	439
164.615	407
164.665	394
164.715	373
164.765	349
164.815	340
164.865	324
164.916	324
164.966	325
165.016	323
165.066	340
165.116	356
165.167	370
165.217	395
165.267	408
165.317	441
165.368	460
165.418	468
165.469	494
165.519	496
165.569	504
165.619	509
165.669	487
165.719	493
165.770	477
165.820	450
165.870	438
165.920	413
165.970	392
166.021	375
166.071	352
166.121	345
166.171	336
166.221	325
166.272	332
166.323	343
166.373	342
166.423	362
166.473	369
166.523	398
166.573	418
166.624	428
166.674	457
166.724	460
166.774	481
166.824	491
166.875	482
166.925	495
166.975	489
167.025	472
167.075	469
167.125	445
167.177	434
167.227	419
167.277	392
167.327	386
167.377	372
167.427	355
167.478	354
167.528	343
167.578	344
167.628	352
167.678	352
167.729	369
167.779	381
167.829	388
167.879	410
167.929	414
167.979	438
168.030	453
168.081	452
168.131	472
168.181	475
168.231	469
168.282	480
168.332	459
168.382	467
168.432	458
168.482	435
168.532	434
168.583	419
168.633	398
168.683	393
168.733	374
168.783	370
168.833	364
168.884	351
168.934	357
168.985	358
169.035	357
169.085	370
169.136	371
169.186	390
169.236	404
169.286	410
169.336	433
169.386	444
169.437	451
169.487	469
169.537	460
169.587	481
169.637	483
169.687	466
169.738	475
169.788	462
169.838	446
169.889	441
169.939	414
169.990	410
170.040	395
170.090	372
170.140	368
170.190	357
170.240	344
170.291	347
170.341	340
170.391	351
170.441	359
170.491	363
170.541	385
170.592	399
170.642	413
170.692	436
170.742	443
170.793	469
170.844	480
170.894	477
170.944	496
170.994	490
171.044	487
171.094	486
171.145	458
171.195	458
171.245	440
171.295	411
171.345	402
171.395	382
171.446	362
171.496	352
171.546	333
171.596	334
171.646	333
171.698	328
171.748	343
171.798	355
171.848	366
171.898	389
171.948	399
171.999	431
172.049	451
172.099	459
172.149	485
172.199	490
172.250	501
172.300	507
172.350	491
172.400	497
172.450	484
172.500	459
172.551	450
172.602	423
172.652	401
172.702	385
172.752	356
172.802	349
172.853	337
172.903	324
172.953	326
173.003	335
173.053	330
173.104	348
173.154	356
173.204	385
173.254	406
173.304	420
173.354	451
173.405	457
173.455	484
173.506	499
173.556	492
173.606	509
173.656	505
173.707	487
173.757	486
173.807	458
173.857	446
173.907	428
173.958	397
174.008	385
174.058	366
174.108	343
174.158	339
174.208	335
174.259	325
174.309	333
174.360	332
174.410	353
174.460	370
174.511	380
174.561	409
174.611	423
174.661	448
174.711	467
174.761	468
174.812	491
174.862	495
174.912	494
174.962	497
175.012	479
175.062	477
175.113	462
175.163	431
175.213	426
175.264	406
175.314	382
175.365	374
175.415	353
175.465	348
175.515	346
175.565	339
175.615	347
175.666	353
175.716	358
175.766	376
175.816	382
175.866	405
175.916	424
175.967	426
176.017	453
176.067	462
176.117	467
176.168	480
176.219	467
176.269	481
176.319	476
176.369	455
176.419	459
176.469	445
176.520	425
176.570	419
176.620	395
176.670	392
176.720	381
176.770	365
176.821	365
176.871	359
176.921	352
176.971	362
177.021	357
177.073	372
177.123	383
177.173	384
177.223	406
177.273	418
177.323	426
177.374	444
177.424	443
177.474	464
177.524	470
177.574	464
177.624	477
177.675	470
177.725	463
177.775	462
177.825	438
177.875	440
177.926	427
177.977	402
178.027	400
178.077	386
178.127	371
178.177	368
178.228	354
178.278	356
178.328	356
178.378	352
178.428	365
178.479	373
178.529	380
178.579	399
178.629	404
178.679	428
178.729	443
178.780	447
178.830	469
178.881	473
178.931	479
178.981	487
179.031	469
179.082	480
179.132	471
179.182	449
179.232	447
179.282	427
179.333	408
179.383	396
179.433	372
179.483	366
179.533	354
179.583	339
179.634	342
179.684	347
179.734	340
179.785	354
179.835	357
179.885	382
179.936	398
179.986	410
180.036	436
180.086	447
180.136	468
180.187	484
180.237	477
180.287	500
180.337	499
180.387	484
180.437	489
180.488	463
180.538	458
180.588	442
180.638	412
180.689	401
180.739	382
180.790	357
180.840	348
180.890	335
180.940	326
180.990	330
181.041	326
181.091	340
181.141	354
181.191	364
181.241	390
181.291	399
181.342	429
181.392	454
181.442	459
181.492	489
181.542	497
181.594	496
181.644	509
181.694	491
181.744	496
181.794	485
181.844	452
181.895	448
181.945	424
181.995	396
182.045	382
182.095	355
182.145	344
182.196	335
182.246	321
182.296	325
182.346	329
182.396	330
182.447	350
182.498	360
182.548	385
182.598	410
182.648	420
182.698	454
182.749	471
182.799	480
182.849	500
182.899	490
182.949	510
182.999	505
183.050	482
183.100	484
183.150	464
183.200	439
183.250	425
183.301	392
183.351	381
183.402	363
183.452	341
183.502	338
183.552	332
183.603	326
183.653	334
183.703	336
183.753	354
183.803	373
183.853	384
183.904	412
183.954	430
184.004	444
184.054	470
184.104	470
184.155	493
184.205	498
184.256	486
184.306	496
184.356	484
184.406	468
184.457	460
184.507	430
184.557	424
184.607	405
184.657	379
184.707	372
184.758	360
184.808	346
184.858	346
184.908	339
184.958	348
185.009	355
185.059	358
185.109	379
185.160	392
185.210	404
185.260	425
185.311	432
185.361	455
185.411	465
185.461	463
185.511	480
185.562	476
185.612	475
185.662	476
185.712	455
185.762	457
185.812	445
185.863	420
185.913	419
185.963	402
186.013	388
186.064	381
186.114	363
186.165	365
186.215	361
186.265	354
186.315	362
186.365	367
186.416	370
186.466	384
186.516	385
186.566	408
186.616	420
186.666	424
186.717	446
186.767	447
186.817	460
186.867	471
186.917	460
186.968	475
187.019	473
187.069	458
187.119	460
187.169	443
187.219	435
187.270	426
187.320	400
187.370	399
187.420	386
187.470	369
187.520	367
187.571	363
187.621	353
187.671	357
187.721	353
187.771	366
187.821	375
187.873	379
187.923	400
187.973	410
188.023	427
188.073	445
188.124	447
188.174	469
188.224	476
188.274	474
188.324	487
188.374	471
188.425	478
188.475	471
188.525	445
188.575	445
188.625	428
188.675	404
188.726	395
188.777	371
188.827	360
188.877	355
188.927	340
188.978	343
189.028	343
189.078	342
189.128	355
189.178	361
189.228	380
189.279	399
189.329	407
189.379	437
189.429	453
189.479	462
189.530	484
189.580	480
189.630	500
189.681	500
189.731	482
189.781	489
189.832	474
189.882	452
189.932	443
189.982	412
190.032	402
190.082	383
190.133	357
190.183	350
190.233	339
190.283	328
190.333	330
190.384	327
190.434	340
190.484	352
190.534	361
190.585	387
190.635	407
190.686	422
190.736	452
190.786	454
190.836	488
190.886	500
190.936	493
190.987	511
191.037	503
191.087	494
191.137	489
191.187	457
191.238	452
191.288	429
191.338	398
191.388	385
191.438	363
191.489	341
191.540	334
191.590	318
191.640	322
191.690	325
191.740	325
191.791	345
191.841	362
191.891	377
191.941	405
191.991	416
192.041	451
192.092	471
192.142	477
192.192	503
192.242	503
192.292	509
192.342	511
192.394	491
192.444	492
192.494	473
192.544	440
192.594	431
192.645	405
192.695	379
192.745	364
192.795	338
192.845	335
192.895	327
192.946	316
192.996	326
193.046	342
193.096	342
193.146	364
193.196	374
193.247	406
193.298	428
193.348	439
193.398	471
193.448	479
193.499	493
193.549	506
193.599	492
193.649	505
193.699	497
193.749	475
193.800	468
193.850	441
193.900	425
193.950	408
194.000	380
194.050	369
194.101	355
194.151	338
194.202	338
194.252	341
194.302	332
194.353	346
194.403	349
194.453	371
194.503	389
194.553	397
194.603	426
194.654	437
194.704	458
194.754	473
194.804	470
194.854	488
194.904	489
194.955	480
195.005	484
195.056	463
195.106	460
195.156	447
195.207	420
195.257	416
195.307	399
195.357	378
195.407	374
195.457	359
195.508	352
195.558	355
195.608	347
195.658	358
195.708	364
195.759	368
195.809	386
195.859	388
195.909	410
195.960	427
196.010	429
196.061	452
196.111	460
196.161	460
196.211	475
196.261	460
196.311	475
196.362	472
196.412	456
196.462	457
196.512	443
196.562	426
196.613	420
196.663	396
196.713	392
196.763	383
196.813	367
196.864	366
196.915	361
196.965	354
197.015	361
197.065	356
197.115	370
197.165	381
197.216	384
197.266	406
197.316	417
197.366	426
197.416	447
197.467	445
197.517	468
197.567	475
197.617	468
197.667	482
197.717	476
197.769	465
197.819	465
197.869	437
197.919	440
197.969	425
198.019	400
198.070	395
198.120	379
198.170	362
198.220	358
198.270	342
198.321	348
198.371	348
198.421	346
198.471	360
198.521	371
198.571	380
198.622	402
198.673	408
198.723	437
198.773	453
198.823	456
198.874	481
198.924	485
198.974	489
199.024	495
199.074	479
199.124	486
199.175	473
199.225	448
199.275	442
199.325	420
199.375	398
199.425	385
199.476	359
199.526	354
199.577	343
199.627	330
199.677	333
199.728	337
199.778	336
199.828	354
199.878	362
199.928	387
199.978	407
200.029	418
200.079	449
200.129	462
200.179	480
200.229	497
200.279	491
200.330	509
200.380	506
200.430	489
200.481	489
200.531	469
200.582	450
200.632	433
200.682	400
200.732	388
200.782	368
200.832	345
200.883	338
200.933	333
200.983	320
201.033	325
201.083	324
201.133	343
201.184	359
201.234	370
201.284	401
201.334	418
201.385	444
201.436	467
201.486	472
201.536	501
201.586	508
201.636	502
201.686	514
201.737	495
201.787	495
201.837	479
201.887	447
201.937	436
201.987	411
202.038	384
202.088	368
202.138	343
202.188	328
202.238	325
202.290	314
202.340	322
202.390	329
202.440	332
202.490	356
202.540	368
202.591	397
202.641	423
202.691	433
202.741	469
202.791	484
202.842	490
202.892	509
202.942	501
202.992	513
203.042	506
203.092	480
203.143	478
203.194	457
203.244	427
203.294	413
203.344	378
203.394	368
203.445	352
203.495	330
203.545	331
203.595	327
203.645	321
203.696	334
203.746	337
203.796	360
203.846	381
203.896	391
203.946	423
203.997	442
204.047	457
204.098	480
204.148	480
204.198	499
204.248	503
204.299	487
204.349	496
204.399	482
204.449	463
204.499	454
204.550	421
204.600	416
204.650	397
204.700	372
204.750	365
204.800	353
204.851	340
204.901	343
204.952	336
205.002	348
205.052	357
205.103	360
205.153	384
205.203	398
205.253	410
205.303	432
205.353	436
205.404	462
205.454	471
205.504	468
205.554	484
205.604	481
205.654	476
205.705	477
205.755	453
205.805	456
205.856	441
205.906	419
205.957	413
206.007	398
206.057	380
206.107	375
206.157	358
206.207	361
206.258	358
206.308	349
206.358	362
206.408	367
206.458	371
206.508	387
206.559	391
206.609	413
206.659	427
206.709	430
206.760	452
206.811	458
206.861	465
206.911	477
206.961	464
207.011	479
207.061	474
207.112	457
207.162	459
207.212	443
207.262	428
207.312	420
207.362	398
207.413	391
207.463	378
207.513	361
207.563	359
207.613	359
207.665	348
207.715	354
207.765	351
207.815	368
207.865	379
207.915	386
207.966	408
208.016	419
208.066	436
208.116	455
208.166	456
208.216	480
208.267	486
208.317	480
208.367	491
208.417	471
208.467	477
208.518	467
208.569	442
208.619	436
208.669	417
208.719	393
208.769	382
208.820	367
208.870	349
208.920	344
208.970	332
209.020	337
209.071	341
209.121	341
209.171	360
209.221	367
209.271	390
209.321	413
209.372	423
209.422	453
209.473	468
209.523	475
209.573	497
209.623	487
209.674	503
209.724	502
209.774	482
209.824	484
209.874	465
209.925	439
209.975	427
210.025	396
210.075	384
210.125	366
210.175	341
210.226	337
210.276	331
210.326	320
210.377	329
210.427	329
210.477	346
210.528	366
210.578	376
210.628	407
210.678	428
210.728	443
210.779	472
210.829	472
210.879	501
210.929	508
210.979	500
211.029	509
211.080	497
211.130	480
211.180	472
211.230	438
211.281	429
211.331	406
211.382	376
211.432	365
211.482	349
211.532	329
211.582	329
211.633	318
211.683	328
211.733	336
211.783	341
211.833	366
211.883	385
211.934	400
211.984	430
212.034	438
212.084	472
212.134	487
212.186	484
212.236	506
212.286	504
212.336	499
212.386	498
212.436	470
212.487	468
212.537	447
212.587	417
212.637	406
212.687	383
212.737	361
212.788	352
212.838	336
212.888	336
212.938	334
212.988	330
213.039	344
213.090	357
213.140	368
213.190	391
213.240	400
213.290	429
213.341	448
213.391	454
213.441	479
213.491	482
213.541	488
213.591	495
213.642	478
213.692	486
213.742	473
213.792	452
213.842	445
213.893	425
213.943	406
213.994	394
214.044	370
214.094	367
214.144	359
214.195	346
214.245	351
214.295	351
214.345	352
214.395	366
214.445	370
214.496	391
214.546	403
214.596	409
214.646	433
214.696	444
214.747	454
214.797	468
214.848	460
214.898	478
214.948	478
214.998	466
215.049	471
215.099	453
215.149	448
215.199	439
215.249	415
215.299	414
215.350	400
215.400	379
215.450	378
215.500	371
215.550	360
215.601	362
215.651	355
215.701	363
215.752	369
215.802	370
215.852	388
215.903	397
215.953	408
216.003	425
216.053	425
216.103	450
216.154	459
216.204	461
216.254	476
216.304	467
216.354	476
216.404	474
216.455	454
216.505	459
216.555	446
216.605	428
216.656	421
216.706	399
216.757	388
216.807	379
216.857	361
216.907	360
216.957	355
217.008	346
217.058	354
217.108	351
217.158	364
217.208	378
217.258	380
217.309	407
217.359	422
217.409	431
217.459	454
217.509	451
217.560	479
217.611	487
217.661	479
217.711	491
217.761	485
217.811	472
217.862	467
217.912	438
217.962	438
218.012	420
218.062	394
218.112	385
218.163	368
218.213	350
218.263	345
218.313	332
218.363	337
218.413	341
218.465	342
218.515	360
218.565	374
218.615	385
218.665	411
218.716	416
218.766	450
218.816	467
218.866	473
218.916	495
218.966	497
219.017	496
219.067	503
219.117	480
219.167	484
219.217	468
219.267	438
219.318	431
219.369	406
219.419	382
219.469	368
219.519	344
219.570	339
219.620	331
219.670	320
219.720	328
219.770	335
219.820	340
219.871	363
219.921	374
219.971	403
220.021	426
220.071	436
220.122	469
220.172	482
220.222	494
220.273	509
220.323	496
220.373	512
220.424	504
220.474	482
220.524	477
220.574	453
220.624	430
220.674	411
220.725	379
220.775	368
220.825	349
220.875	328
220.925	327
220.976	325
221.026	320
221.076	330
221.126	336
221.177	359
221.227	380
221.278	395
221.328	425
221.378	446
221.428	464
221.478	487
221.528	484
221.579	510
221.629	512
221.679	500
221.729	506
221.779	485
221.830	474
221.880	456
221.930	424
221.980	412
222.030	388
222.081	360
222.132	350
222.182	343
222.232	324
222.282	326
222.332	323
222.383	335
222.433	347
222.483	356
222.533	383
222.583	399
222.633	422
222.684	447
222.734	455
222.784	483
222.834	493
222.884	492
222.934	505
222.986	494
223.036	495
223.086	485
223.136	460
223.186	452
223.237	431
223.287	404
223.337	393
223.387	367
223.437	354
223.487	350
223.538	336
223.588	340
223.638	342
223.688	344
223.738	358
223.788	365
223.839	384
223.890	404
223.940	409
223.990	438
224.040	452
224.091	460
224.141	478
224.191	471
224.241	487
224.291	486
224.341	470
224.392	475
224.442	462
224.492	443
224.542	437
224.592	410
224.642	405
224.693	392
224.743	372
224.794	370
224.844	363
224.894	352
224.945	357
224.995	351
225.045	362
225.095	372
225.145	374
225.195	395
225.246	406
225.296	414
225.346	434
225.396	434
225.446	457
225.496	465
225.547	457
225.597	475
225.648	473
225.698	467
225.748	468
225.799	448
225.849	451
225.899	439
225.949	416
225.999	413
226.049	399
226.100	384
226.150	379
226.200	363
226.250	364
226.300	360
226.351	352
226.401	363
226.451	367
226.501	371
226.552	387
226.602	389
226.653	413
226.703	427
226.753	429
226.803	454
226.853	461
226.903	468
226.954	480
227.004	470
227.054	482
227.104	477
227.154	458
227.205	460
227.255	443
227.305	428
227.355	418
227.405	392
227.456	388
227.507	373
227.557	353
227.607	354
227.657	349
227.707	342
227.757	350
227.808	348
227.858	366
227.908	378
227.958	385
228.008	411
228.059	425
228.109	442
228.159	462
228.209	463
228.259	487
228.309	493
228.361	487
228.411	496
228.461	482
228.511	476
228.561	467
228.611	437
228.662	433
228.712	413
228.762	386
228.812	376
228.862	363
228.913	344
228.963	339
229.013	326
229.063	334
229.113	339
229.163	341
229.214	362
229.265	379
229.315	394
229.365	418
229.415	427
229.466	460
229.516	475
229.566	481
229.616	502
229.666	494
229.716	507
229.767	504
229.817	481
229.867	482
229.917	462
229.967	433
230.017	421
230.068	391
230.118	374
230.169	358
230.219	337
230.269	332
230.320	327
230.370	318
230.420	328
230.470	331
230.520	346
230.570	369
230.621	381
230.671	413
230.721	435
230.771	449
230.821	479
230.871	477
230.922	506
230.972	513
231.022	500
231.073	511
231.123	499
231.174	477
231.224	469
231.274	435
