#Creator: pendulumdriveEventBuffer
#Creation time: Tue Apr  4 15:26:34 2017
#Time	Pos
#[s]	[au]
0.050	441
0.100	427
0.150	404
0.200	399
0.250	383
0.302	368
0.352	366
0.402	349
0.452	355
0.502	354
0.553	352
0.603	364
0.653	373
0.703	380
0.753	401
0.803	404
0.854	431
0.904	445
0.954	452
1.004	471
1.054	474
1.105	483
1.155	489
1.206	474
1.256	483
1.306	472
1.356	449
1.407	446
1.457	426
1.507	410
1.557	397
1.607	371
1.657	366
1.708	354
1.758	341
1.808	341
1.858	347
1.908	340
1.959	353
2.009	357
2.059	381
2.110	398
2.160	408
2.210	436
2.261	447
2.311	468
2.361	485
2.411	477
2.461	502
2.511	502
2.562	489
2.612	494
2.662	469
2.712	464
2.762	447
2.813	415
2.863	406
2.913	385
2.963	361
3.014	350
3.064	335
3.115	324
3.165	327
3.215	322
3.265	336
3.315	347
3.365	357
3.416	384
3.466	396
3.516	425
3.566	449
3.616	454
3.667	488
3.717	499
3.767	501
3.817	515
3.867	498
3.918	507
3.969	495
4.019	464
4.069	460
4.119	435
4.169	406
4.220	390
4.270	358
4.320	346
4.370	335
4.420	319
4.470	320
4.521	322
4.571	320
4.621	338
4.671	348
4.721	376
4.771	398
4.823	410
4.873	447
4.923	466
4.973	480
5.023	503
5.074	497
5.124	517
5.174	516
5.224	496
5.274	500
5.324	480
5.375	456
5.425	439
5.475	404
5.525	391
5.575	369
5.625	343
5.676	336
5.727	327
5.777	318
5.827	323
5.877	323
5.928	340
5.978	357
6.028	368
6.078	400
6.128	419
6.178	440
6.229	468
6.279	471
6.329	499
6.379	507
6.429	501
6.479	511
6.530	499
6.580	488
6.631	477
6.681	442
6.731	437
6.782	414
6.832	384
6.882	374
6.932	357
6.982	340
7.032	337
7.083	327
7.133	334
7.183	340
7.233	344
7.283	364
7.333	383
7.384	396
7.434	420
7.484	429
7.535	458
7.585	472
7.636	472
7.686	491
7.736	483
7.786	490
7.836	491
7.886	468
7.937	470
7.987	454
8.037	429
8.087	423
8.137	403
8.188	384
8.238	376
8.288	356
8.338	357
8.388	352
8.439	342
8.490	353
8.540	359
8.590	364
8.640	380
8.690	385
8.740	407
8.791	420
8.841	428
8.891	450
8.941	454
8.991	469
9.042	478
9.092	469
9.142	482
9.192	478
9.242	464
9.292	464
9.344	443
9.394	437
9.444	425
9.494	401
9.544	398
9.594	383
9.645	365
9.695	364
9.745	351
9.795	352
9.845	355
9.896	353
9.946	365
9.996	375
10.046	380
10.096	401
10.146	404
10.197	430
10.248	447
10.298	448
10.348	472
10.398	479
10.449	479
10.499	488
10.549	471
10.599	482
10.649	472
10.699	449
10.750	447
10.800	428
10.850	405
10.900	396
10.950	373
11.000	364
11.051	355
11.101	340
11.152	342
11.202	342
11.252	340
11.303	355
11.353	360
11.403	382
11.453	400
11.503	408
11.553	437
11.604	453
11.654	463
11.704	486
11.754	477
11.804	502
11.854	502
11.905	485
11.955	491
12.005	476
12.056	455
12.106	446
12.157	413
12.207	404
12.257	384
12.307	358
12.357	350
12.407	339
12.458	326
12.508	329
12.558	325
12.608	338
12.658	351
12.708	360
12.759	387
12.809	405
12.859	424
12.909	453
12.960	460
13.011	490
13.061	501
13.111	497
13.161	513
13.211	504
13.261	498
13.312	492
13.362	462
13.412	455
13.462	432
13.512	401
13.562	387
13.613	367
13.663	344
13.713	336
13.763	320
13.813	323
13.865	324
13.915	326
13.965	344
14.015	366
14.065	377
14.115	404
14.166	416
14.216	451
14.266	471
14.316	478
14.366	503
14.417	494
14.467	511
14.517	513
14.567	489
14.617	493
14.667	474
14.718	446
14.769	433
14.819	407
14.869	384
14.919	367
14.969	343
15.020	339
15.070	331
15.120	321
15.170	331
15.220	343
15.271	345
15.321	366
15.371	378
15.421	406
15.471	426
15.521	440
15.572	467
15.622	467
15.673	491
15.723	500
15.773	488
15.823	501
15.874	493
15.924	474
15.974	468
16.024	441
16.074	429
16.125	413
16.175	386
16.225	378
16.275	365
16.325	349
16.375	348
16.426	339
16.476	340
16.527	352
16.577	353
16.627	373
16.677	387
16.728	394
16.778	419
16.828	424
16.878	448
16.928	463
16.979	459
17.029	480
17.079	482
17.129	476
17.179	481
17.229	460
17.280	464
17.330	453
17.380	428
17.431	426
17.481	411
17.532	392
17.582	386
17.632	366
17.682	364
17.732	361
17.782	352
17.833	359
17.883	362
17.933	363
17.983	378
18.033	379
18.083	400
18.134	415
18.184	419
18.234	443
18.284	452
18.335	457
18.386	473
18.436	464
18.486	481
18.536	480
18.586	464
18.636	469
18.687	455
18.737	439
18.787	433
18.837	405
18.887	402
18.937	388
18.988	367
19.038	365
19.088	357
19.138	346
19.188	351
19.240	348
19.290	360
19.340	368
19.390	371
19.440	396
19.490	411
19.541	422
19.591	446
19.641	446
19.691	475
19.741	484
19.791	480
19.842	495
19.892	489
19.942	481
19.992	479
20.042	451
20.093	450
20.144	431
20.194	405
20.244	395
20.294	376
20.344	356
20.395	349
20.445	334
20.495	336
20.545	337
20.595	334
20.645	351
20.696	364
20.746	374
20.796	399
20.846	411
20.896	440
20.947	459
20.997	466
21.048	491
21.098	492
21.148	502
21.198	507
21.249	486
21.299	494
21.349	479
21.399	451
21.449	442
21.500	415
21.550	394
21.600	378
21.650	353
21.700	345
21.750	335
21.801	322
21.851	328
21.901	338
21.952	336
22.002	355
22.052	364
22.103	394
22.153	415
22.203	429
22.253	460
22.303	467
22.354	491
22.404	504
22.454	493
22.504	511
22.554	505
22.604	487
22.655	483
22.705	455
22.755	441
22.805	422
22.856	391
22.906	378
22.957	360
23.007	338
23.057	336
23.107	323
23.157	324
23.208	335
23.258	337
23.308	358
23.358	376
23.408	388
23.458	417
23.509	426
23.559	457
23.609	475
23.659	474
23.709	498
23.761	500
23.811	492
23.861	498
23.911	475
23.961	474
24.011	458
24.062	428
24.112	421
24.162	400
24.212	376
24.262	368
24.312	348
24.363	345
24.413	343
24.463	338
24.513	347
24.563	356
24.613	361
24.665	383
24.715	388
24.765	416
24.815	432
24.865	437
24.916	463
24.966	470
25.016	473
25.066	485
25.116	471
25.166	483
25.217	477
25.267	454
25.317	456
25.367	440
25.417	422
25.468	412
25.518	389
25.569	386
25.619	376
25.669	359
25.719	362
25.770	359
25.820	353
25.870	363
25.920	362
25.970	378
26.020	389
26.071	393
26.121	415
26.171	426
26.221	435
26.271	452
26.322	450
26.372	470
26.423	475
26.473	466
26.523	477
26.573	469
26.624	460
26.674	458
26.724	433
26.774	433
26.824	419
26.874	397
26.925	393
26.975	381
27.025	365
27.075	363
27.125	352
27.176	356
27.226	358
27.276	356
27.327	371
27.377	381
27.427	387
27.478	408
27.528	414
27.578	438
27.628	452
27.678	454
27.729	476
27.779	478
27.829	482
27.879	488
27.929	471
27.979	478
28.030	466
28.080	443
28.130	438
28.180	419
28.231	400
28.281	388
28.332	365
28.382	361
28.432	351
28.482	338
28.532	342
28.583	350
28.633	346
28.683	362
28.733	366
28.783	392
28.833	410
28.884	421
28.934	448
28.984	457
29.034	478
29.084	492
29.135	481
29.186	503
29.236	499
29.286	484
29.336	484
29.386	460
29.437	448
29.487	432
29.537	401
29.587	391
29.637	372
29.687	348
29.738	343
29.788	331
29.838	326
29.888	333
29.938	332
29.988	349
30.040	365
30.090	375
30.140	403
30.190	413
30.240	444
30.291	466
30.341	470
30.391	496
30.441	502
30.491	499
30.541	508
30.592	484
30.642	490
30.692	475
30.742	444
30.792	435
30.842	412
30.893	385
30.944	371
30.994	348
31.044	339
31.094	333
31.145	324
31.195	330
31.245	337
31.295	343
31.345	364
31.395	374
31.446	402
31.496	425
31.546	434
31.596	466
31.646	479
31.697	486
31.747	502
31.797	492
31.848	504
31.898	497
31.948	475
31.999	471
32.049	450
32.099	425
32.149	412
32.199	384
32.249	373
32.300	359
32.350	342
32.400	341
32.450	339
32.500	334
32.551	347
32.601	348
32.651	372
32.701	388
32.752	396
32.802	425
32.853	440
32.903	454
32.953	472
33.003	470
33.053	489
33.103	491
33.154	477
33.204	485
33.254	472
33.304	456
33.354	448
33.405	422
33.455	418
33.505	401
33.555	379
33.605	375
33.656	366
33.707	354
33.757	357
33.807	349
33.857	359
33.907	366
33.957	367
34.008	387
34.058	397
34.108	408
34.158	426
34.208	428
34.259	452
34.309	461
34.359	458
34.409	475
34.459	472
34.509	471
34.561	473
34.611	452
34.661	457
34.711	446
34.761	426
34.812	422
34.862	407
34.912	392
34.962	385
35.012	369
35.062	368
35.113	363
35.163	356
35.213	362
35.263	367
35.313	368
35.363	383
35.414	385
35.465	405
35.515	418
35.565	423
35.615	446
35.666	449
35.716	464
35.766	475
35.816	466
35.866	482
35.916	478
35.967	462
36.017	466
36.067	446
36.117	440
36.167	428
36.217	403
36.268	398
36.318	383
36.369	365
36.419	362
36.469	351
36.520	346
36.570	351
36.620	347
36.670	361
36.720	372
36.770	379
36.821	402
36.871	407
36.921	433
36.971	452
37.021	456
37.071	479
37.122	486
37.172	483
37.223	495
37.273	475
37.323	484
37.374	474
37.424	447
37.474	444
37.524	423
37.574	401
37.624	388
37.675	362
37.725	352
37.775	346
37.825	332
37.875	336
37.925	339
37.976	338
38.026	356
38.076	362
38.127	387
38.177	409
38.228	418
38.278	449
38.328	466
38.378	472
38.428	496
38.478	484
38.529	507
38.579	505
38.629	482
38.679	487
38.729	469
38.780	445
38.830	432
38.880	401
38.930	388
38.980	370
39.031	347
39.082	340
39.132	332
39.182	324
39.232	330
39.282	329
39.332	348
39.383	364
39.433	373
39.483	405
39.533	425
39.583	442
39.634	470
39.684	471
39.734	500
39.784	507
39.834	496
39.884	509
39.936	498
39.986	483
40.036	475
40.086	442
40.136	433
40.186	410
40.237	380
40.287	369
40.337	351
40.387	334
40.437	332
40.488	322
40.538	330
40.588	337
40.638	342
40.688	366
40.738	383
40.789	400
40.840	429
40.890	436
40.940	469
40.990	485
41.041	485
41.091	504
41.141	499
41.191	498
41.241	497
41.291	472
41.342	469
41.392	449
41.442	420
41.492	409
41.542	387
41.592	366
41.643	357
41.693	340
41.744	340
41.794	339
41.844	333
41.895	347
41.945	359
41.995	368
42.045	391
42.095	399
42.145	428
42.196	445
42.246	452
42.296	474
42.346	473
42.396	486
42.446	492
42.497	475
42.547	484
42.597	473
42.648	452
42.698	447
42.749	425
42.799	412
42.849	400
42.899	377
42.949	373
42.999	364
43.050	352
43.100	356
43.150	351
43.200	356
43.250	368
43.300	369
43.351	389
43.401	401
43.451	406
43.501	430
43.552	431
43.603	451
43.653	463
43.703	457
43.753	475
43.803	475
43.853	466
43.904	471
43.954	453
44.004	452
44.054	444
44.104	420
44.154	420
44.205	405
44.255	388
44.305	384
44.355	364
44.405	364
44.457	364
44.507	353
44.557	364
44.607	368
44.657	368
44.707	385
44.758	386
44.808	407
44.858	422
44.908	423
44.958	448
45.009	457
45.059	461
45.109	475
45.159	464
45.209	480
45.259	477
45.310	461
45.361	464
45.411	450
45.461	430
45.511	424
45.561	401
45.612	394
45.662	382
45.712	363
45.762	361
45.812	354
45.863	345
45.913	352
45.963	351
46.013	364
46.063	376
46.113	384
46.164	406
46.214	421
46.265	432
46.315	455
46.365	457
46.415	481
46.466	488
46.516	483
46.566	494
46.616	487
46.666	475
46.717	471
46.767	440
46.817	439
46.867	420
46.917	393
46.967	384
47.018	367
47.068	348
47.119	344
47.169	335
47.219	337
47.269	341
47.320	341
47.370	360
47.420	375
47.470	387
47.520	414
47.571	422
47.621	454
47.671	471
47.721	473
47.771	498
47.821	499
47.872	499
47.922	503
47.972	480
48.023	483
48.073	467
48.124	437
48.174	427
48.224	404
48.274	381
48.324	366
48.374	344
48.425	338
48.475	331
48.525	323
48.575	331
48.625	339
48.675	348
48.726	369
48.776	379
48.826	411
48.876	431
48.927	443
48.978	473
49.028	482
49.078	495
49.128	508
49.178	493
49.228	508
49.279	499
49.329	476
49.379	469
49.429	443
49.479	424
49.529	405
49.580	378
49.630	366
49.680	350
49.730	332
49.780	332
49.832	335
49.882	328
49.932	340
49.982	346
50.032	371
50.082	390
50.133	403
50.183	434
50.233	444
50.283	469
50.333	487
50.383	481
50.434	503
50.484	503
50.534	492
50.584	494
50.634	471
50.685	462
50.736	445
50.786	415
50.836	406
50.886	386
50.936	363
50.987	357
51.037	343
51.087	337
51.137	341
51.187	338
51.237	351
51.288	363
51.338	372
51.388	395
51.438	403
51.488	428
51.539	447
51.589	451
51.640	474
51.690	480
51.740	481
51.790	490
51.841	473
51.891	480
51.941	471
51.991	447
52.041	445
52.092	429
52.142	407
52.192	400
52.242	379
52.292	373
52.342	366
52.393	355
52.443	358
52.493	358
52.544	354
52.594	368
52.644	369
52.695	387
52.745	401
52.795	404
52.845	428
52.895	439
52.946	445
52.996	462
53.046	459
53.096	475
53.146	476
53.196	463
53.247	472
53.297	463
53.347	450
53.397	446
53.448	421
53.498	420
53.549	408
53.599	385
53.649	384
53.699	374
53.749	361
53.800	362
53.850	352
53.900	361
53.950	366
54.000	365
54.050	383
54.101	393
54.151	400
54.201	421
54.251	425
54.301	449
54.353	461
54.403	461
54.453	479
54.503	479
54.553	477
54.603	482
54.654	462
54.704	467
54.754	454
54.804	429
54.854	425
54.904	407
54.955	389
55.005	378
55.055	357
55.105	356
55.155	350
55.205	337
55.257	349
55.307	354
55.357	356
55.407	375
55.457	380
55.508	407
55.558	425
55.608	434
55.658	460
55.708	468
55.758	481
55.809	494
55.859	482
55.909	498
55.959	492
56.009	474
56.060	471
56.110	448
56.161	432
56.211	417
56.261	389
56.311	379
56.362	361
56.412	343
56.462	340
56.512	338
56.562	328
56.612	340
56.663	341
56.713	362
56.763	379
56.813	389
56.863	419
56.914	434
56.964	456
57.015	478
57.065	479
57.115	502
57.165	505
57.216	495
57.266	503
57.316	479
57.366	476
57.416	461
57.466	430
57.517	420
57.567	397
57.617	370
57.667	360
57.717	349
57.768	332
57.818	331
57.868	324
57.919	336
57.969	346
58.019	352
58.070	377
58.120	391
58.170	416
58.220	441
58.270	447
58.321	478
58.371	491
58.421	491
58.471	506
58.521	489
58.571	500
58.622	492
58.672	464
58.722	459
58.772	437
58.823	409
58.873	398
58.924	370
58.974	359
59.024	348
59.074	336
59.124	337
59.175	337
59.225	336
59.275	352
59.325	356
59.375	380
59.425	401
59.476	408
59.526	440
59.576	455
59.626	466
59.676	484
59.727	477
59.778	496
59.828	495
59.878	479
59.928	481
59.978	465
60.029	445
60.079	437
60.129	410
60.179	402
60.229	387
60.279	366
60.330	363
60.380	355
60.430	347
60.480	353
60.530	348
60.580	363
60.632	373
60.682	377
60.732	399
60.782	412
60.832	423
60.883	443
60.933	443
60.983	465
61.033	472
61.083	466
61.133	479
61.184	473
61.234	467
61.284	465
61.334	445
61.384	444
61.434	431
61.485	410
61.536	406
61.586	393
61.636	378
61.686	376
61.737	361
61.787	365
61.837	363
61.887	359
61.937	369
61.987	377
62.038	380
62.088	398
62.138	399
62.188	423
62.238	434
62.289	437
62.339	458
62.389	462
62.440	468
62.490	476
62.540	465
62.591	476
62.641	469
62.691	451
62.741	452
62.791	435
62.841	420
62.892	412
62.942	387
62.992	385
63.042	374
63.092	359
63.143	359
63.193	359
63.243	352
63.293	360
63.344	360
63.394	377
63.445	389
63.495	396
63.545	419
63.595	429
63.645	448
63.695	464
63.746	465
63.796	485
63.846	489
63.896	481
63.946	489
63.997	469
64.047	469
64.097	459
64.147	433
64.197	426
64.248	407
64.299	382
64.349	375
64.399	363
64.449	346
64.499	344
64.549	334
64.600	342
64.650	349
64.700	352
64.750	373
64.800	377
64.851	404
64.901	427
64.951	436
65.001	465
65.051	477
65.101	480
65.153	500
65.203	489
65.253	502
65.303	497
65.353	474
65.404	472
65.454	453
65.504	426
65.554	414
65.604	384
65.654	371
65.705	357
65.755	337
65.805	335
65.855	331
65.905	324
65.955	337
66.006	339
66.057	360
66.107	381
66.157	391
66.207	423
66.258	443
66.308	458
66.358	483
66.408	479
66.458	506
66.508	510
66.559	495
66.609	504
66.659	490
66.709	470
66.759	459
66.809	428
66.860	416
66.910	393
66.961	367
67.011	355
67.061	343
67.112	328
67.162	329
67.212	324
67.262	336
67.312	346
67.362	354
67.413	381
67.463	399
67.513	417
67.563	446
67.613	450
67.663	482
67.714	495
67.764	491
67.815	508
67.865	502
67.915	493
67.966	490
68.016	462
68.066	456
68.116	434
68.166	406
68.216	393
68.267	374
68.317	352
68.367	347
68.417	334
68.467	337
68.517	337
68.568	337
68.618	354
68.668	369
68.719	380
68.769	406
68.820	413
68.870	444
68.920	460
68.970	465
69.020	485
69.070	486
69.121	490
69.171	494
69.221	472
69.271	478
69.321	465
69.372	443
69.422	433
69.472	414
69.522	396
69.572	385
69.623	363
69.674	362
69.724	356
69.774	345
69.824	353
69.874	358
69.924	362
69.975	376
70.025	380
70.075	402
70.125	416
70.175	420
70.226	445
70.276	451
70.326	462
70.376	474
70.426	464
70.476	478
70.528	475
70.578	460
70.628	463
70.678	445
70.728	437
70.778	430
70.829	407
70.879	405
70.929	391
70.979	375
71.029	375
71.080	370
71.130	360
71.180	365
71.230	360
71.280	371
71.330	379
71.381	380
71.432	399
71.482	407
71.532	421
71.582	436
71.633	438
71.683	459
71.733	464
71.783	463
71.833	476
71.883	466
71.934	472
71.984	468
72.034	449
72.084	450
72.134	436
72.184	416
72.235	411
72.285	389
72.336	380
72.386	374
72.436	358
72.487	360
72.537	357
72.587	350
72.637	362
72.687	363
72.737	376
72.788	391
72.838	394
72.888	421
72.938	435
72.988	441
73.038	464
73.089	460
73.139	483
73.189	489
73.240	474
73.290	486
73.341	477
73.391	460
73.441	457
73.491	428
73.541	422
73.591	407
73.642	382
73.692	374
73.742	362
73.792	346
73.842	345
73.892	335
73.943	344
73.993	350
74.043	352
74.093	375
74.144	390
74.195	402
74.245	429
74.295	434
74.345	465
74.395	479
74.445	479
74.496	500
74.546	498
74.596	494
74.646	495
74.696	467
74.746	471
74.797	452
74.847	424
74.897	413
74.947	391
74.997	368
75.049	357
75.099	336
75.149	335
75.199	332
75.249	326
75.299	338
75.350	349
75.400	358
75.450	382
75.500	394
75.550	424
75.601	445
75.651	455
75.701	484
75.751	490
75.801	499
75.851	510
75.902	494
75.953	503
76.003	492
76.053	465
76.103	458
76.153	433
76.204	410
76.254	392
76.304	365
76.354	355
76.404	342
76.455	328
76.505	328
76.555	331
76.605	332
76.655	347
76.705	357
76.756	382
76.806	402
76.857	414
76.907	446
76.957	462
77.007	480
77.058	496
77.108	489
77.158	508
77.208	505
77.258	489
77.309	490
77.359	467
77.409	449
77.459	434
77.509	403
77.559	392
77.610	373
77.660	352
77.711	346
77.761	343
77.811	330
77.861	337
77.912	337
77.962	354
78.012	370
78.062	378
78.112	406
78.163	421
78.213	441
78.263	462
78.313	464
78.363	487
78.413	491
78.464	485
78.514	495
78.564	476
78.615	475
78.665	465
78.716	436
78.766	433
78.816	415
78.866	392
78.916	384
78.966	367
79.017	356
79.067	355
79.117	345
79.167	353
79.217	357
79.267	358
79.318	376
79.368	381
79.418	400
79.468	418
79.519	422
79.570	446
79.620	456
79.670	457
79.720	475
79.770	463
79.820	476
79.871	477
79.921	457
79.971	464
80.021	451
80.071	434
80.121	430
80.172	406
80.222	402
80.272	392
80.322	373
80.372	374
80.424	367
80.474	358
80.524	364
80.574	357
80.624	370
80.674	379
80.725	380
80.775	400
80.825	411
80.875	418
80.925	437
80.975	436
81.026	459
81.076	467
81.126	460
81.176	477
81.226	474
81.277	467
81.328	469
81.378	448
81.428	449
81.478	437
81.528	411
81.579	410
81.629	395
81.679	378
81.729	373
81.779	359
81.829	359
81.880	356
81.930	350
81.980	361
82.030	368
82.080	373
82.131	392
82.181	396
82.232	421
82.282	436
82.332	440
82.382	465
82.433	473
82.483	478
82.533	489
82.583	474
82.633	487
82.684	479
82.734	456
82.784	456
82.834	437
82.884	417
82.934	406
82.985	378
83.035	373
83.085	360
83.136	344
83.186	344
83.236	343
83.287	338
83.337	351
83.387	354
83.437	374
83.487	392
83.538	400
83.588	429
83.638	444
83.688	460
83.738	481
83.788	479
83.839	500
83.889	502
83.939	492
83.989	497
84.040	477
84.090	467
84.141	453
84.191	422
84.241	413
84.291	392
84.341	365
84.392	356
84.442	348
84.492	329
84.542	331
84.592	325
84.642	337
84.693	348
84.743	355
84.793	383
84.843	399
84.893	420
84.945	446
84.995	453
85.045	484
85.095	496
85.145	496
85.195	511
85.246	496
85.296	503
85.346	493
85.396	466
85.446	459
85.496	435
85.547	408
85.597	393
85.647	363
85.697	350
85.747	341
85.797	326
85.849	327
85.899	328
85.949	328
85.999	346
86.049	355
86.100	377
86.150	402
86.200	416
86.250	447
86.300	465
86.350	476
86.401	497
86.451	489
86.501	510
86.551	509
86.601	490
86.652	491
86.702	473
86.753	449
86.803	435
86.853	403
86.903	389
86.954	373
87.004	350
87.054	345
87.104	338
87.154	328
87.204	336
87.255	335
87.305	349
87.355	368
87.405	377
87.455	405
87.506	423
87.556	434
87.607	462
87.657	462
87.707	488
87.757	493
87.808	485
87.858	496
87.908	488
87.958	473
88.008	467
88.058	440
88.109	433
88.159	417
88.209	392
88.259	384
88.309	371
88.360	355
88.410	355
88.460	345
88.511	350
88.561	356
88.611	355
88.662	374
88.712	386
88.762	395
88.812	416
88.862	419
88.913	445
88.963	456
89.013	456
89.063	475
89.113	475
89.163	473
89.214	480
89.264	460
89.314	466
89.364	456
89.415	434
89.465	432
89.516	417
89.566	397
89.616	393
89.666	373
89.716	372
89.767	367
89.817	354
89.867	361
89.917	362
89.967	362
90.017	375
90.068	377
90.118	397
90.168	410
90.218	413
90.268	437
90.319	446
90.370	454
90.420	470
90.470	464
90.520	481
90.570	481
90.621	466
90.671	473
90.721	459
90.771	448
90.821	440
90.871	413
90.922	410
90.972	395
91.022	376
91.072	370
91.122	364
91.172	350
91.224	352
91.274	347
91.324	357
91.374	365
91.424	369
91.475	390
91.525	403
91.575	418
91.625	440
91.675	443
91.725	470
91.776	481
91.826	478
91.876	495
91.926	482
91.976	489
92.026	483
92.077	457
92.128	457
92.178	439
92.228	412
92.278	402
92.329	383
92.379	364
92.429	354
92.479	336
92.529	338
92.579	337
92.630	332
92.680	347
92.730	351
92.780	370
92.830	393
92.881	402
92.931	433
92.981	453
93.032	460
93.082	487
93.132	483
93.183	505
93.233	508
93.283	489
93.333	498
93.383	483
93.433	462
93.484	450
93.534	418
93.584	406
93.634	386
93.684	358
93.735	351
93.785	338
93.835	325
93.885	328
93.936	323
93.986	336
94.037	350
94.087	358
94.137	386
94.187	407
94.237	423
94.287	453
94.338	456
94.388	489
94.438	501
94.488	493
94.538	513
94.589	506
94.639	495
94.689	490
94.739	457
94.789	452
94.840	430
94.891	398
94.941	387
94.991	366
95.041	344
95.091	338
95.141	325
95.192	328
95.242	331
95.292	332
95.342	352
95.392	369
95.443	384
95.493	410
95.543	421
95.593	453
95.643	472
95.693	476
95.745	499
95.795	501
95.845	500
95.895	505
95.945	481
95.996	484
96.046	466
96.096	437
96.146	428
96.196	405
96.246	382
96.297	369
96.347	350
96.397	346
96.447	341
96.497	331
96.547	342
96.598	349
96.649	354
96.699	376
96.749	384
96.799	411
96.850	430
96.900	437
96.950	464
97.000	472
97.050	481
97.100	491
97.151	477
97.201	491
97.251	483
97.301	463
97.351	461
97.401	441
97.452	424
97.502	413
97.553	388
97.603	385
97.653	372
97.704	356
97.754	358
97.804	356
97.854	352
97.904	361
97.954	359
98.005	378
98.055	390
98.105	396
98.155	418
98.205	427
98.255	442
98.306	457
98.356	453
98.407	472
98.457	475
98.507	465
98.558	476
98.608	462
98.658	459
98.708	454
98.758	432
98.808	431
98.859	416
98.909	397
98.959	393
99.009	382
99.059	369
99.109	367
99.160	356
99.210	363
99.260	365
99.311	363
99.361	378
99.412	383
99.462	395
99.512	411
99.562	414
99.612	437
99.662	448
99.713	452
99.763	469
99.813	463
99.863	478
99.913	480
99.964	463
100.014	471
100.064	461
100.114	441
100.164	439
100.215	415
100.266	407
100.316	396
100.366	374
100.416	371
100.466	363
100.516	349
100.567	354
100.617	347
100.667	353
100.717	366
100.767	367
100.818	391
100.868	404
100.918	414
100.968	438
101.018	443
101.068	466
101.120	479
101.170	473
101.220	492
101.270	490
101.320	479
101.370	483
101.421	456
101.471	457
101.521	442
101.571	413
101.621	406
101.672	388
101.722	366
101.772	358
101.822	341
101.872	340
101.922	339
101.973	337
102.024	348
102.074	359
102.124	368
102.174	391
102.225	400
102.275	430
102.325	449
102.375	456
102.425	483
102.475	491
102.526	496
102.576	506
102.626	491
102.676	498
102.726	487
102.776	459
102.827	455
102.877	431
102.928	407
102.978	391
103.028	362
103.079	355
103.129	342
103.179	327
103.229	329
103.279	331
103.329	330
103.380	347
103.430	353
103.480	381
103.530	401
103.580	416
103.630	447
103.681	463
103.731	480
103.781	499
103.832	490
103.882	514
103.933	512
103.983	497
104.033	497
104.083	477
104.133	456
104.183	438
104.234	407
104.284	393
104.334	371
104.384	346
104.434	338
104.484	331
104.535	320
104.585	324
104.635	325
104.685	341
104.736	358
104.787	370
104.837	400
104.887	419
104.937	441
104.987	468
105.037	471
105.088	501
105.138	509
105.188	502
105.238	515
105.288	492
105.338	493
105.389	480
105.439	451
105.489	439
105.539	415
105.589	386
105.641	372
105.691	359
105.741	336
105.791	333
105.841	324
105.891	329
105.942	335
105.992	340
106.042	362
106.092	381
106.142	398
106.193	423
106.243	434
106.293	464
106.343	479
106.393	483
106.443	501
106.494	491
106.545	502
106.595	498
106.645	473
106.695	473
106.745	455
106.796	428
106.846	419
106.896	391
106.946	378
106.996	366
107.047	348
107.097	348
107.147	344
107.197	338
107.247	350
107.297	349
107.348	366
107.398	383
107.449	391
107.499	415
107.549	432
107.599	439
107.650	462
107.700	461
107.750	478
107.800	485
107.850	472
107.901	485
107.951	477
108.001	464
108.051	460
108.101	434
108.151	430
108.202	418
108.252	391
108.303	389
108.353	376
108.403	362
108.453	361
108.504	350
108.554	352
108.604	359
108.654	358
108.704	373
108.755	383
108.805	390
108.855	412
108.905	416
108.955	440
109.005	454
109.056	453
109.106	476
109.156	479
109.207	480
109.257	485
109.308	466
109.358	475
109.408	465
109.458	441
109.508	437
109.558	420
109.609	400
109.659	390
109.709	367
109.759	364
109.809	355
109.859	340
109.910	347
109.960	349
110.010	348
110.060	364
110.111	368
110.162	393
110.212	410
110.262	418
110.312	446
110.362	460
110.412	470
110.463	489
110.513	481
110.563	501
110.613	499
110.663	482
110.713	484
110.764	467
110.814	448
110.864	435
110.914	404
110.964	396
111.016	377
111.066	354
111.116	347
111.166	339
111.216	328
111.266	333
111.317	332
111.367	348
111.417	361
111.467	370
111.517	399
111.567	418
111.618	436
111.668	462
111.718	467
111.768	495
111.818	504
111.869	499
111.920	512
111.970	499
112.020	493
112.070	484
112.120	454
112.171	446
112.221	422
112.271	392
112.321	378
112.371	363
112.421	338
112.472	332
112.522	322
112.572	325
112.622	329
112.672	331
112.723	352
112.773	373
112.824	388
112.874	415
112.924	429
112.974	461
113.025	479
113.075	486
113.125	508
113.175	496
113.225	513
113.276	511
113.326	487
113.376	488
113.426	467
113.476	438
113.526	424
113.577	391
113.627	376
113.677	360
113.728	338
113.778	334
113.828	328
113.879	320
113.929	331
113.979	335
114.029	350
114.079	374
114.130	386
114.180	416
114.230	437
114.280	449
114.330	478
114.380	477
114.431	502
114.481	507
114.531	493
114.581	504
114.632	493
114.682	472
114.733	463
114.783	432
114.833	420
114.883	403
114.933	373
114.984	366
115.034	352
115.084	339
115.134	339
115.184	333
115.234	341
115.285	352
115.335	358
115.385	380
115.435	397
115.485	408
115.537	434
115.587	440
115.637	466
115.687	478
115.737	474
115.787	491
115.838	489
115.888	482
115.938	482
115.988	456
116.038	458
116.088	443
116.139	418
116.189	412
116.239	396
116.289	377
116.339	372
116.389	357
116.441	358
116.491	356
116.541	350
116.591	362
116.641	369
116.692	375
116.742	392
116.792	396
116.842	419
116.892	432
116.942	435
116.993	457
117.043	463
117.093	466
117.143	478
117.193	464
117.244	478
117.294	473
117.345	455
117.395	455
117.445	441
117.495	424
117.546	418
117.596	394
117.646	392
117.696	381
117.746	364
117.796	365
117.847	361
117.897	354
117.947	362
117.997	360
118.047	375
118.098	386
118.148	392
118.199	411
118.249	422
118.299	434
118.349	453
118.400	452
118.450	473
118.500	479
118.550	472
118.600	485
118.650	474
118.701	469
118.751	465
118.801	438
118.851	438
118.901	423
118.952	400
119.002	393
119.052	378
119.103	360
119.153	357
119.203	343
119.254	348
119.304	350
119.354	349
119.404	364
119.454	378
119.505	387
119.555	408
119.605	414
119.655	443
119.705	459
119.755	465
119.806	486
119.856	482
119.906	495
119.956	498
120.007	481
120.057	486
120.108	472
120.158	447
120.208	439
120.258	415
120.308	396
120.359	382
120.409	358
120.459	352
120.509	342
120.559	329
120.609	336
120.660	335
120.710	340
120.760	359
120.810	366
120.860	393
120.911	414
120.962	427
121.012	456
121.062	459
121.112	488
121.162	502
121.213	494
121.263	511
121.313	505
121.363	491
121.413	488
121.463	457
121.514	450
121.564	430
121.614	399
121.664	386
121.714	365
121.764	342
121.816	336
121.866	322
121.916	320
121.966	326
122.016	326
122.067	346
122.117	363
122.167	376
122.217	406
122.267	418
122.317	452
122.368	474
122.418	480
122.468	506
122.518	512
122.568	508
122.618	517
122.669	497
122.720	498
122.770	480
122.820	449
122.870	436
122.921	410
122.971	381
123.021	365
123.071	339
123.121	332
123.171	323
123.222	313
123.272	320
123.322	327
123.372	333
123.422	356
123.473	370
123.523	402
123.573	426
123.624	441
123.674	474
123.724	489
123.775	502
123.825	518
123.875	506
123.925	521
123.975	514
124.025	489
124.076	484
124.126	458
124.176	432
124.226	413
124.276	380
124.327	366
124.377	347
124.427	326
124.477	323
124.528	319
124.578	314
124.629	327
124.679	334
124.729	357
124.779	378
124.829	392
124.879	425
124.930	446
124.980	467
125.030	491
125.080	487
125.130	514
125.181	515
125.231	503
125.281	510
125.331	490
125.381	475
125.432	459
125.483	426
125.533	414
125.583	391
125.633	363
125.683	354
125.733	343
125.784	329
125.834	330
125.884	324
125.934	337
125.984	348
126.035	356
126.085	383
126.135	399
126.185	420
126.235	444
126.285	452
126.337	479
126.387	490
126.437	487
126.487	502
126.537	486
126.588	492
126.638	485
126.688	457
126.738	456
126.788	436
126.838	412
126.889	401
126.939	383
126.989	366
127.039	360
127.089	344
127.139	349
127.190	348
127.241	348
127.291	360
127.341	371
127.391	380
127.442	399
127.492	405
127.542	431
127.592	444
127.642	451
127.692	469
127.743	467
127.793	480
127.843	484
127.893	468
127.943	478
127.993	467
128.044	449
128.094	447
128.145	423
128.195	416
128.245	405
128.296	382
128.346	380
128.396	371
128.446	357
128.496	360
128.546	352
128.597	358
128.647	367
128.697	366
128.747	386
128.797	396
128.847	404
128.898	425
128.948	427
128.999	449
129.049	462
129.099	460
129.150	478
129.200	479
129.250	474
129.300	479
129.350	457
129.400	464
129.451	453
129.501	427
129.551	426
129.601	410
129.651	391
129.701	384
129.752	363
129.802	361
129.852	356
129.903	346
129.953	353
130.004	358
130.054	360
130.104	376
130.154	381
130.204	402
130.254	420
130.305	426
130.355	453
130.405	463
130.455	470
130.505	488
130.556	480
130.606	495
130.656	492
130.706	471
130.756	475
130.807	459
130.858	438
130.908	429
130.958	400
131.008	392
131.058	375
131.108	353
131.159	349
131.209	343
131.259	332
131.309	339
131.359	338
131.410	355
131.460	368
131.510	377
131.560	404
131.610	421
131.660	438
131.712	464
131.762	468
131.812	494
131.862	502
131.912	492
131.962	508
132.013	498
132.063	488
132.113	480
132.163	449
132.213	443
132.264	421
132.314	390
132.364	378
132.414	361
132.464	338
132.514	335
132.565	322
132.616	326
132.666	330
132.716	332
132.766	353
132.817	370
132.867	386
132.917	414
132.967	427
133.017	460
133.067	479
133.118	486
133.168	508
133.218	502
133.268	514
133.318	515
133.368	488
133.419	492
133.469	472
133.520	443
133.570	429
133.620	403
133.671	377
133.721	360
133.771	336
133.821	330
133.871	323
133.921	314
133.972	322
134.022	335
134.072	342
134.122	365
134.172	376
134.222	410
134.273	433
134.323	450
134.373	480
134.424	485
134.474	509
134.525	518
134.575	504
134.625	519
134.675	508
134.725	485
134.775	476
134.826	443
134.876	428
134.926	406
134.976	374
135.026	360
135.076	342
135.127	323
135.177	323
135.227	314
135.277	316
135.328	332
135.379	339
135.429	365
135.479	385
135.529	403
135.579	434
135.629	444
135.680	478
135.730	494
135.780	494
135.830	514
135.880	513
135.930	505
135.981	505
136.031	477
136.081	472
136.131	451
136.181	419
136.233	407
136.283	385
136.333	360
136.383	350
136.433	335
136.483	330
136.534	330
136.584	327
136.634	340
136.684	353
136.734	364
136.785	390
136.835	403
136.885	430
136.935	450
136.985	457
137.035	483
137.086	490
137.137	493
137.187	502
137.237	487
137.287	493
137.337	481
137.388	455
137.438	450
137.488	431
137.538	406
137.588	397
137.639	373
137.689	368
137.739	359
137.789	344
137.839	349
137.889	349
137.940	348
137.990	362
138.041	365
138.091	387
138.141	402
138.191	406
138.242	433
138.292	445
138.342	454
138.392	471
138.442	466
138.493	484
138.543	484
138.593	469
138.643	479
138.693	465
138.743	453
138.794	446
138.844	422
138.895	418
138.945	403
138.995	382
139.045	378
139.096	369
139.146	358
139.196	358
139.246	349
139.296	360
139.347	365
139.397	366
139.447	385
139.497	396
139.547	406
139.597	426
139.648	429
139.698	455
139.748	466
139.799	464
139.849	483
139.900	481
139.950	482
140.000	483
140.050	461
140.100	466
140.150	452
140.201	428
140.251	422
140.301	405
140.351	386
140.401	377
140.451	357
140.502	355
140.552	349
140.602	340
140.652	349
140.703	359
140.754	360
140.804	377
140.854	382
140.904	409
140.954	427
141.004	436
141.055	462
141.105	467
141.155	485
141.205	497
141.255	487
141.305	501
141.356	493
141.406	475
141.456	473
141.506	447
141.556	435
141.608	419
141.658	389
141.708	380
141.758	362
141.808	343
141.858	339
141.909	335
141.959	328
142.009	336
142.059	338
142.109	358
142.159	374
142.210	387
142.260	416
142.310	425
142.360	455
142.410	477
142.461	480
142.512	505
142.562	509
142.612	505
142.662	511
142.712	484
142.763	489
142.813	471
142.863	441
142.913	429
142.963	405
143.013	377
143.064	363
143.114	339
143.164	332
143.214	326
143.264	317
143.315	325
143.365	334
143.416	340
143.466	365
143.516	376
143.566	408
143.617	432
143.667	444
143.717	477
143.767	491
143.817	497
143.868	516
143.918	502
143.968	517
144.018	507
144.068	483
144.118	477
144.169	454
144.219	426
144.269	408
144.320	375
144.370	362
144.420	346
144.471	327
144.521	326
144.571	324
144.621	320
144.671	333
144.722	340
144.772	364
144.822	385
144.872	398
144.922	432
144.972	452
145.023	470
145.073	492
145.123	488
145.173	512
145.224	513
145.274	498
145.325	503
145.375	486
145.425	466
145.475	452
145.525	419
145.576	409
145.626	387
145.676	360
145.726	352
145.776	343
145.826	330
145.877	332
145.927	329
145.977	342
146.027	355
146.077	364
146.129	390
146.179	407
146.229	425
146.279	449
146.329	453
146.379	481
146.430	491
146.480	486
146.530	500
146.580	491
146.630	486
146.680	480
146.731	453
146.781	450
146.831	431
146.881	405
146.931	397
146.981	383
147.033	364
147.083	360
147.133	345
147.183	351
147.233	351
147.284	348
147.334	364
147.384	377
147.434	384
147.484	403
147.534	410
147.585	434
147.635	447
147.685	451
147.735	470
147.785	465
147.836	480
147.886	484
147.937	470
147.987	477
148.037	467
148.087	448
148.138	445
148.188	428
148.238	414
148.288	404
148.338	380
148.388	379
148.439	369
148.489	356
148.539	359
148.589	351
148.639	356
148.690	367
148.740	366
148.791	385
148.841	397
148.891	402
148.941	426
148.992	431
149.042	452
149.092	466
149.142	463
149.192	482
149.242	484
149.293	474
149.343	483
149.393	463
149.443	464
149.493	453
149.544	427
149.594	423
149.644	406
149.695	386
149.745	377
149.795	358
149.846	352
149.896	350
149.946	341
149.996	349
150.046	355
150.097	358
150.147	377
150.197	382
150.247	408
150.297	426
150.347	434
150.398	460
150.448	472
150.498	478
150.548	496
150.599	486
150.649	500
150.700	495
150.750	470
150.800	473
150.850	455
150.900	434
150.951	420
151.001	391
151.051	380
151.101	364
151.151	344
151.201	341
151.252	335
151.302	329
151.352	337
151.402	340
151.452	358
151.503	375
151.554	384
151.604	415
151.654	435
151.704	452
151.754	476
151.805	475
151.855	503
151.905	509
151.955	500
152.005	510
152.055	496
152.106	482
152.156	471
152.206	440
152.256	429
152.306	407
152.356	377
152.408	364
152.458	347
152.508	328
152.558	327
152.608	318
152.659	326
152.709	335
152.759	340
152.809	365
152.859	385
152.909	403
152.960	432
153.010	439
153.060	477
153.110	493
153.160	494
153.210	516
153.261	513
153.312	512
153.362	509
153.412	483
153.462	478
153.513	455
153.563	423
153.613	409
153.663	386
153.713	360
153.763	346
153.814	327
153.864	325
153.914	321
153.964	317
154.014	331
154.065	351
154.115	358
154.165	384
154.216	395
154.266	431
154.316	454
154.367	465
154.417	495
154.467	493
154.517	511
154.567	517
154.617	499
154.668	508
154.718	493
154.768	466
154.818	455
154.868	425
154.919	405
154.969	387
155.019	360
155.069	349
155.120	338
155.170	323
155.221	327
155.271	335
155.321	332
155.371	350
155.421	361
155.471	387
155.522	407
155.572	422
155.622	452
155.672	455
155.722	484
155.773	496
155.823	490
155.873	505
155.923	502
155.973	485
156.024	486
156.075	455
156.125	449
156.175	433
156.225	406
156.275	395
156.325	377
156.376	357
156.426	354
156.476	342
156.526	340
156.576	345
156.627	344
156.677	360
156.727	372
156.777	381
156.827	403
156.877	410
156.929	436
156.979	451
157.029	454
157.079	476
157.129	480
157.180	479
157.230	488
157.280	469
157.330	478
157.380	469
157.430	448
157.481	443
157.531	428
157.581	407
157.631	400
157.681	379
157.731	374
157.782	366
157.833	354
157.883	357
157.933	357
157.983	354
158.034	367
158.084	370
158.134	387
158.184	401
158.234	407
158.284	430
158.335	441
158.385	450
158.435	468
158.485	465
158.535	483
158.585	485
158.636	472
158.686	481
158.737	469
158.787	455
158.837	450
158.888	423
158.938	420
158.988	403
159.038	381
159.088	376
159.138	364
159.189	350
159.239	351
159.289	342
159.339	351
159.389	358
159.439	359
159.490	380
159.540	394
159.591	408
159.641	430
159.691	435
159.742	464
159.792	476
159.842	477
159.892	496
159.942	494
159.992	493
160.043	493
160.093	468
160.143	470
160.193	454
160.243	425
160.293	417
160.344	395
160.394	374
160.444	363
160.495	342
160.545	340
160.596	335
160.646	328
160.696	339
160.746	349
160.796	356
160.846	378
160.897	389
160.947	419
160.997	439
161.047	450
161.097	479
161.148	483
161.198	501
161.248	511
161.298	496
161.348	510
161.399	499
161.450	475
161.500	470
161.550	443
161.600	422
161.650	404
161.700	373
161.751	362
161.801	346
161.851	328
161.901	326
161.951	333
162.002	322
162.052	335
162.102	341
162.152	365
162.202	386
162.252	401
162.304	433
162.354	447
162.404	475
162.454	495
162.504	494
162.554	517
162.605	517
162.655	508
162.705	509
162.755	481
162.805	475
162.856	455
162.906	420
162.956	408
163.006	384
163.056	358
163.106	346
163.157	329
163.208	320
163.258	322
163.308	319
163.358	333
163.409	346
163.459	358
163.509	386
163.559	398
163.609	429
163.659	456
163.710	465
163.760	495
163.810	504
163.860	506
163.910	518
163.960	497
164.011	506
164.061	492
164.112	463
164.162	453
164.212	429
164.263	401
164.313	386
164.363	360
164.413	348
164.463	338
164.513	327
164.564	329
164.614	333
164.664	334
164.714	353
164.764	363
164.814	389
164.865	410
164.915	424
164.965	453
165.016	467
165.066	478
165.117	496
165.167	488
165.217	504
165.267	501
165.317	482
165.367	482
165.418	464
165.468	443
165.518	431
165.568	402
165.618	394
165.668	378
165.719	357
165.769	355
165.819	349
165.869	340
165.920	348
165.971	348
166.021	363
166.071	375
166.121	382
166.171	406
166.221	419
166.272	433
166.322	453
166.372	454
166.422	475
166.472	481
166.522	474
166.573	487
166.623	479
166.673	471
166.723	467
166.773	442
166.825	442
166.875	427
166.925	402
166.975	399
167.025	386
167.075	370
167.126	368
167.176	353
167.226	359
167.276	360
167.326	356
167.377	370
167.427	379
167.477	386
167.527	403
167.577	406
167.627	431
167.678	444
167.729	448
167.779	468
167.829	471
167.879	477
167.929	484
167.980	469
168.030	479
168.080	470
168.130	450
168.180	449
168.231	429
168.281	416
168.331	404
168.381	380
168.431	377
168.481	367
168.532	353
168.582	354
168.633	357
168.683	350
168.733	360
168.783	361
168.834	382
168.884	397
168.934	405
168.984	430
169.034	439
169.085	459
169.135	475
169.185	473
169.235	494
169.285	495
169.335	485
169.386	491
169.436	470
169.487	466
169.537	454
169.587	425
169.637	418
169.688	399
169.738	376
169.788	366
169.838	351
169.888	340
169.939	339
169.989	332
170.039	342
170.089	350
170.139	356
170.189	379
170.240	387
170.290	414
170.340	438
170.391	446
170.441	476
170.492	488
170.542	490
170.592	509
170.642	491
170.692	506
170.742	499
170.793	472
170.843	471
170.893	449
170.943	422
170.993	408
171.043	376
171.094	362
171.144	349
171.194	332
171.244	329
171.295	327
171.346	322
171.396	335
171.446	342
171.496	364
171.546	385
171.596	399
171.647	432
171.697	452
171.747	466
171.797	493
171.847	489
171.897	515
171.948	518
171.998	501
172.048	510
172.098	493
172.148	472
172.200	459
172.250	426
172.300	410
172.350	388
172.400	357
172.450	348
172.501	335
172.551	320
172.601	322
172.651	317
172.701	330
172.751	343
172.802	352
172.852	381
172.902	403
172.952	422
173.002	453
173.053	461
173.104	494
173.154	506
173.204	501
173.254	520
173.304	513
173.355	504
173.405	498
173.455	467
173.505	459
173.555	435
173.605	404
173.656	389
173.706	366
173.756	344
173.806	336
173.856	322
173.907	324
173.957	327
174.008	327
174.058	346
174.108	363
174.158	379
174.209	406
174.259	417
174.309	452
174.359	471
174.409	477
174.460	501
174.510	502
174.560	507
174.610	510
174.660	489
174.710	491
174.761	473
174.811	444
174.861	434
174.912	411
174.962	388
175.012	374
175.063	352
175.113	348
175.163	341
175.213	333
175.263	339
175.314	350
175.364	352
175.414	371
175.464	378
175.514	406
175.564	424
175.615	433
175.665	460
175.715	462
175.765	482
175.816	491
175.866	482
175.917	494
175.967	487
176.017	472
176.067	468
176.117	446
176.168	435
176.218	423
176.268	397
176.318	392
176.368	379
176.418	363
176.469	361
176.519	351
176.569	352
176.619	358
176.669	357
176.721	372
176.771	383
176.821	391
176.871	410
176.921	415
176.971	436
177.022	451
177.072	449
177.122	471
177.172	475
177.222	472
177.272	482
177.323	463
177.373	471
177.423	464
177.473	440
177.523	440
177.573	425
177.625	405
177.675	400
177.725	379
177.775	373
177.825	369
177.876	355
177.926	359
177.976	358
178.026	357
178.076	370
178.126	371
178.177	388
178.227	404
178.277	408
178.327	433
178.377	445
178.428	453
178.478	471
178.529	466
178.579	485
178.629	488
178.679	474
178.730	481
178.780	470
178.830	452
178.880	448
178.930	422
178.980	416
179.031	400
179.081	376
179.131	371
179.181	359
179.231	346
179.282	347
179.332	339
179.383	348
179.433	358
179.483	363
179.533	383
179.584	398
179.634	409
179.684	435
179.734	440
179.784	469
179.834	482
179.885	482
179.935	499
179.985	498
180.035	493
180.085	494
180.136	468
180.186	468
180.236	451
180.287	421
180.337	412
180.387	391
180.438	368
180.488	357
180.538	340
180.588	336
180.638	333
180.689	326
180.739	339
180.789	350
180.839	356
180.889	382
180.939	393
180.990	424
181.040	445
181.090	453
181.140	484
181.191	493
181.241	502
181.292	514
181.342	496
181.392	508
181.442	497
181.492	473
181.543	465
181.593	440
181.643	416
181.693	398
181.743	368
181.793	357
181.844	342
181.894	324
181.944	324
181.994	335
182.044	322
182.095	338
182.146	345
182.196	372
182.246	393
182.296	407
182.346	440
182.397	455
182.447	481
182.497	501
182.547	499
182.597	519
182.647	520
182.698	505
182.748	508
182.798	478
182.848	470
182.898	450
182.948	415
183.000	402
183.050	377
183.100	348
183.150	339
183.200	331
183.251	314
183.301	319
183.351	317
183.401	331
183.451	347
183.501	360
183.552	389
183.602	407
183.652	437
183.702	464
183.752	468
183.802	503
183.853	512
183.904	511
183.954	524
184.004	501
184.054	510
184.105	495
184.155	466
184.205	452
184.255	427
184.305	396
184.355	379
184.406	350
184.456	336
184.506	328
184.556	314
184.606	318
184.657	323
184.707	326
184.757	347
184.808	358
184.858	386
184.908	414
184.959	427
185.009	463
185.059	480
185.109	490
185.159	511
185.209	500
185.260	520
185.310	515
185.360	494
185.410	492
185.460	469
185.511	442
185.561	428
185.611	393
185.661	380
185.712	362
185.762	339
185.813	335
185.863	330
185.913	322
185.963	332
186.013	334
186.063	354
186.114	372
186.164	385
186.214	412
186.264	433
186.314	450
186.365	475
186.415	473
186.465	498
186.515	504
186.565	496
186.616	502
186.667	490
186.717	476
186.767	466
186.817	435
186.867	429
186.917	410
186.968	382
187.018	375
187.068	362
187.118	347
187.168	347
187.219	340
187.269	347
187.319	353
187.369	358
187.419	377
187.469	391
187.521	402
187.571	425
187.621	430
187.671	456
187.721	467
187.772	466
187.822	484
187.872	482
187.922	481
187.972	483
188.022	463
188.073	464
188.123	451
188.173	429
188.223	424
188.273	407
188.323	391
188.374	384
188.425	365
188.475	367
188.525	362
188.575	352
188.626	361
188.676	365
188.726	368
188.776	383
188.826	386
188.876	407
188.927	420
188.977	424
189.027	448
189.077	450
189.127	465
189.177	476
189.228	468
189.278	482
189.329	479
189.379	464
189.429	467
189.480	447
189.530	440
189.580	431
189.630	406
189.680	402
189.730	389
189.781	370
189.831	367
189.881	362
189.931	352
189.981	354
190.031	351
190.082	364
190.132	373
190.183	378
190.233	400
190.283	411
190.334	427
190.384	447
190.434	450
190.484	474
190.534	482
190.584	479
190.635	494
190.685	479
190.735	485
190.785	478
190.835	453
190.885	451
190.936	433
190.986	410
191.036	399
191.087	375
191.137	362
191.188	355
191.238	341
191.288	341
191.338	341
191.388	337
191.438	352
191.489	357
191.539	374
191.589	398
191.639	406
191.689	437
191.740	454
191.790	464
191.840	488
191.890	482
191.940	506
191.991	508
192.042	491
192.092	498
192.142	483
192.192	460
192.242	451
192.292	418
192.343	407
192.393	388
192.443	360
192.493	353
192.543	340
192.594	325
192.644	328
192.694	322
192.744	336
192.794	347
192.844	356
192.896	383
192.946	403
192.996	421
193.046	451
193.096	457
193.146	490
193.197	503
193.247	498
193.297	517
193.347	512
193.397	504
193.448	500
193.498	467
193.548	463
193.598	440
193.648	408
193.698	393
193.749	370
193.800	346
193.850	336
193.900	319
193.950	320
194.001	321
194.051	320
194.101	338
194.151	355
194.201	368
194.251	398
194.302	412
194.352	447
194.402	470
194.452	477
194.502	506
194.552	510
194.603	517
194.653	523
194.704	501
194.754	506
194.804	488
194.855	457
194.905	444
194.955	417
195.005	389
195.055	370
195.105	343
195.156	335
195.206	325
195.256	314
195.306	319
195.356	326
195.406	332
195.457	352
195.507	367
195.557	397
195.608	420
195.658	436
195.709	469
195.759	481
195.809	499
195.859	515
195.909	510
195.959	520
196.010	512
196.060	494
196.110	487
196.160	458
196.210	440
196.260	420
196.311	387
196.361	374
196.411	356
196.461	335
196.512	332
196.563	335
196.613	321
196.663	333
196.713	336
196.763	358
196.813	377
196.864	390
196.914	420
196.964	435
197.014	460
197.064	479
197.114	477
197.165	502
197.215	504
197.265	494
197.315	502
197.365	479
197.417	475
197.467	460
197.517	430
197.567	423
197.617	403
197.667	378
197.718	370
197.768	351
197.818	345
197.868	345
197.918	337
197.969	348
198.019	355
198.069	361
198.119	381
198.169	388
198.219	410
198.270	430
198.321	434
198.371	460
198.421	470
198.471	470
198.521	486
198.572	475
198.622	487
198.672	482
198.722	462
198.772	462
198.823	447
198.873	429
198.923	421
198.973	397
199.023	390
199.073	380
199.124	361
199.174	363
199.225	357
199.275	352
199.325	359
199.375	357
199.426	370
199.476	383
199.526	387
199.576	410
199.626	424
199.677	430
199.727	452
199.777	450
199.827	473
199.877	480
199.927	473
199.978	485
200.028	479
200.079	468
200.129	468
200.179	441
200.229	442
200.280	427
200.330	402
200.380	397
200.430	382
200.480	364
200.531	361
200.581	348
200.631	350
200.681	351
200.731	350
200.781	364
200.832	374
200.882	382
200.932	404
200.983	408
201.033	437
201.084	454
201.134	458
201.184	481
201.234	486
201.284	489
201.334	498
201.385	481
201.435	488
201.485	476
201.535	454
201.585	447
201.635	425
201.686	404
201.736	390
201.786	365
201.836	359
201.887	347
201.938	334
201.988	336
202.038	338
202.088	338
202.138	354
202.188	360
202.239	386
202.289	405
202.339	416
202.389	446
202.439	461
202.489	477
202.540	497
202.590	492
202.640	511
202.690	510
202.740	495
202.792	497
202.842	476
202.892	460
202.942	444
202.992	412
203.042	399
203.093	378
203.143	352
203.193	343
203.243	343
203.293	320
203.343	325
203.394	323
203.444	338
203.494	353
203.544	363
203.594	392
203.645	412
203.696	436
203.746	461
203.796	470
203.846	500
203.896	510
203.947	506
203.997	521
204.047	502
204.097	505
204.147	494
204.197	463
204.248	453
204.298	428
204.348	396
204.398	380
204.448	359
204.499	337
204.549	329
204.600	316
204.650	320
204.700	323
204.750	325
204.801	345
204.851	359
204.901	384
204.951	411
205.001	422
205.052	461
205.102	481
205.152	489
205.202	513
205.252	505
205.302	522
205.353	520
205.403	499
205.453	498
205.504	476
205.554	448
205.604	431
205.655	398
205.705	378
205.755	360
205.805	337
205.855	329
205.906	323
205.956	316
206.006	323
206.056	325
206.106	344
206.156	365
206.207	380
206.257	411
206.307	434
206.357	452
206.408	481
206.458	482
206.509	509
206.559	516
206.609	505
206.659	515
206.709	504
206.760	485
206.810	475
206.860	442
206.910	430
206.960	407
207.010	379
207.061	364
207.111	349
207.161	332
207.211	331
207.261	324
207.313	332
207.363	340
207.413	346
207.463	371
207.513	390
207.563	405
207.614	432
207.664	442
207.714	472
207.764	486
207.814	484
207.864	503
207.915	499
207.965	496
208.015	495
208.065	468
208.115	467
208.165	449
208.217	421
208.267	413
208.317	393
208.367	372
208.417	365
208.468	349
208.518	349
208.568	347
208.618	342
208.668	354
208.718	363
208.769	372
208.819	391
208.869	397
208.919	422
208.969	438
209.020	444
209.070	466
209.121	471
209.171	477
209.221	486
209.271	470
209.322	482
209.372	475
209.422	456
209.472	454
209.522	438
209.572	422
209.623	413
209.673	389
209.723	387
209.773	377
209.823	362
209.874	363
209.924	361
209.975	355
210.025	365
210.075	364
210.125	381
210.176	392
210.226	398
210.276	418
210.326	429
210.376	440
210.426	457
210.477	454
210.527	476
210.577	479
210.627	472
210.677	481
210.728	467
210.778	466
210.828	460
210.879	437
210.929	434
210.979	419
211.030	398
211.080	391
211.130	379
211.180	364
211.230	360
211.281	350
211.331	355
211.381	357
211.431	356
211.481	372
211.531	383
211.582	394
211.632	413
211.682	420
211.732	444
211.783	459
211.833	462
211.884	483
211.934	476
211.984	492
212.034	494
212.084	477
212.135	481
212.185	467
212.235	447
212.285	439
212.335	409
212.385	398
212.436	385
212.486	362
212.536	356
212.586	347
212.636	336
212.687	340
212.738	336
212.788	346
212.838	362
212.888	367
212.938	395
212.989	413
213.039	427
213.089	453
213.139	458
213.189	486
213.239	498
213.290	494
213.340	509
213.390	504
213.440	490
213.490	488
213.540	462
213.592	454
213.642	434
213.692	404
213.742	392
213.792	371
213.843	348
213.893	341
213.943	326
213.993	328
214.043	328
214.093	328
214.144	346
214.194	361
214.244	373
214.294	402
214.344	416
214.394	448
214.445	469
214.496	473
214.546	503
214.596	508
214.646	510
214.697	518
214.747	498
214.797	502
214.847	486
214.897	454
214.947	445
214.998	419
215.048	393
215.098	374
215.148	347
215.198	338
215.249	327
215.299	316
215.349	320
215.400	327
215.450	330
215.500	351
215.551	363
215.601	395
215.651	418
215.701	435
215.751	467
215.801	483
215.852	498
215.902	516
215.952	506
216.002	525
216.052	518
216.103	494
216.153	493
216.203	467
216.253	445
216.304	424
216.354	389
216.405	375
216.455	353
216.505	331
216.555	324
216.605	323
216.655	312
216.706	320
216.756	326
216.806	347
216.856	367
216.906	384
216.957	417
217.007	436
217.057	462
217.107	489
217.157	489
217.208	517
217.259	522
217.309	513
217.359	521
217.409	497
217.459	491
217.509	474
217.560	439
217.610	425
217.660	400
217.710	370
217.760	356
217.811	342
217.861	322
217.911	321
217.961	314
218.011	323
218.061	334
218.113	344
218.163	370
218.213	391
218.263	412
218.313	440
218.364	451
218.414	483
218.464	497
218.514	500
218.564	515
218.614	505
218.665	512
218.715	503
218.765	475
218.815	469
218.865	447
218.915	420
218.966	404
219.017	375
219.067	360
219.117	349
219.167	335
219.218	335
219.268	333
219.318	332
219.368	345
219.418	352
219.468	372
219.519	394
219.569	403
219.619	434
219.669	451
219.719	462
219.769	482
219.820	477
219.870	497
219.921	499
219.971	485
220.021	490
220.072	476
220.122	456
220.172	449
220.222	421
220.272	413
220.322	398
220.373	375
220.423	371
220.473	361
220.523	349
220.573	352
220.623	347
220.674	356
220.724	366
220.775	369
220.825	389
220.875	403
220.926	411
220.976	434
221.026	435
221.076	460
221.126	470
221.176	467
221.227	483
221.277	481
221.327	475
221.377	478
221.427	456
221.477	458
221.528	446
221.578	421
221.628	419
221.679	404
221.729	386
221.780	381
221.830	363
221.880	363
221.930	360
221.980	352
222.030	361
222.081	367
222.131	369
222.181	386
222.231	389
222.281	413
222.332	426
222.382	431
222.432	455
222.482	464
222.532	471
222.583	484
222.634	472
222.684	487
222.734	482
222.784	464
222.834	467
222.884	451
222.935	434
222.985	424
223.035	397
223.085	393
223.135	378
223.186	360
223.236	357
223.286	351
223.336	342
223.386	349
223.436	346
223.488	364
223.538	376
223.588	384
223.638	408
223.688	422
223.738	438
223.789	460
223.839	464
223.889	487
223.939	494
223.989	489
224.040	501
224.090	486
224.140	485
224.190	477
224.240	449
224.290	444
224.341	423
224.392	394
224.442	385
224.492	371
224.542	348
224.593	343
224.643	330
224.693	333
224.743	337
224.793	337
224.843	355
224.894	373
224.944	384
224.994	410
225.044	419
225.094	453
225.144	471
225.195	477
225.245	503
225.296	496
225.346	511
225.396	513
225.447	488
225.497	495
225.547	477
225.597	448
225.647	437
225.697	407
225.748	389
225.798	371
225.848	346
225.898	338
225.948	329
225.998	317
226.049	324
226.099	323
226.149	336
226.200	357
226.250	369
226.301	399
226.351	422
226.401	440
226.451	471
226.501	475
226.551	505
226.602	515
226.652	505
226.702	523
226.752	514
226.802	496
226.852	490
226.903	454
226.953	445
227.003	421
227.053	386
227.104	373
227.155	351
227.205	329
227.255	324
227.305	313
227.355	316
227.405	323
227.456	329
227.506	350
227.556	371
227.606	388
227.656	420
227.706	432
227.757	469
227.807	490
227.857	494
227.907	518
227.957	520
228.009	518
228.059	521
228.109	494
228.159	494
228.209	472
228.259	437
228.310	424
228.360	397
228.410	370
228.460	352
228.510	329
228.561	325
228.611	319
228.661	312
228.711	322
228.761	334
228.811	344
228.862	370
228.913	384
228.963	417
229.013	443
229.063	453
229.113	487
229.164	498
229.214	509
229.264	520
229.314	504
229.364	516
229.415	505
229.465	480
229.515	469
229.565	444
229.615	418
229.665	400
229.716	369
229.766	358
229.817	343
229.867	326
229.917	328
229.967	327
230.018	326
230.068	342
230.118	349
230.168	375
230.218	396
230.269	408
230.319	439
230.369	456
230.419	473
230.469	491
230.519	490
230.570	507
230.620	506
230.671	491
230.721	494
230.771	475
230.821	458
230.872	445
230.922	415
230.972	406
231.022	387
231.072	365
231.123	359
231.173	353
231.223	340
231.273	344
231.323	340
231.373	354
231.424	365
231.474	372
231.524	395
231.575	410
231.625	424
231.676	444
231.726	447
231.776	471
231.826	478
231.876	476
231.926	489
231.977	476
232.027	481
232.077	476
232.127	452
232.177	451
232.227	436
232.278	414
232.328	408
232.378	393
232.428	377
232.479	371
232.530	356
232.580	359
232.630	357
232.680	352
232.730	364
232.780	367
232.831	378
232.881	395
232.931	400
232.981	423
233.031	436
233.081	440
233.132	463
233.182	461
233.232	478
233.282	485
233.332	471
233.384	484
233.434	475
233.484	458
233.534	457
233.584	431
233.634	424
233.685	414
233.735	388
233.785	384
233.835	371
233.885	356
233.935	354
233.986	345
234.036	348
234.086	355
234.136	355
234.186	375
234.237	387
234.288	395
234.338	420
234.388	423
234.438	453
234.488	469
234.539	468
234.589	491
234.639	494
234.689	489
234.739	496
234.789	475
234.840	478
234.890	463
234.940	435
234.990	429
235.040	408
235.091	385
235.141	374
235.192	353
235.242	346
235.292	340
235.342	329
235.393	337
235.443	344
235.493	348
235.543	369
235.593	377
235.644	406
235.694	427
235.744	436
235.794	467
235.844	480
235.894	491
235.945	507
235.995	495
236.045	511
236.096	505
236.146	482
236.196	481
236.247	459
236.297	436
236.347	419
236.397	386
236.447	375
236.498	357
236.548	337
236.598	331
236.648	327
236.698	320
236.748	330
236.799	334
236.849	356
236.899	375
236.949	390
237.000	420
237.050	439
237.101	460
237.151	485
237.201	484
237.251	513
237.301	517
237.352	507
237.402	515
237.452	498
237.502	485
237.552	470
237.602	436
237.653	423
237.703	399
237.753	370
237.803	356
237.853	347
237.905	325
237.955	323
238.005	317
238.055	326
238.105	336
238.155	345
238.206	371
238.256	393
238.306	414
238.356	441
238.406	450
238.456	484
238.507	499
238.557	498
238.607	518
238.657	502
238.707	513
238.757	505
238.809	475
238.859	470
238.909	447
238.959	416
239.009	400
239.060	379
239.110	354
239.160	343
239.210	326
239.260	327
239.310	327
239.361	325
239.411	341
239.461	351
239.511	370
239.561	395
239.612	408
239.662	440
239.713	459
239.763	470
239.813	493
239.863	489
239.914	506
239.964	509
240.014	489
240.064	496
240.114	480
240.164	454
240.215	445
240.265	415
240.315	402
240.365	385
240.415	361
240.466	357
240.516	349
240.567	336
240.617	342
240.667	341
240.717	349
240.768	366
240.818	372
240.868	395
240.918	412
240.968	421
241.018	447
241.069	449
241.119	473
241.169	483
241.219	474
241.269	491
241.320	487
241.370	476
241.420	475
241.471	451
241.521	448
241.571	435
241.622	409
241.672	405
241.722	390
241.772	372
241.822	370
241.873	354
241.923	356
241.973	358
242.023	354
242.073	366
242.123	374
242.174	379
242.224	398
242.274	402
242.324	426
242.375	440
242.425	440
242.476	464
242.526	471
242.576	472
242.626	484
242.676	469
242.727	482
242.777	474
242.827	456
242.877	454
242.927	438
242.977	420
243.028	412
243.078	388
243.128	384
243.178	372
243.228	358
243.279	357
243.330	355
243.380	348
243.430	359
243.480	359
243.530	378
243.581	390
243.631	396
243.681	421
243.731	435
243.781	447
243.831	467
243.882	465
243.932	488
243.982	493
244.032	482
244.082	493
244.132	479
244.184	470
244.234	462
244.284	433
244.334	429
244.384	411
244.435	386
244.485	376
244.535	363
244.585	346
244.635	343
244.685	335
244.736	341
244.786	347
244.836	350
244.886	370
244.936	387
244.986	401
245.037	425
245.088	435
245.138	465
245.188	480
245.238	481
245.289	503
245.339	490
245.389	505
245.439	504
245.489	481
245.539	480
245.590	461
245.640	435
245.690	421
245.740	397
245.790	374
245.841	361
245.891	338
245.941	335
245.992	329
246.042	322
246.092	331
246.143	345
246.193	352
246.243	373
246.293	384
246.343	415
246.393	438
246.444	450
246.494	481
246.544	483
246.594	508
246.644	515
246.695	501
246.745	516
246.795	504
246.845	482
246.896	474
246.946	439
246.997	427
247.047	405
247.097	373
247.147	360
247.197	344
247.247	325
247.298	323
247.348	316
247.398	320
247.448	333
247.498	340
247.549	365
247.599	386
247.649	403
247.699	435
247.749	445
247.800	480
247.851	498
247.901	497
247.951	519
248.001	518
248.051	511
248.101	511
248.152	482
248.202	477
