#Creator: pendulumdriveEventBuffer
#Creation time: Tue Apr  4 15:26:34 2017
#Time	Pos
#[s]	[au]
0.050	482
0.100	505
0.150	501
0.200	527
0.251	527
0.301	514
0.351	516
0.401	496
0.451	475
0.501	456
0.552	420
0.602	404
0.652	379
0.702	350
0.752	338
0.804	334
0.854	313
0.904	315
0.954	313
1.004	328
1.054	343
1.105	355
1.155	386
1.205	409
1.255	432
1.305	461
1.355	469
1.406	500
1.456	510
1.506	507
1.556	521
1.606	500
1.657	506
1.708	495
1.758	465
1.808	454
1.858	430
1.908	401
1.959	385
2.009	367
2.059	345
2.109	338
2.159	326
2.209	329
2.260	332
2.310	334
2.360	353
2.410	361
2.460	386
2.511	409
2.561	422
2.612	451
2.662	467
2.712	474
2.762	494
2.813	488
2.863	502
2.913	500
2.963	482
3.013	485
3.063	468
3.114	445
3.164	436
3.214	407
3.264	398
3.314	384
3.365	363
3.415	360
3.465	353
3.516	344
3.566	349
3.616	345
3.667	358
3.717	371
3.767	377
3.817	400
3.867	414
3.918	424
3.968	446
4.018	447
4.068	471
4.118	480
4.168	473
4.219	489
4.269	484
4.319	475
4.369	475
4.420	452
4.470	451
4.521	437
4.571	412
4.621	406
4.671	390
4.721	372
4.772	368
4.822	351
4.872	354
4.922	353
4.972	349
5.022	360
5.073	369
5.123	374
5.173	395
5.223	401
5.273	426
5.324	442
5.375	447
5.425	472
5.475	478
5.525	482
5.575	495
5.626	480
5.676	491
5.726	482
5.776	460
5.826	458
5.876	438
5.927	418
5.977	406
6.027	383
6.077	373
6.127	360
6.177	344
6.229	343
6.279	341
6.329	337
6.379	349
6.429	351
6.480	373
6.530	390
6.580	400
6.630	428
6.680	444
6.730	462
6.781	483
6.831	482
6.881	505
6.931	508
6.981	496
7.031	504
7.082	487
7.133	473
7.183	461
7.233	428
7.283	419
7.334	397
7.384	371
7.434	359
7.484	349
7.534	328
7.584	328
7.635	320
7.685	330
7.735	341
7.785	348
7.835	373
7.886	393
7.936	413
7.986	441
8.037	450
8.087	483
8.137	498
8.188	501
8.238	518
8.288	506
8.338	514
8.388	507
8.438	478
8.489	474
8.539	451
8.589	418
8.639	404
8.689	375
8.740	356
8.790	342
8.840	325
8.890	322
8.941	319
8.991	317
9.042	331
9.092	339
9.142	360
9.192	387
9.242	400
9.292	435
9.343	459
9.393	471
9.443	500
9.493	495
9.543	521
9.594	523
9.644	508
9.694	512
9.744	495
9.794	471
9.845	456
9.896	418
9.946	404
9.996	382
10.046	353
10.096	342
10.147	330
10.197	316
10.247	319
10.297	316
10.347	328
10.397	345
10.448	357
10.498	387
10.548	409
10.598	428
10.648	459
10.698	468
10.750	498
10.800	509
10.850	501
10.900	520
10.950	513
11.001	500
11.051	494
11.101	461
11.151	453
11.201	430
11.251	398
11.302	384
11.352	364
11.402	340
11.452	337
11.502	325
11.552	328
11.603	331
11.654	334
11.704	353
11.754	369
11.804	385
11.855	411
11.905	422
11.955	454
12.005	471
12.055	473
12.105	498
12.156	498
12.206	499
12.256	504
12.306	480
12.356	485
12.406	468
12.457	440
12.507	433
12.558	412
12.608	390
12.658	379
12.709	358
12.759	355
12.809	349
12.859	340
12.909	347
12.959	351
13.010	356
13.060	373
13.110	378
13.160	403
13.210	420
13.260	426
13.311	452
13.361	460
13.412	470
13.462	484
13.512	475
13.563	489
13.613	486
13.663	469
13.713	471
13.763	455
13.813	443
13.864	432
13.914	406
13.964	401
14.014	387
14.064	370
14.115	367
14.165	362
14.215	352
14.265	355
14.316	351
14.366	365
14.417	374
14.467	380
14.517	400
14.567	411
14.617	427
14.667	446
14.718	448
14.768	471
14.818	480
14.868	476
14.918	491
14.969	478
15.019	483
15.069	477
15.119	457
15.169	453
15.220	436
15.271	410
15.321	403
15.371	383
15.421	368
15.471	361
15.521	345
15.572	346
15.622	345
15.672	341
15.722	355
15.772	359
15.823	376
15.873	397
15.923	405
15.973	435
16.023	451
16.073	461
16.125	484
16.175	479
16.225	501
16.275	505
16.325	491
16.375	497
16.426	483
16.476	462
16.526	453
16.576	419
16.626	408
16.677	391
16.727	363
16.777	356
16.827	343
16.877	329
16.927	331
16.978	328
17.029	334
17.079	350
17.129	358
17.179	384
17.230	404
17.280	419
17.330	450
17.380	458
17.430	488
17.480	501
17.531	498
17.581	515
17.631	511
17.681	501
17.731	497
17.781	466
17.832	461
17.882	440
17.933	408
17.983	393
18.033	371
18.084	348
18.134	340
18.184	324
18.234	324
18.284	326
18.334	326
18.385	344
18.435	359
18.485	374
18.535	402
18.585	413
18.635	448
18.686	468
18.736	477
18.786	501
18.837	505
18.887	507
18.938	514
18.988	491
19.038	497
19.088	480
19.138	450
19.188	439
19.239	415
19.289	389
19.339	375
19.389	353
19.439	346
19.489	337
19.540	327
19.590	334
19.640	341
19.690	344
19.741	366
19.792	376
19.842	404
19.892	423
19.942	434
19.992	462
20.042	472
20.093	484
20.143	497
20.193	486
20.243	499
20.293	493
20.343	473
20.394	472
20.444	455
20.494	434
20.544	422
20.594	395
20.646	388
20.696	375
20.746	356
20.796	356
20.846	356
20.896	346
20.947	355
20.997	353
21.047	371
21.097	384
21.147	392
21.198	414
21.248	423
21.298	440
21.348	457
21.398	457
21.448	477
21.499	481
21.550	474
21.600	485
21.650	470
21.700	469
21.750	463
21.801	439
21.851	438
21.901	423
21.951	401
22.001	396
22.052	382
22.102	368
22.152	364
22.202	352
22.252	357
22.302	358
22.353	357
22.403	370
22.454	381
22.504	390
22.554	408
22.604	412
22.655	439
22.705	452
22.755	456
22.805	477
22.855	471
22.906	488
22.956	491
23.006	473
23.056	481
23.106	470
23.156	448
23.207	443
23.257	415
23.308	406
23.358	393
23.408	369
23.459	363
23.509	353
23.559	340
23.609	344
23.659	338
23.709	346
23.760	362
23.810	368
23.860	391
23.910	408
23.960	420
24.010	448
24.061	455
24.111	480
24.161	492
24.212	486
24.262	505
24.313	502
24.363	490
24.413	489
24.463	461
24.513	457
24.563	436
24.614	406
24.664	396
24.714	377
24.764	354
24.814	347
24.864	333
24.915	330
24.965	334
25.015	333
25.065	349
25.116	363
25.167	376
25.217	402
25.267	411
25.317	445
25.367	466
25.417	468
25.468	497
25.518	501
25.568	502
25.618	510
25.668	488
25.718	494
25.769	478
25.819	449
25.869	440
25.919	417
25.969	390
26.021	378
26.071	352
26.121	348
26.171	339
26.221	329
26.271	336
26.322	342
26.372	346
26.422	367
26.472	376
26.522	404
26.572	424
26.623	435
26.673	464
26.723	473
26.773	484
26.823	497
26.874	487
26.925	500
26.975	494
27.025	474
27.075	472
27.125	451
27.176	432
27.226	419
27.276	393
27.326	386
27.376	372
27.427	355
27.477	355
27.527	351
27.577	346
27.627	356
27.677	355
27.728	374
27.778	388
27.829	395
27.879	418
27.929	432
27.979	444
28.030	461
28.080	458
28.130	478
28.180	481
28.230	472
28.281	481
28.331	465
28.381	462
28.431	457
28.481	431
28.531	432
28.582	416
28.632	396
28.682	392
28.733	382
28.783	368
28.833	367
28.884	357
28.934	363
28.984	366
29.034	364
29.084	379
29.135	383
29.185	398
29.235	414
29.285	416
29.335	441
29.385	452
29.436	453
29.486	472
29.536	463
29.586	480
29.637	481
29.687	466
29.738	471
29.788	460
29.838	441
29.888	437
29.938	411
29.989	404
30.039	394
30.089	373
30.139	369
30.189	361
30.239	350
30.290	354
30.340	348
30.390	358
30.440	370
30.490	374
30.542	396
30.592	410
30.642	422
30.692	446
30.742	451
30.792	474
30.843	485
30.893	477
30.943	497
30.993	492
31.043	483
31.093	481
31.144	454
31.194	451
31.244	435
31.294	409
31.344	398
31.395	381
31.446	359
31.496	353
31.546	338
31.596	338
31.646	341
31.697	339
31.747	355
31.797	368
31.847	379
31.897	403
31.947	414
31.998	443
32.048	463
32.098	465
32.148	493
32.198	497
32.249	498
32.299	506
32.350	483
32.400	490
32.450	477
32.500	450
32.551	440
32.601	418
32.651	392
32.701	379
32.751	353
32.801	348
32.852	341
32.902	331
32.952	336
33.002	343
33.052	349
33.103	366
33.153	375
33.204	403
33.254	423
33.304	434
33.354	462
33.405	474
33.455	483
33.505	499
33.555	487
33.605	503
33.655	496
33.706	474
33.756	472
33.806	451
33.856	431
33.906	418
33.957	389
34.007	382
34.057	368
34.108	352
34.158	350
34.208	347
34.259	342
34.309	353
34.359	354
34.409	375
34.459	389
34.510	396
34.560	423
34.610	435
34.660	449
34.710	467
34.760	462
34.811	483
34.861	485
34.911	475
34.961	482
35.012	467
35.062	460
35.113	452
35.163	425
35.213	425
35.263	410
35.313	390
35.364	386
35.414	378
35.464	364
35.514	365
35.564	357
35.614	366
35.665	370
35.715	372
35.765	387
35.815	396
35.865	406
35.916	422
35.967	424
36.017	447
36.067	457
36.117	456
36.167	473
36.218	464
36.268	474
36.318	476
36.368	459
36.418	464
36.468	453
36.519	432
36.569	429
36.619	407
36.669	400
36.719	391
36.769	372
36.821	370
36.871	364
36.921	354
36.971	360
37.021	359
37.072	366
37.122	379
37.172	380
37.222	404
37.272	418
37.322	424
37.373	449
37.423	450
37.473	472
37.523	482
37.573	473
37.623	489
37.674	485
37.725	470
37.775	473
37.825	447
37.875	442
37.926	429
37.976	402
38.026	395
38.076	379
38.126	360
38.176	356
38.227	341
38.277	344
38.327	347
38.377	347
38.427	363
38.478	375
38.528	386
38.578	410
38.629	419
38.679	448
38.729	465
38.780	466
38.830	491
38.880	493
38.930	493
38.980	501
39.030	481
39.081	484
39.131	469
39.181	443
39.231	434
39.281	412
39.332	389
39.382	377
39.432	354
39.482	350
39.533	343
39.583	334
39.634	341
39.684	348
39.734	353
39.784	373
39.834	383
39.884	409
39.935	429
39.985	436
40.035	465
40.085	476
40.135	485
40.186	498
40.236	486
40.286	498
40.336	491
40.386	468
40.437	467
40.488	447
40.538	426
40.588	413
40.638	386
40.688	380
40.739	366
40.789	351
40.839	351
40.889	349
40.939	347
40.989	358
41.040	359
41.090	380
41.140	395
41.190	402
41.240	427
41.290	439
41.342	452
41.392	469
41.442	463
41.492	483
41.542	483
41.593	471
41.643	478
41.693	467
41.743	456
41.793	447
41.843	422
41.894	421
41.944	407
41.994	387
42.044	385
42.094	377
42.144	366
42.195	367
42.246	360
42.296	369
42.346	374
42.396	377
42.447	391
42.497	399
42.547	410
42.597	426
42.647	428
42.697	449
42.748	456
42.798	458
42.848	472
42.898	463
42.948	473
42.998	472
43.049	456
43.099	460
43.150	449
43.200	430
43.250	426
43.301	409
43.351	396
43.401	389
43.451	370
43.501	371
43.551	365
43.602	357
43.652	363
43.702	359
43.752	370
43.802	383
43.852	387
43.903	408
43.953	422
44.004	431
44.054	452
44.104	453
44.155	473
44.205	482
44.255	475
44.305	487
44.355	481
44.405	469
44.456	467
44.506	442
44.556	436
44.606	423
44.656	400
44.707	390
44.757	375
44.807	357
44.857	356
44.908	341
44.958	342
45.009	351
45.059	351
45.109	369
45.159	383
45.209	392
45.259	418
45.310	422
45.360	452
45.410	468
45.460	469
45.510	492
45.561	494
45.611	489
45.661	495
45.711	473
45.761	476
45.812	460
45.863	432
45.913	425
45.963	405
46.013	384
46.063	373
46.113	352
46.164	349
46.214	346
46.264	339
46.314	348
46.364	357
46.415	362
46.465	383
46.515	391
46.565	418
46.615	436
46.665	443
46.717	469
46.767	477
46.817	482
46.867	493
46.917	477
46.967	489
47.018	480
47.068	456
47.118	455
47.168	438
47.218	417
47.269	408
47.319	384
47.369	380
47.419	369
47.469	356
47.519	358
47.570	359
47.621	354
47.671	368
47.721	369
47.771	389
47.822	402
47.872	407
47.922	430
47.972	439
48.022	449
48.072	463
48.123	459
48.173	475
48.223	475
48.273	464
48.323	470
48.373	459
48.424	451
48.474	443
48.525	422
48.575	421
48.625	409
48.676	390
48.726	389
48.776	381
48.826	372
48.876	373
48.926	363
48.977	373
49.027	377
49.077	376
49.127	392
49.177	401
49.227	408
49.278	424
49.328	423
49.378	447
49.429	455
49.479	454
49.530	470
49.580	463
49.630	470
49.680	471
49.730	454
49.780	460
49.831	449
49.881	429
49.931	426
49.981	409
50.031	396
50.081	389
50.132	372
50.182	370
50.232	365
50.282	355
50.333	363
50.384	367
50.434	370
50.484	384
50.534	385
50.584	411
50.634	425
50.685	432
50.735	455
50.785	455
50.835	475
50.885	484
50.935	476
50.986	488
51.036	482
51.086	468
51.136	465
51.186	438
51.238	433
51.288	418
51.338	393
51.388	386
51.438	371
51.488	355
51.539	353
51.589	342
51.639	345
51.689	353
51.739	353
51.790	373
51.840	388
51.890	398
51.940	423
51.990	430
52.040	458
52.091	473
52.142	474
52.192	493
52.242	493
52.292	486
52.342	492
52.393	470
52.443	469
52.493	454
52.543	428
52.593	418
52.644	400
52.694	378
52.744	369
52.794	351
52.844	349
52.894	348
52.945	342
52.995	353
53.046	363
53.096	369
53.146	391
53.196	396
53.247	424
53.297	441
53.347	446
53.397	470
53.447	477
53.498	478
53.548	490
53.598	474
53.648	484
53.698	474
53.748	451
53.799	449
53.849	431
53.900	412
53.950	404
54.000	382
54.051	379
54.101	370
54.151	356
54.201	362
54.251	363
54.301	362
54.352	374
54.402	375
54.452	395
54.502	406
54.552	412
54.602	433
54.653	441
54.703	448
54.753	463
54.804	453
54.854	472
54.905	472
54.955	459
55.005	466
55.055	456
55.105	444
55.155	441
55.206	416
55.256	419
55.306	408
55.356	389
55.406	390
55.456	381
55.507	373
55.557	374
55.607	367
55.657	376
55.708	380
55.759	380
55.809	394
55.859	403
55.909	408
55.959	425
56.009	424
56.060	446
56.110	455
56.160	453
56.210	469
56.260	463
56.310	468
56.361	470
56.411	452
56.461	458
56.511	447
56.561	428
56.613	425
56.663	408
56.713	394
56.763	388
56.813	369
56.863	371
56.914	365
56.964	357
57.014	365
57.064	371
57.114	372
57.164	387
57.215	390
57.265	413
57.315	426
57.365	433
57.415	455
57.466	457
57.517	474
57.567	483
57.617	472
57.667	486
57.717	480
57.768	464
57.818	463
57.868	435
57.918	430
57.968	417
58.019	392
58.069	385
58.119	371
58.169	356
58.219	354
58.269	344
58.320	345
58.370	356
58.421	357
58.471	376
58.521	390
58.571	401
58.622	425
58.672	430
58.722	458
58.772	473
58.822	475
58.873	491
58.923	493
58.973	486
59.023	489
59.073	465
59.123	466
59.174	450
59.224	422
59.274	416
59.325	398
59.375	376
59.425	369
59.476	351
59.526	350
59.576	350
59.626	344
59.676	356
59.727	366
59.777	372
59.827	394
59.877	398
59.927	428
59.977	443
60.028	446
60.078	471
60.128	477
60.178	478
60.229	488
60.279	472
60.330	480
60.380	470
60.430	448
60.480	445
60.530	429
60.581	410
60.631	402
60.681	380
60.731	378
60.781	370
60.831	358
60.882	363
60.932	366
60.982	364
61.032	378
61.082	378
61.134	399
61.184	411
61.234	415
61.284	435
61.334	443
61.384	449
61.435	463
61.485	456
61.535	471
61.585	470
61.635	457
61.685	463
61.736	451
61.786	440
61.836	437
61.886	417
61.936	416
61.987	405
62.038	387
62.088	389
62.138	381
62.188	373
62.238	376
62.289	367
62.339	378
62.389	383
62.439	382
62.489	397
62.539	405
62.590	414
62.640	428
62.690	428
62.740	448
62.790	455
62.841	454
62.891	468
62.942	464
62.992	464
63.042	467
63.092	448
63.143	454
63.193	444
63.243	424
63.293	423
63.343	411
63.393	394
63.444	388
63.494	371
63.544	371
63.594	367
63.644	360
63.695	368
63.745	373
63.796	374
63.846	390
63.896	393
63.946	415
63.997	429
64.047	434
64.097	456
64.147	456
64.197	473
64.247	481
64.298	469
64.348	483
64.398	477
64.448	459
64.498	459
64.549	437
64.599	428
64.649	415
64.700	392
64.750	385
64.800	371
64.851	355
64.901	356
64.951	351
65.001	348
65.051	359
65.102	360
65.152	380
65.202	394
65.252	404
65.302	428
65.352	433
65.403	458
65.453	473
65.503	470
65.553	491
65.604	491
65.654	481
65.705	486
65.755	461
65.805	460
65.855	447
65.905	422
65.956	414
66.006	395
66.056	376
66.106	369
66.156	352
66.206	352
66.257	351
66.307	347
66.357	360
66.407	369
66.457	374
66.508	397
66.559	402
66.609	429
66.659	447
66.709	450
66.759	472
66.810	477
66.860	477
66.910	486
66.960	471
67.010	477
67.060	467
67.111	444
67.161	442
67.211	426
67.261	406
67.311	398
67.361	380
67.413	376
67.463	370
67.513	358
67.563	365
67.613	367
67.664	366
67.714	381
67.764	383
67.814	402
67.864	415
67.914	416
67.965	439
68.015	447
68.065	452
68.115	465
68.165	456
68.215	470
68.266	468
68.317	453
68.367	459
68.417	449
68.467	437
68.518	433
68.568	412
68.618	412
68.668	403
68.718	385
68.768	388
68.819	382
68.869	374
68.919	378
68.969	371
69.019	382
69.070	387
69.120	386
69.170	402
69.221	409
69.271	416
69.321	431
69.372	427
69.422	449
69.472	456
69.522	450
69.572	465
69.622	461
69.673	461
69.723	463
69.773	445
69.823	450
69.873	440
69.924	419
69.974	419
70.024	405
70.074	393
70.125	388
70.175	371
70.226	374
70.276	370
70.326	364
70.376	372
70.426	378
70.476	380
70.527	394
70.577	395
70.627	418
70.677	431
70.727	436
70.778	457
70.828	455
70.878	471
70.928	479
70.978	466
71.029	479
71.080	471
71.130	457
71.180	455
71.230	431
71.280	424
71.331	412
71.381	388
71.431	384
71.481	372
71.531	356
71.581	358
71.632	349
71.682	354
71.732	365
71.782	366
71.832	385
71.882	399
71.934	408
71.984	431
72.034	437
72.084	460
72.134	473
72.185	467
72.235	488
72.285	487
72.335	476
72.385	481
72.435	457
72.486	456
72.536	442
72.586	416
72.636	410
72.686	393
72.736	372
72.787	368
72.838	352
72.888	352
72.938	355
72.988	350
73.039	365
73.089	375
73.139	380
73.189	403
73.239	408
73.289	434
73.340	449
73.390	450
73.440	473
73.490	477
73.540	477
73.590	483
73.641	466
73.691	472
73.742	462
73.792	441
73.842	437
73.893	421
73.943	403
73.993	396
74.043	376
74.093	376
74.143	370
74.194	361
74.244	367
74.294	371
74.344	372
74.394	385
74.444	386
74.495	406
74.545	418
74.596	422
74.646	441
74.696	447
74.747	452
74.797	464
74.847	455
74.897	468
74.947	465
74.997	449
75.048	455
75.098	445
75.148	432
75.198	429
75.248	410
75.299	410
75.349	401
75.399	386
75.449	388
75.500	383
75.550	376
75.601	380
75.651	374
75.701	386
75.751	391
75.801	390
75.851	406
75.902	412
75.952	417
76.002	432
76.052	429
76.102	449
76.153	454
76.203	450
76.253	463
76.303	459
76.353	457
76.404	459
76.455	443
76.505	447
76.555	437
76.605	418
76.655	418
76.705	405
76.756	392
76.806	389
76.856	372
76.906	376
76.956	373
77.007	365
77.057	375
77.107	381
77.157	384
77.207	396
77.257	398
77.309	419
77.359	431
77.409	436
77.459	456
77.509	455
77.559	468
77.610	477
77.660	462
77.710	476
77.760	470
77.810	454
77.861	453
77.911	433
77.961	421
78.011	412
78.061	389
78.111	386
78.162	373
78.213	360
78.263	360
78.313	351
78.363	356
78.414	366
78.464	366
78.514	387
78.564	400
78.614	407
78.664	431
78.715	439
78.765	458
78.815	472
78.865	467
78.915	487
78.965	486
79.016	478
79.066	480
79.117	459
79.167	455
79.217	442
79.268	416
79.318	410
79.368	394
79.418	373
79.468	369
79.518	353
79.569	350
79.619	355
79.669	350
79.719	364
79.769	375
79.819	382
79.870	403
79.920	408
79.970	434
80.021	450
80.071	450
80.122	474
80.172	477
80.222	475
80.272	485
80.322	467
80.372	474
80.423	463
80.473	442
80.523	436
80.573	421
80.623	401
80.673	394
80.724	373
80.774	372
80.824	367
80.874	356
80.925	365
80.976	368
81.026	369
81.076	385
81.126	387
81.176	408
81.226	421
81.277	423
81.327	445
81.377	452
81.427	457
81.477	468
81.527	457
81.578	471
81.628	467
81.678	453
81.728	455
81.778	443
81.830	430
81.880	426
81.930	407
81.980	405
82.030	396
82.080	381
82.131	384
82.181	380
82.231	374
82.281	380
82.331	374
82.382	388
82.432	394
82.482	394
82.532	410
82.582	415
82.632	422
82.683	437
82.734	432
82.784	452
82.834	457
82.884	451
82.934	463
82.985	459
83.035	456
83.085	456
83.135	436
83.185	442
83.236	433
83.286	417
83.336	414
83.386	403
83.436	391
83.486	388
83.537	376
83.587	378
83.638	376
83.688	370
83.738	379
83.788	383
83.839	388
83.889	402
83.939	403
83.989	423
84.039	434
84.090	438
84.140	456
84.190	463
84.240	465
84.290	475
84.340	463
84.391	473
84.441	466
84.492	450
84.542	449
84.592	431
84.643	419
84.693	410
84.743	388
84.793	386
84.843	375
84.893	360
84.944	362
84.994	363
85.044	358
85.094	369
85.144	370
85.194	390
85.245	403
85.295	411
85.345	434
85.396	442
85.446	457
85.497	473
85.547	466
85.597	486
85.647	485
85.697	473
85.747	477
85.798	459
85.848	452
85.898	440
85.948	414
85.998	409
86.048	392
86.099	372
86.149	369
86.199	353
86.249	352
86.300	357
86.351	353
86.401	367
86.451	377
86.501	384
86.551	405
86.601	409
86.652	434
86.702	452
86.752	450
86.802	475
86.852	479
86.902	476
86.953	485
87.003	466
87.053	472
87.103	461
87.153	435
87.205	435
87.255	419
87.305	400
87.355	393
87.405	373
87.455	372
87.506	368
87.556	358
87.606	366
87.656	370
87.706	372
87.756	386
87.807	389
87.857	410
87.907	422
87.957	425
88.007	446
88.058	453
88.109	454
88.159	468
88.209	457
88.259	469
88.309	466
88.360	448
88.410	454
88.460	442
88.510	428
88.560	426
88.611	407
88.661	406
88.711	397
88.761	382
88.811	385
88.861	382
88.912	374
88.962	382
89.013	377
89.063	388
89.113	394
89.163	393
89.214	411
89.264	418
89.314	422
89.364	436
89.414	432
89.465	452
89.515	456
89.565	447
89.615	463
89.665	458
89.715	454
89.766	456
89.816	437
89.866	442
89.917	433
89.967	414
90.017	414
90.068	402
90.118	389
90.168	388
90.218	373
90.268	378
90.319	375
90.369	370
90.419	380
90.469	383
90.519	386
90.569	403
90.620	404
90.670	425
90.720	437
90.770	436
90.821	458
90.871	462
90.922	466
90.972	475
91.022	461
91.072	473
91.122	465
91.173	448
91.223	447
91.273	429
91.323	416
91.373	407
91.423	384
91.474	383
91.524	373
91.574	361
91.624	363
91.674	365
91.726	360
91.776	372
91.826	374
91.876	394
91.926	407
91.976	414
92.027	438
92.077	445
92.127	461
92.177	475
92.227	471
92.277	486
92.328	483
92.378	472
92.428	474
92.478	455
92.528	448
92.579	435
92.630	410
92.680	404
92.730	389
92.780	368
92.830	367
92.881	351
92.931	352
92.981	358
93.031	357
93.081	370
93.131	381
93.182	388
93.232	411
93.282	416
93.332	439
93.382	456
93.433	456
93.483	477
93.534	481
93.584	476
93.634	484
93.684	465
93.735	468
93.785	458
93.835	433
93.885	430
93.935	414
93.985	393
94.036	389
94.086	370
94.136	368
94.186	366
94.236	357
94.287	367
94.337	372
94.388	373
94.438	391
94.488	392
94.538	412
94.589	427
94.639	429
94.689	450
94.739	457
94.789	457
94.839	470
94.890	457
94.940	469
94.990	465
95.040	450
95.090	451
95.141	439
95.191	425
95.241	421
95.292	400
95.342	400
95.392	394
95.443	380
95.493	383
95.543	380
95.593	376
95.643	383
95.694	377
95.744	392
95.794	398
95.844	399
95.894	415
95.944	421
95.995	426
96.045	441
96.095	438
96.145	454
96.196	458
96.246	450
96.297	462
96.347	457
96.397	451
96.447	453
96.497	435
96.548	438
96.598	429
96.648	412
96.698	410
96.748	399
96.798	386
96.849	386
96.899	372
96.949	377
96.999	377
97.049	369
97.100	383
97.151	387
97.201	391
97.251	407
97.301	407
97.351	430
97.402	440
97.452	440
97.502	461
97.552	462
97.602	467
97.652	474
97.703	461
97.753	470
97.803	463
97.853	444
97.903	442
97.953	429
98.005	411
98.055	403
98.105	382
98.155	380
98.205	371
98.256	360
98.306	363
98.356	367
98.406	363
98.456	376
98.506	377
98.557	399
98.607	413
98.657	418
98.707	443
98.757	447
98.807	465
98.858	477
98.909	467
98.959	485
99.009	482
99.059	468
99.110	470
99.160	447
99.210	441
99.260	429
99.310	403
99.360	398
99.411	385
99.461	367
99.511	365
99.561	359
99.611	356
99.662	362
99.712	360
99.762	377
99.813	387
99.863	395
99.913	418
99.964	423
100.014	444
100.064	459
100.114	458
100.164	477
100.214	479
100.265	472
100.315	479
100.365	457
100.415	460
100.465	451
100.516	429
100.566	425
100.616	410
100.666	392
100.717	387
100.767	370
100.818	370
100.868	369
100.918	361
100.968	373
101.018	378
101.068	381
101.119	396
101.169	397
101.219	418
101.269	430
101.319	433
101.370	450
101.420	455
101.470	456
101.520	466
101.570	453
101.621	464
101.672	460
101.722	441
101.772	447
101.822	437
101.872	422
101.923	420
101.973	400
102.023	402
102.073	396
102.123	382
102.173	385
102.224	383
102.274	377
102.324	386
102.374	380
102.424	394
102.474	400
102.526	400
102.576	415
102.626	421
102.676	426
102.726	440
102.777	433
102.827	454
102.877	457
102.927	451
102.977	461
103.027	456
103.078	450
103.128	451
103.178	432
103.228	437
103.278	428
103.328	409
103.379	410
103.430	399
103.480	387
103.530	385
103.580	372
103.631	378
103.681	377
103.731	371
103.781	383
103.831	389
103.881	392
103.932	409
103.982	407
104.032	432
104.082	442
104.132	443
104.182	462
104.233	463
104.283	467
104.334	475
104.384	460
104.434	469
104.485	461
104.535	443
104.585	441
104.635	425
104.685	409
104.735	401
104.786	379
104.836	378
104.886	370
104.936	357
104.986	363
105.036	367
105.087	364
105.137	378
105.188	379
105.238	402
105.288	415
105.339	420
105.389	446
105.439	450
105.489	466
105.539	478
105.589	468
105.640	485
105.690	482
105.740	467
105.790	468
105.840	447
105.891	439
105.941	427
105.991	401
106.041	397
106.092	383
106.142	363
106.193	364
106.243	361
106.293	354
106.343	361
106.393	360
106.443	378
106.494	389
106.544	396
106.594	419
106.644	423
106.694	446
106.745	462
106.795	457
106.845	479
106.895	480
106.945	472
106.996	479
107.047	461
107.097	460
107.147	449
107.197	425
107.247	423
107.297	407
107.348	389
107.398	384
107.448	370
107.498	366
107.548	368
107.599	360
107.649	372
107.699	378
107.749	382
107.799	397
107.849	399
107.901	417
107.951	433
108.001	436
108.051	453
108.101	459
108.151	459
108.202	468
108.252	456
108.302	465
108.352	460
108.402	442
108.453	446
108.503	434
108.553	420
108.603	417
108.653	397
108.703	400
108.754	393
108.805	378
108.855	385
108.905	383
108.955	376
109.006	385
109.056	380
109.106	394
109.156	402
109.206	401
109.256	418
109.307	425
109.357	428
109.407	443
109.457	437
109.507	455
109.557	458
109.608	450
109.658	461
109.709	457
109.759	448
109.809	450
109.860	431
109.910	435
109.960	426
110.010	408
110.060	407
110.110	398
110.161	385
110.211	385
110.261	372
110.311	378
110.361	378
110.411	372
110.462	386
110.512	391
110.562	397
110.613	411
110.663	411
110.714	434
110.764	444
110.814	445
110.864	463
110.914	463
110.964	467
111.015	473
111.065	460
111.115	466
111.165	458
111.215	438
111.265	437
111.316	421
111.366	405
111.416	398
111.466	378
111.517	376
111.568	369
111.618	359
111.668	364
111.718	373
111.768	366
111.818	382
111.869	385
111.919	405
111.969	419
112.019	423
112.069	449
112.119	451
112.170	468
112.220	479
112.270	470
112.320	484
112.370	479
112.422	464
112.472	464
112.522	445
112.572	432
112.622	421
112.672	400
112.723	393
112.773	381
112.823	363
112.873	364
112.923	362
112.974	357
113.024	365
113.074	366
113.124	382
113.174	395
113.224	402
113.275	424
113.326	431
113.376	449
113.426	464
113.476	459
113.526	478
113.577	479
113.627	470
113.677	474
113.727	455
113.777	454
113.828	444
113.878	420
113.928	418
113.978	404
114.028	387
114.078	385
114.129	368
114.179	368
114.230	371
114.280	364
114.330	377
114.380	383
114.431	384
114.481	402
114.531	402
114.581	420
114.631	434
114.682	432
114.732	453
114.782	456
114.832	456
114.882	465
114.932	451
114.983	460
115.033	456
115.084	438
115.134	443
115.184	433
115.235	418
115.285	417
115.335	397
115.385	400
115.435	394
115.485	381
115.536	387
115.586	385
115.636	380
115.686	388
115.736	383
115.786	395
115.837	403
115.887	402
115.937	418
115.988	425
116.038	428
116.089	443
116.139	435
116.189	453
116.239	457
116.289	450
116.339	460
116.390	455
116.440	448
116.490	449
116.540	430
116.590	434
116.640	425
116.691	408
116.741	407
116.791	397
116.841	384
116.892	385
116.943	372
116.993	378
117.043	379
117.093	374
117.143	387
117.193	393
117.244	396
117.294	412
117.344	414
117.394	434
117.444	445
117.494	444
117.545	463
117.595	466
117.645	466
117.695	473
117.745	456
117.797	466
117.847	457
117.897	435
117.947	436
117.997	419
118.047	403
118.098	397
118.148	376
118.198	376
118.248	369
118.298	358
118.348	365
118.399	367
118.449	368
118.499	383
118.549	384
118.599	408
118.650	422
118.701	426
118.751	451
118.801	457
118.851	468
118.901	479
118.952	472
119.002	483
119.052	479
119.102	462
119.152	463
119.203	442
119.253	431
119.303	420
119.353	395
119.403	391
119.453	379
119.504	364
119.554	364
119.605	365
119.655	357
119.705	366
119.755	367
119.806	385
119.856	397
119.906	403
119.956	426
120.006	433
120.057	450
120.107	464
120.157	458
120.207	478
120.257	479
120.307	470
120.358	474
120.408	455
120.458	452
120.509	443
120.559	419
120.609	417
120.660	403
120.710	388
120.760	384
120.810	371
120.860	369
120.911	371
120.961	366
121.011	378
121.061	383
121.111	386
121.161	404
121.212	404
121.262	422
121.312	436
121.362	434
121.413	454
121.463	458
121.514	454
121.564	465
121.614	451
121.664	460
121.714	456
121.765	439
121.815	442
121.865	431
121.915	416
121.965	415
122.015	396
122.066	398
122.116	393
122.166	381
122.216	386
122.266	385
122.318	380
122.368	389
122.418	386
122.468	396
122.518	404
122.568	402
122.619	420
122.669	427
122.719	429
122.769	444
122.819	437
122.869	454
122.920	458
122.970	448
123.020	460
123.070	455
123.120	446
123.171	449
123.222	428
123.272	432
123.322	424
123.372	404
123.422	405
123.473	396
123.523	384
123.573	384
123.623	371
123.673	378
123.723	379
123.774	376
123.824	387
123.874	394
123.924	398
123.974	415
124.025	414
124.075	436
124.126	447
124.176	446
124.226	465
124.276	467
124.327	467
124.377	474
124.427	457
124.477	464
124.527	455
124.577	432
124.628	432
124.678	417
124.728	401
124.778	394
124.828	376
124.879	375
124.929	368
124.980	358
125.030	365
125.080	367
125.130	369
125.181	385
125.231	386
125.281	411
125.331	424
125.381	429
125.431	453
125.482	459
125.532	469
125.582	480
125.632	468
125.682	482
125.733	477
125.783	458
125.833	459
125.884	442
125.934	426
125.984	417
126.035	391
126.085	389
126.135	377
126.185	362
126.235	364
126.286	366
126.336	360
126.386	368
126.436	368
126.486	388
126.536	401
126.587	406
126.637	430
126.687	437
126.737	451
126.788	466
126.838	460
126.889	477
126.939	476
126.989	467
127.039	469
127.089	452
127.140	448
127.190	440
127.240	415
127.290	415
127.340	403
127.390	387
127.441	385
127.491	375
127.541	372
127.591	375
127.641	368
127.692	381
127.743	387
127.793	388
127.843	405
127.893	407
127.943	422
127.994	435
128.044	432
128.094	451
128.144	454
128.194	450
128.244	462
128.295	450
128.345	456
128.395	455
128.445	438
128.495	442
128.545	433
128.597	417
128.647	417
128.697	399
128.747	398
128.797	397
128.848	383
128.898	388
128.948	386
128.998	379
129.048	387
129.098	381
129.149	394
129.199	402
129.249	402
129.299	418
129.349	425
129.399	429
129.450	444
129.501	439
129.551	456
129.601	460
129.651	451
129.702	463
129.752	460
129.802	449
129.852	451
129.902	434
129.952	432
130.003	423
130.053	402
130.103	403
130.153	393
130.203	379
130.254	379
130.304	366
130.354	372
130.405	375
130.455	371
130.505	386
130.556	394
130.606	400
130.656	418
130.706	421
130.756	444
130.806	455
130.857	453
130.907	472
130.957	472
131.007	472
131.057	477
131.108	457
131.158	463
131.208	452
131.258	431
131.309	427
131.359	411
131.410	392
131.460	386
131.510	368
131.560	368
131.610	363
131.660	357
131.711	365
131.761	370
131.811	374
131.861	391
131.911	395
131.962	419
132.012	434
132.062	438
132.112	461
132.162	466
132.213	474
132.264	483
132.314	467
132.364	479
132.414	472
132.464	452
132.515	451
132.565	438
132.615	418
132.665	409
132.715	386
132.765	384
132.816	375
132.866	361
132.916	366
132.966	369
133.016	365
133.066	377
133.118	378
133.168	398
133.218	409
133.268	413
133.318	435
133.369	439
133.419	452
133.469	464
133.519	457
133.569	471
133.619	469
133.670	458
133.720	462
133.770	445
133.820	442
133.870	435
133.920	416
133.971	414
134.022	404
134.072	388
134.122	389
134.172	383
134.223	378
134.273	382
134.323	374
134.373	387
134.423	392
134.473	391
134.524	407
134.574	407
134.624	420
134.674	431
134.724	426
134.774	447
134.825	449
134.875	449
134.926	458
134.976	447
135.026	456
135.077	455
135.127	439
135.177	444
135.227	436
135.277	420
135.327	422
135.378	402
135.428	401
135.478	399
135.528	384
135.578	388
135.628	384
135.679	376
135.729	385
135.780	377
135.830	389
135.880	397
135.931	395
135.981	415
136.031	424
136.081	426
136.131	444
136.181	440
136.232	459
136.282	465
136.332	454
136.382	468
136.432	463
136.483	454
136.533	454
136.583	432
136.633	433
136.684	422
136.734	402
136.785	399
136.835	388
136.885	373
136.935	373
136.985	364
137.035	368
137.086	372
137.136	370
137.186	386
137.236	395
137.286	402
137.337	422
137.387	425
137.437	448
137.487	460
137.537	458
137.588	477
137.639	476
137.689	472
137.739	477
137.789	456
137.839	460
137.889	448
137.940	425
137.990	421
138.040	406
138.090	387
138.140	382
138.191	366
138.241	366
138.291	363
138.341	356
138.391	367
138.441	375
138.493	379
138.543	398
138.593	402
138.643	425
138.693	440
138.743	442
138.794	464
138.844	469
138.894	471
138.944	480
138.994	466
139.045	474
139.095	465
139.145	446
139.195	443
139.245	427
139.295	412
139.346	404
139.397	382
139.447	383
139.497	376
139.547	364
139.598	370
139.648	373
139.698	374
139.748	385
139.798	386
139.848	404
139.899	415
139.949	420
139.999	438
140.049	441
140.099	452
140.149	461
140.200	452
140.250	466
140.301	464
140.351	449
140.401	456
140.452	439
140.502	435
140.552	431
140.602	412
140.652	412
140.702	403
140.753	390
140.803	392
140.853	383
140.903	384
140.953	385
141.003	380
141.054	390
141.104	395
141.154	394
141.205	408
141.255	411
141.306	420
141.356	431
141.406	428
141.456	444
141.506	448
141.556	446
141.607	457
141.657	447
141.707	455
141.757	455
141.807	437
141.857	445
141.908	436
141.958	422
142.008	421
142.058	403
142.109	401
142.160	396
142.210	384
142.260	385
142.310	381
142.360	375
142.410	382
142.461	376
142.511	388
142.561	399
142.611	397
142.661	417
142.711	426
142.762	432
142.812	448
142.862	445
142.912	464
142.962	468
143.014	456
143.064	470
143.114	464
143.164	453
143.214	452
143.264	431
143.315	429
143.365	417
143.415	395
143.465	394
143.515	382
143.566	368
143.616	369
143.666	360
143.716	366
143.766	370
143.816	369
143.867	388
143.918	399
143.968	408
144.018	427
144.068	428
144.118	454
144.169	465
144.219	464
144.269	481
144.319	480
144.369	474
144.420	477
144.470	455
144.520	458
144.570	445
144.620	421
144.670	415
144.721	399
144.771	381
144.822	376
144.872	360
144.922	362
144.972	361
145.023	357
145.073	367
145.123	375
145.173	381
145.223	401
145.274	405
145.324	432
145.374	445
145.424	447
145.474	469
145.524	473
145.575	474
145.625	482
145.676	465
145.726	474
145.776	463
145.827	443
145.877	439
145.927	423
145.977	406
146.027	399
146.077	377
146.128	378
146.178	372
146.228	362
146.278	368
146.328	371
146.378	373
146.429	386
146.479	389
146.529	408
146.580	420
146.630	422
146.681	443
146.731	448
146.781	455
146.831	465
146.881	457
146.931	468
146.982	464
147.032	451
147.082	454
147.132	443
147.182	432
147.232	427
147.283	407
147.333	408
147.383	400
147.433	385
147.484	388
147.535	383
147.585	380
147.635	385
147.685	379
147.735	392
147.785	397
147.836	396
147.886	411
147.936	415
147.986	423
148.036	434
148.086	430
148.137	447
148.187	451
148.237	448
148.287	457
148.337	447
148.389	452
148.439	451
148.489	438
148.539	440
148.589	432
148.639	417
148.690	416
148.740	399
148.790	398
148.840	394
148.890	381
148.940	385
148.991	382
149.041	375
149.091	385
149.141	380
149.191	390
149.242	402
149.293	400
149.343	422
149.393	429
149.443	434
149.493	451
149.544	447
149.594	461
149.644	467
149.694	458
149.744	467
149.795	461
149.845	448
149.895	447
149.945	427
149.995	424
150.045	412
150.096	393
150.146	390
150.197	379
150.247	366
150.297	369
150.347	360
150.398	368
150.448	374
150.498	375
150.548	392
150.598	403
150.649	411
150.699	432
150.749	432
150.799	457
150.849	467
150.899	461
150.950	479
151.000	477
151.050	470
151.101	472
151.151	450
151.201	452
151.252	438
151.302	414
151.352	410
151.402	395
151.452	378
151.503	374
151.553	359
151.603	363
151.653	363
151.703	359
151.753	373
151.804	382
151.854	388
151.904	408
151.954	411
152.005	436
152.055	448
152.106	450
152.156	469
152.206	471
152.256	472
152.306	477
152.357	461
152.407	466
152.457	455
152.507	436
152.557	433
152.607	417
152.658	401
152.708	397
152.758	380
152.808	380
152.858	374
152.910	366
152.960	374
153.010	377
153.060	380
153.110	392
153.160	392
153.211	411
153.261	421
153.311	424
153.361	442
153.411	445
153.461	452
153.512	461
153.562	450
153.612	462
153.662	459
153.712	444
153.763	450
153.814	443
153.864	430
153.914	426
153.964	407
154.014	410
154.065	403
154.115	389
154.165	392
154.215	388
154.265	384
154.315	386
154.366	379
154.416	391
154.466	395
154.516	394
154.566	409
154.617	412
154.667	420
154.718	432
154.768	429
154.818	447
154.868	452
154.919	447
154.969	459
155.019	453
155.069	456
155.119	455
155.169	438
155.220	443
155.270	434
155.320	417
155.370	417
155.420	404
155.471	395
155.521	391
155.572	374
155.622	379
155.672	376
155.722	370
155.773	380
155.823	383
155.873	388
155.923	402
155.973	403
156.023	424
156.074	434
156.124	438
156.174	457
156.224	449
156.274	469
156.325	473
156.375	461
156.425	470
156.476	463
156.526	447
156.576	445
156.627	422
156.677	416
156.727	406
156.777	386
156.827	383
156.878	373
156.928	360
156.978	365
157.028	358
157.078	368
157.128	377
157.179	378
157.229	399
157.279	411
157.329	419
157.380	441
157.430	440
157.481	464
157.531	473
157.581	464
157.631	480
157.681	476
157.732	468
157.782	466
157.832	442
157.882	442
157.932	429
157.982	404
158.033	401
158.083	388
158.133	372
158.183	371
158.233	359
158.284	364
158.335	368
158.385	366
158.435	382
158.485	391
158.535	398
158.586	417
158.636	418
158.686	442
158.736	453
158.786	450
158.836	468
158.887	467
158.937	465
158.987	469
159.037	450
159.087	456
159.137	447
159.189	427
159.239	426
159.289	414
159.339	401
159.389	397
159.440	383
159.490	385
159.540	382
159.590	374
159.640	382
159.690	383
159.741	385
159.791	398
159.841	395
159.891	413
159.941	422
159.991	423
160.042	439
160.093	442
160.143	445
160.193	455
160.243	444
160.294	457
160.344	456
160.394	444
160.444	449
160.494	439
160.544	432
160.595	430
160.645	412
160.695	414
160.745	406
160.795	390
160.846	394
160.896	389
160.946	380
160.997	384
161.047	379
161.097	388
161.148	392
161.198	391
161.248	405
161.298	411
161.348	419
161.398	432
161.449	430
161.499	451
161.549	456
161.599	452
161.649	465
161.700	455
161.750	460
161.800	461
161.850	442
161.901	445
161.951	435
162.002	416
162.052	414
162.102	399
162.152	386
162.202	383
162.252	369
162.303	373
162.353	371
162.403	368
162.453	378
162.503	379
162.554	392
162.604	407
162.654	410
162.704	433
162.754	443
162.805	448
162.856	466
162.906	461
162.956	475
163.006	478
163.056	462
163.107	470
163.157	460
163.207	442
163.257	437
163.307	412
163.357	407
163.408	395
163.458	376
163.508	375
163.558	368
163.608	359
163.658	364
163.710	361
163.760	372
163.810	384
163.860	388
163.910	410
163.961	422
164.011	430
164.061	450
164.111	447
164.161	469
164.211	475
164.262	465
164.312	477
164.362	470
164.412	460
164.462	457
164.512	434
164.563	432
164.614	419
164.664	397
164.714	395
164.764	386
164.815	373
164.865	375
164.915	366
164.965	373
165.015	378
165.065	377
165.116	393
165.166	401
165.216	405
165.266	424
165.316	421
165.366	443
165.417	451
165.467	446
165.518	461
165.568	461
165.618	455
165.669	460
165.719	443
165.769	450
165.819	442
165.869	425
165.919	426
165.970	415
166.020	403
166.070	402
166.120	388
166.170	392
166.220	388
166.271	379
166.321	388
166.372	389
166.422	388
166.472	398
166.523	395
166.573	410
166.623	417
166.673	417
166.723	433
166.773	437
166.824	440
166.874	452
166.924	445
166.974	458
167.024	457
167.075	449
167.125	454
167.175	445
167.225	437
167.276	435
167.326	414
167.377	417
167.427	409
167.477	392
167.527	393
167.577	383
167.627	378
167.678	380
167.728	373
167.778	383
167.828	388
167.878	388
167.929	404
167.979	411
168.029	420
168.079	436
168.129	436
168.180	455
168.231	462
168.281	459
168.331	471
168.381	463
168.431	464
168.481	463
168.532	442
168.582	445
168.632	432
168.682	412
168.732	407
168.783	395
168.833	380
168.883	376
168.933	363
168.983	368
169.033	367
169.085	364
169.135	379
169.185	383
169.235	396
169.285	413
169.335	415
169.386	441
169.436	451
169.486	454
169.536	473
169.586	463
169.637	478
169.687	479
169.737	461
169.787	467
169.837	454
169.887	436
169.938	429
169.989	407
170.039	400
170.089	390
170.139	370
170.190	371
170.240	367
170.290	360
170.340	368
170.390	367
170.440	378
170.491	393
170.541	396
170.591	418
170.641	428
170.691	434
170.741	454
170.792	450
170.842	469
170.893	473
170.943	463
170.993	472
171.044	463
171.094	450
171.144	449
171.194	425
171.244	424
171.294	414
171.345	395
171.395	395
171.445	386
171.495	376
171.545	380
171.595	371
171.646	380
171.696	385
171.746	384
171.797	399
171.847	407
171.898	410
171.948	426
171.998	422
172.048	442
172.098	448
172.148	442
172.199	457
172.249	455
172.299	450
172.349	456
172.399	439
172.449	447
172.500	440
172.550	424
172.600	426
172.650	417
172.701	404
172.752	405
172.802	390
172.852	395
172.902	391
172.952	381
173.002	389
173.053	390
173.103	388
173.153	398
173.203	395
173.253	410
173.303	417
173.354	416
173.404	434
173.454	437
173.504	442
173.554	454
173.606	445
173.656	460
173.706	460
173.756	450
173.806	455
173.856	446
173.907	436
173.957	434
174.007	414
174.057	415
174.107	404
174.158	387
174.208	388
174.258	382
174.308	373
174.358	377
174.408	368
174.459	382
174.510	388
174.560	389
174.610	407
174.660	416
174.710	425
174.761	442
174.811	441
174.861	462
174.911	468
174.961	462
175.012	474
175.062	460
175.112	464
175.162	460
175.212	440
175.262	438
175.313	425
175.363	404
175.414	399
175.464	388
175.514	374
175.564	371
175.615	359
175.665	368
175.715	370
175.765	370
175.815	384
175.866	393
175.916	404
175.966	421
176.016	424
176.066	448
176.116	457
176.167	456
176.217	474
176.268	464
176.318	472
176.368	472
176.419	453
176.469	456
176.519	444
176.569	424
176.619	421
176.669	399
176.720	394
176.770	388
176.820	373
176.870	376
176.920	374
176.970	368
177.021	378
177.071	379
177.121	389
177.172	402
177.222	403
177.273	423
177.323	431
177.373	434
177.423	450
177.473	445
177.523	458
177.574	463
177.624	448
177.674	459
177.724	453
177.774	441
177.824	442
177.875	423
177.925	424
177.975	418
178.025	399
178.076	403
178.127	397
178.177	386
178.227	391
178.277	381
178.327	388
178.377	391
178.428	387
178.478	399
178.528	404
178.578	404
178.628	417
178.678	413
178.729	432
178.779	438
178.829	432
178.879	450
178.929	451
178.981	448
179.031	456
179.081	446
179.131	452
179.181	447
179.231	431
179.282	435
179.332	425
179.382	412
179.432	410
179.482	393
179.532	396
179.583	390
179.633	378
179.683	384
179.733	383
179.783	378
179.834	389
179.885	387
179.935	404
179.985	412
180.035	414
180.085	432
180.136	441
180.186	446
180.236	459
180.286	454
180.336	469
180.387	468
180.437	454
180.487	462
180.537	450
180.587	439
180.637	434
180.688	412
180.738	410
180.789	398
180.839	379
180.889	381
180.939	373
180.990	365
181.040	371
181.090	366
181.140	380
181.190	388
181.241	391
181.291	411
181.341	421
181.391	432
181.441	449
181.491	450
181.542	469
181.592	473
181.642	469
181.693	476
181.743	465
181.793	461
181.844	455
181.894	432
181.944	431
181.994	416
182.044	396
182.095	393
182.145	383
182.195	370
182.245	369
182.295	361
182.345	370
182.396	374
182.446	376
182.496	392
182.546	401
182.597	412
182.647	429
182.698	430
182.748	452
182.798	459
182.848	457
182.898	469
182.949	459
182.999	466
183.049	464
183.099	444
183.149	447
183.199	436
183.250	418
183.300	416
183.350	399
183.400	394
183.450	390
183.502	378
183.552	383
183.602	382
183.652	376
183.702	387
183.752	383
183.803	396
183.853	407
183.903	406
183.953	423
184.003	429
184.053	430
184.104	445
184.154	436
184.204	450
184.254	455
184.304	442
184.355	453
184.406	449
184.456	435
184.506	441
184.556	421
184.606	425
184.657	421
184.707	402
184.757	408
184.807	401
184.857	391
184.907	394
184.958	382
185.008	388
185.058	391
185.108	384
185.158	396
185.209	400
185.259	401
185.310	415
185.360	411
185.410	427
185.460	436
185.511	434
185.561	449
185.611	452
185.661	448
185.711	459
185.761	445
185.812	455
185.862	450
185.912	432
185.962	436
186.012	426
186.063	411
186.113	408
186.164	390
186.214	389
186.264	385
186.314	372
186.365	379
186.415	378
186.465	376
186.515	387
186.565	384
186.615	404
186.666	415
186.716	417
186.766	438
186.816	446
186.866	450
186.917	465
186.967	457
187.017	472
187.068	471
187.118	455
187.168	461
187.219	448
187.269	434
187.319	428
187.369	406
187.419	403
187.470	391
187.520	374
187.570	374
187.620	369
187.670	362
187.720	370
187.771	368
187.821	383
187.871	393
187.921	397
187.972	418
188.022	428
188.073	437
188.123	455
188.173	451
188.223	471
188.273	474
188.324	465
188.374	472
188.424	462
188.474	454
188.524	447
188.574	423
188.625	423
188.675	410
188.725	389
188.775	389
188.825	382
188.876	371
188.927	374
188.977	366
189.027	378
189.077	383
189.127	384
189.178	401
189.228	409
189.278	417
189.328	433
189.378	431
189.428	452
189.479	457
189.529	452
189.579	463
189.629	455
189.679	456
189.729	455
189.781	437
189.831	441
189.881	433
189.931	418
189.981	416
190.032	405
190.082	397
190.132	396
190.182	385
190.232	391
190.282	390
190.333	384
190.383	394
190.433	395
190.483	400
190.533	409
190.583	407
190.634	422
190.685	427
190.735	424
190.785	440
190.835	437
190.886	446
190.936	451
190.986	440
191.036	452
191.086	449
191.136	439
191.187	443
191.237	426
191.287	428
191.337	425
191.387	408
191.438	411
191.488	403
191.538	392
191.589	394
191.639	381
191.689	384
191.740	389
191.790	383
191.840	394
191.890	398
191.940	400
191.990	414
192.041	411
192.091	429
192.141	440
192.191	437
192.241	455
192.292	457
192.342	456
192.392	464
192.442	448
192.493	458
192.543	452
192.594	434
192.644	435
192.694	422
192.744	408
192.794	403
192.844	386
192.895	384
192.945	379
192.995	368
193.045	374
193.095	376
193.146	374
193.196	388
193.246	390
193.296	409
193.346	421
193.397	424
193.448	446
193.498	453
193.548	458
193.598	472
193.648	461
193.699	475
193.749	472
193.799	454
193.849	458
193.899	443
193.949	428
194.000	422
194.050	399
194.100	396
194.150	385
194.200	369
194.250	371
194.302	367
194.352	363
194.402	373
194.452	372
194.502	389
194.553	400
194.603	405
194.653	426
194.703	435
194.753	446
194.803	461
194.854	455
194.904	472
194.954	473
195.004	462
195.054	468
195.104	455
195.155	446
195.206	440
195.256	418
195.306	417
195.356	406
195.407	388
195.457	388
195.507	382
195.557	373
195.607	378
195.657	371
195.708	384
195.758	390
195.808	390
195.858	407
195.908	414
195.958	421
196.009	436
196.059	431
196.110	451
196.160	454
196.210	448
196.261	459
196.311	450
196.361	450
196.411	451
196.461	433
196.511	438
196.562	430
196.612	416
196.662	416
196.712	407
196.762	400
196.812	399
196.863	386
196.913	393
196.964	392
197.014	384
197.064	395
197.115	397
197.165	400
197.215	408
197.265	404
197.315	420
197.365	425
197.416	422
197.466	439
197.516	435
197.566	446
197.616	451
197.667	441
197.717	455
197.767	451
197.817	440
197.868	445
197.918	431
197.969	430
198.019	424
198.069	408
198.119	410
198.169	402
198.219	390
198.270	391
198.320	382
198.370	384
198.420	385
198.470	378
198.521	393
198.571	397
198.621	399
198.671	417
198.721	415
198.772	432
198.823	444
198.873	442
198.923	460
198.973	462
199.023	459
199.073	466
199.124	450
199.174	457
199.224	450
199.274	432
199.324	430
199.375	417
199.425	400
199.475	396
199.525	377
199.575	378
199.625	375
199.677	365
199.727	373
199.777	377
199.827	380
199.877	394
199.927	395
199.978	416
200.028	429
200.078	429
200.128	453
200.178	459
200.229	460
200.279	473
200.329	461
200.379	471
200.429	466
200.479	448
200.530	449
200.581	435
200.631	418
200.681	412
200.731	393
200.782	392
200.832	383
200.882	372
200.932	375
200.982	375
201.032	372
201.083	384
201.133	384
201.183	401
201.233	411
201.283	412
201.333	432
201.384	440
201.434	444
201.485	458
201.535	451
201.585	465
201.636	463
201.686	449
201.736	456
201.786	445
201.836	435
201.886	433
201.937	415
201.987	415
202.037	407
202.087	392
202.137	395
202.187	391
202.238	385
202.288	390
202.338	384
202.389	395
202.439	399
202.490	397
202.540	411
202.590	415
202.640	420
202.690	430
202.740	424
202.791	442
202.841	445
202.891	438
202.941	450
202.991	443
203.041	445
203.092	447
203.142	435
203.192	440
203.242	434
203.293	420
203.344	423
203.394	413
203.444	407
203.494	406
203.544	392
203.594	397
203.645	393
203.695	384
203.745	393
203.795	393
203.845	394
203.895	402
203.946	399
203.996	415
204.046	422
204.096	422
204.146	438
204.198	431
204.248	448
204.298	455
204.348	444
204.398	459
204.448	457
204.499	445
204.549	449
204.599	433
204.649	432
204.699	424
204.750	408
204.800	405
204.850	396
204.900	382
204.950	383
205.000	373
205.051	376
205.102	381
205.152	379
205.202	392
205.252	400
205.302	402
205.353	422
205.403	420
205.453	440
205.503	453
205.553	450
205.604	468
205.654	468
205.704	462
205.754	468
205.804	448
205.854	453
205.905	444
205.955	424
206.006	420
206.056	408
206.106	390
206.156	388
206.207	372
206.257	372
206.307	375
206.357	367
206.407	378
206.458	383
206.508	386
206.558	405
206.608	405
206.658	427
206.708	439
206.759	438
206.809	458
206.860	461
206.910	460
206.960	468
207.011	454
207.061	462
207.111	454
207.161	437
207.211	436
207.261	424
207.312	410
207.362	407
207.412	389
207.462	392
207.512	387
207.562	377
207.613	384
207.663	386
207.713	384
207.764	396
207.814	392
207.865	410
207.915	419
207.965	416
208.015	435
208.065	439
208.115	439
208.166	450
208.216	441
208.266	453
208.316	451
208.366	436
208.416	445
208.467	437
208.517	428
208.567	430
208.617	412
208.668	418
208.719	412
208.769	399
208.819	404
208.869	399
208.919	393
208.969	398
209.020	388
209.070	400
209.120	402
209.170	396
209.220	410
209.270	412
209.321	414
209.371	424
209.421	419
209.471	435
209.521	438
209.573	432
209.623	447
209.673	444
209.723	444
209.773	448
209.823	436
209.874	443
209.924	437
209.974	423
210.024	428
210.074	415
210.124	410
210.175	406
210.225	391
210.275	395
210.325	392
210.375	381
210.426	389
210.477	391
210.527	390
210.577	400
210.627	396
210.677	416
210.728	424
210.778	425
210.828	442
210.878	441
210.928	453
210.979	460
211.029	451
211.079	462
211.129	459
211.179	445
211.229	447
211.280	431
211.330	426
211.381	419
211.431	409
211.481	399
211.531	391
211.582	377
211.632	380
211.682	371
211.732	376
211.782	384
211.833	381
211.883	398
211.933	407
211.983	410
212.033	430
212.083	428
212.134	448
212.184	458
212.234	451
212.285	467
212.335	465
212.385	456
212.436	459
212.486	439
212.536	441
212.586	434
212.636	412
212.687	412
212.737	401
212.787	388
212.837	387
212.887	374
212.937	379
212.988	382
213.038	378
213.088	390
213.138	396
213.189	400
213.239	415
213.290	414
213.340	433
213.390	442
213.440	439
213.490	454
213.541	455
213.591	451
213.641	458
213.691	441
213.741	449
213.791	443
213.842	425
213.892	429
213.942	420
213.992	408
214.042	408
214.094	394
214.144	398
214.194	397
214.244	386
214.294	395
214.344	396
214.395	394
214.445	403
214.495	401
214.545	413
214.595	418
214.645	414
214.696	428
214.746	431
214.796	432
214.846	442
214.896	432
214.947	446
214.998	446
215.048	434
215.098	445
215.148	439
215.198	433
215.249	434
215.299	418
215.349	424
215.399	418
215.449	404
215.499	408
215.550	402
215.600	394
215.650	397
215.700	385
215.750	395
215.801	396
215.851	392
215.902	403
215.952	407
216.002	408
216.052	423
216.103	417
216.153	437
216.203	443
216.253	440
216.303	454
216.353	452
216.404	451
216.454	455
216.504	442
216.554	447
216.604	440
216.655	424
216.705	424
216.756	412
216.806	400
216.856	397
216.906	382
216.957	386
217.007	383
217.057	375
217.107	385
217.157	393
217.207	390
217.258	404
217.308	404
217.358	424
217.408	434
217.458	434
217.509	453
217.559	452
217.609	460
217.660	467
217.710	452
217.760	463
217.811	455
217.861	440
217.911	439
217.961	424
218.011	413
218.062	407
218.112	388
218.162	390
218.212	383
218.262	373
218.312	379
218.363	381
218.413	382
218.463	392
218.513	391
218.564	410
218.614	420
218.665	421
218.715	441
218.765	438
218.815	453
218.865	460
218.916	450
218.966	462
219.016	458
219.066	446
219.116	447
219.166	428
219.217	428
219.267	422
219.317	407
219.367	407
219.417	400
219.468	389
219.519	391
219.569	381
219.619	388
219.669	394
219.719	390
219.770	402
219.820	406
219.870	406
219.920	421
219.970	417
220.020	432
220.071	438
220.121	429
220.171	445
220.221	444
220.271	438
220.321	445
220.373	431
220.423	440
220.473	437
220.523	422
220.573	430
220.624	423
220.674	412
220.724	416
220.774	402
220.824	408
220.874	405
220.925	392
220.975	402
221.025	401
221.075	397
221.125	403
221.175	397
221.226	408
221.277	412
221.327	406
221.377	422
221.427	425
221.478	426
221.528	437
221.578	429
221.628	445
221.678	447
221.728	436
221.779	449
221.829	444
221.879	438
221.929	439
221.979	422
222.030	428
222.080	421
222.130	405
222.181	407
222.231	399
222.281	390
222.332	392
222.382	381
222.432	390
222.482	392
222.532	389
222.582	401
222.633	407
222.683	412
222.733	425
222.783	426
222.833	442
222.884	449
222.934	445
222.984	459
223.034	455
223.085	456
223.135	457
223.186	442
223.236	445
223.286	435
223.336	417
223.386	416
223.436	405
223.487	394
223.537	390
223.587	376
223.637	382
223.687	382
223.738	376
223.788	389
223.838	395
223.888	400
223.938	413
223.989	411
224.040	433
224.090	441
224.140	442
224.190	456
224.240	452
224.291	458
224.341	461
224.391	447
224.441	453
224.491	445
224.541	430
224.592	429
224.642	414
224.692	406
224.742	403
224.792	388
224.842	392
224.894	389
224.944	382
224.994	390
225.044	383
225.094	394
225.145	405
225.195	403
225.245	419
225.295	425
225.345	424
225.395	439
225.446	435
225.496	444
225.546	448
225.596	439
225.646	448
225.696	444
225.747	434
225.798	438
225.848	423
225.898	426
225.948	423
225.999	410
226.049	415
226.099	410
226.149	401
226.199	405
226.249	395
226.300	398
226.350	402
226.400	393
226.450	404
226.500	406
226.550	405
226.601	414
226.651	406
226.702	420
226.752	426
226.802	420
226.853	435
226.903	436
226.953	434
227.003	445
227.053	435
227.103	444
227.154	445
227.204	430
227.254	439
227.304	432
227.354	421
227.404	423
227.455	405
227.505	410
227.556	405
227.606	392
