#Creator: pendulumdriveEventBuffer
#Creation time: Tue Apr  4 15:26:34 2017
#Time	Pos
#[s]	[au]
0.051	387
0.101	386
0.151	404
0.201	416
0.251	419
0.301	441
0.352	450
0.402	456
0.452	470
0.502	463
0.552	477
0.603	476
0.653	462
0.703	466
0.753	453
0.803	437
0.853	430
0.904	408
0.955	403
1.005	391
1.055	372
1.105	371
1.155	365
1.206	355
1.256	364
1.306	362
1.356	378
1.406	389
1.457	394
1.507	416
1.557	428
1.607	439
1.657	459
1.707	454
1.758	477
1.808	481
1.859	470
1.909	482
1.959	472
2.010	458
2.060	454
2.110	430
2.160	426
2.210	411
2.260	391
2.311	387
2.361	375
2.411	363
2.461	366
2.511	359
2.561	369
2.612	375
2.662	376
2.713	395
2.763	405
2.813	414
2.864	432
2.914	436
2.964	455
3.014	462
3.064	460
3.114	472
3.165	468
3.215	465
3.265	466
3.315	447
3.365	450
3.415	439
3.466	422
3.516	420
3.566	408
3.617	394
3.667	392
3.718	379
3.768	381
3.818	379
3.868	373
3.918	381
3.968	388
4.019	388
4.069	399
4.119	398
4.169	417
4.219	425
4.269	426
4.320	444
4.370	444
4.420	454
4.470	464
4.521	454
4.572	466
4.622	464
4.672	451
4.722	455
4.772	441
4.822	434
4.873	427
4.923	406
4.973	405
5.023	395
5.073	380
5.123	379
5.174	367
5.224	368
5.274	372
5.324	368
5.374	383
5.426	391
5.476	394
5.526	414
5.576	415
5.626	436
5.676	452
5.727	447
5.777	470
5.827	474
5.877	469
5.927	478
5.978	458
6.028	464
6.078	457
6.128	435
6.178	431
6.228	415
6.279	395
6.330	390
6.380	371
6.430	368
6.480	366
6.530	355
6.581	365
6.631	371
6.681	373
6.731	391
6.781	393
6.832	416
6.882	431
6.932	432
6.982	458
7.032	464
7.082	466
7.133	478
7.183	464
7.234	476
7.284	471
7.334	452
7.384	451
7.435	436
7.485	420
7.535	413
7.585	391
7.635	390
7.686	383
7.736	368
7.786	374
7.836	373
7.886	368
7.936	380
7.987	378
8.037	396
8.087	406
8.138	405
8.188	426
8.238	434
8.289	439
8.339	453
8.389	449
8.439	463
8.489	465
8.540	453
8.590	463
8.640	455
8.690	445
8.740	445
8.790	426
8.841	427
8.891	417
8.941	399
8.991	401
9.042	392
9.093	382
9.143	384
9.193	371
9.243	381
9.293	383
9.343	377
9.394	392
9.444	397
9.494	402
9.544	418
9.594	416
9.644	440
9.695	448
9.745	446
9.795	463
9.845	464
9.895	464
9.947	470
9.997	451
10.047	461
10.097	452
10.147	433
10.197	431
10.248	415
10.298	401
10.348	395
10.398	377
10.448	377
10.498	371
10.549	361
10.599	369
10.649	379
10.699	376
10.749	390
10.801	392
10.851	415
10.901	427
10.951	434
11.001	454
11.051	456
11.102	466
11.152	477
11.202	465
11.252	477
11.302	471
11.352	453
11.403	453
11.453	435
11.503	424
11.553	414
11.603	393
11.654	390
11.705	381
11.755	367
11.805	369
11.855	371
11.905	368
11.956	377
12.006	376
12.056	395
12.106	406
12.156	410
12.206	432
12.257	437
12.307	450
12.357	461
12.407	455
12.457	470
12.508	468
12.558	460
12.609	463
12.659	447
12.709	444
12.759	438
12.810	420
12.860	418
12.910	408
12.960	394
13.010	394
13.061	379
13.111	380
13.161	382
13.211	376
13.261	384
13.311	388
13.362	388
13.412	403
13.462	399
13.513	414
13.563	427
13.613	424
13.664	445
13.714	449
13.764	447
13.814	461
13.864	450
13.915	462
13.965	462
14.015	450
14.065	453
14.115	442
14.165	428
14.216	426
14.266	405
14.316	405
14.366	397
14.417	382
14.467	383
14.518	378
14.568	370
14.618	378
14.668	371
14.718	384
14.769	394
14.819	395
14.869	416
14.919	426
14.969	432
15.019	451
15.070	445
15.120	468
15.170	471
15.220	461
15.270	474
15.322	467
15.372	455
15.422	454
15.472	433
15.522	430
15.572	416
15.623	394
15.673	391
15.723	382
15.773	370
15.823	370
15.873	360
15.924	370
15.974	376
16.024	377
16.074	394
16.124	403
16.174	412
16.226	432
16.276	434
16.326	456
16.376	465
16.426	459
16.477	475
16.527	471
16.577	465
16.627	466
16.677	444
16.727	448
16.778	435
16.828	416
16.878	412
16.928	399
16.978	386
17.029	384
17.079	370
17.130	376
17.180	377
17.230	373
17.280	385
17.331	391
17.381	395
17.431	409
17.481	409
17.531	429
17.581	438
17.632	436
17.682	452
17.732	450
17.782	458
17.832	462
17.883	451
17.933	458
17.983	452
18.034	436
18.084	441
18.134	429
18.185	420
18.235	416
18.285	399
18.335	401
18.385	394
18.435	384
18.486	386
18.536	383
18.586	381
18.636	388
18.686	382
18.737	396
18.787	403
18.837	404
18.887	421
18.938	425
18.988	436
19.039	448
19.089	443
19.139	460
19.189	462
19.239	460
19.290	466
19.340	451
19.390	454
19.440	449
19.490	428
19.540	429
19.591	416
19.641	400
19.691	396
19.741	378
19.791	376
19.842	375
19.893	365
19.943	374
19.993	377
20.043	377
20.093	393
20.144	394
20.194	414
20.244	429
20.294	429
20.344	453
20.394	461
20.445	461
20.495	474
20.545	461
20.595	474
20.645	468
20.695	449
20.747	451
20.797	437
20.847	420
20.897	414
20.947	390
20.998	387
21.048	381
21.098	367
21.148	371
21.198	371
21.248	366
21.299	381
21.349	380
21.399	397
21.449	409
21.499	411
21.549	433
21.600	441
21.651	446
21.701	461
21.751	451
21.801	468
21.852	467
21.902	454
21.952	460
22.002	450
22.052	438
22.102	436
22.153	414
22.203	417
22.253	408
22.303	392
22.353	394
22.403	389
22.454	380
22.504	385
22.555	378
22.605	388
22.655	391
22.706	388
22.756	404
22.806	410
22.856	414
22.906	427
22.956	424
23.007	443
23.057	450
23.107	442
23.157	458
23.207	455
23.258	454
23.308	458
23.358	440
23.408	449
23.459	442
23.509	424
23.560	426
23.610	414
23.660	401
23.710	398
23.760	382
23.810	385
23.861	381
23.911	370
23.961	380
24.011	382
24.061	384
24.112	397
24.162	395
24.212	416
24.262	427
24.313	430
24.363	449
24.414	455
24.464	458
24.514	470
24.564	457
24.614	472
24.664	466
24.715	449
24.765	451
24.815	435
24.865	424
24.915	416
24.966	394
25.016	392
25.066	383
25.116	368
25.166	372
25.217	373
25.268	368
25.318	377
25.368	377
25.418	396
25.468	407
25.518	410
25.569	431
25.619	439
25.669	452
25.719	464
25.769	457
25.820	473
25.870	472
25.920	461
25.970	465
26.020	447
26.070	443
26.122	434
26.172	414
26.222	412
26.272	401
26.322	386
26.373	386
26.423	375
26.473	374
26.523	379
26.573	375
26.623	388
26.674	393
26.724	393
26.774	411
26.824	411
26.874	428
26.924	438
26.975	437
27.026	453
27.076	455
27.126	449
27.176	460
27.227	445
27.277	452
27.327	450
27.377	434
27.427	439
27.477	429
27.528	415
27.578	416
27.628	397
27.678	400
27.728	396
27.778	385
27.829	390
27.879	388
27.930	382
27.980	391
28.030	387
28.081	398
28.131	406
28.181	405
28.231	421
28.281	428
28.331	431
28.382	447
28.432	437
28.482	457
28.532	460
28.582	451
28.632	462
28.683	454
28.733	444
28.783	447
28.834	425
28.884	428
28.935	418
28.985	400
29.035	398
29.085	389
29.135	376
29.185	379
29.236	370
29.286	377
29.336	382
29.386	380
29.436	396
29.486	405
29.537	412
29.587	429
29.637	429
29.687	451
29.738	460
29.789	456
29.839	471
29.889	469
29.939	465
29.989	465
30.039	446
30.090	448
30.140	437
30.190	416
30.240	413
30.290	399
30.341	386
30.391	384
30.441	369
30.491	376
30.541	376
30.591	371
30.643	384
30.693	391
30.743	396
30.793	413
30.843	414
30.893	434
30.944	443
30.994	442
31.044	458
31.094	456
31.144	460
31.195	464
31.245	451
31.295	456
31.345	448
31.395	432
31.445	433
31.496	420
31.547	411
31.597	408
31.647	391
31.697	396
31.747	392
31.798	381
31.848	388
31.898	383
31.948	388
31.998	397
32.049	393
32.099	408
32.149	414
32.199	414
32.249	429
32.299	429
32.350	438
32.400	447
32.451	440
32.501	454
32.551	454
32.602	444
32.652	454
32.702	441
32.752	442
32.802	439
32.852	420
32.903	426
32.953	415
33.003	401
33.053	402
33.103	387
33.153	387
33.204	387
33.254	376
33.304	385
33.355	387
33.405	384
33.456	399
33.506	398
33.556	413
33.606	426
33.656	425
33.706	446
33.757	452
33.807	454
33.857	465
33.907	454
33.957	466
34.007	464
34.058	448
34.108	450
34.158	439
34.208	421
34.259	417
34.310	397
34.360	394
34.410	387
34.460	373
34.510	376
34.560	375
34.611	369
34.661	381
34.711	378
34.761	396
34.811	407
34.861	410
34.912	432
34.962	441
35.012	446
35.062	462
35.112	455
35.164	470
35.214	470
35.264	455
35.314	463
35.364	453
35.414	438
35.465	435
35.515	413
35.565	412
35.615	402
35.665	386
35.715	387
35.766	382
35.816	374
35.866	381
35.916	375
35.966	389
36.017	395
36.068	395
36.118	413
36.168	420
36.218	424
36.268	439
36.319	433
36.369	453
36.419	455
36.469	447
36.519	458
36.570	454
36.620	448
36.670	449
36.720	431
36.770	437
36.820	430
36.871	416
36.922	416
36.972	407
37.022	397
37.072	399
37.122	387
37.173	392
37.223	391
37.273	385
37.323	393
37.373	395
37.424	396
37.474	407
37.524	404
37.574	422
37.624	429
37.674	429
37.725	445
37.775	447
37.826	450
37.876	459
37.926	448
37.976	460
38.027	457
38.077	443
38.127	447
38.177	435
38.227	424
38.278	419
38.328	400
38.378	400
38.428	392
38.478	378
38.528	381
38.579	381
38.629	374
38.679	382
38.730	381
38.780	396
38.830	406
38.881	408
38.931	428
38.981	434
39.031	445
39.081	458
39.132	454
39.182	470
39.232	469
39.282	460
39.332	466
39.382	447
39.433	448
39.483	438
39.533	416
39.583	415
39.634	403
39.685	385
39.735	385
39.785	375
39.835	371
39.885	375
39.935	372
39.986	383
40.036	390
40.086	392
40.136	411
40.186	414
40.236	431
40.287	444
40.337	441
40.387	461
40.437	463
40.487	458
40.539	466
40.589	452
40.639	456
40.689	450
40.739	431
40.789	433
40.840	423
40.890	408
40.940	406
40.990	390
41.040	390
41.090	390
41.141	380
41.191	388
41.241	387
41.291	385
41.341	397
41.392	394
41.443	408
41.493	416
41.543	412
41.593	431
41.643	436
41.694	434
41.744	449
41.794	441
41.844	454
41.894	455
41.944	443
41.995	453
42.045	447
42.095	438
42.145	438
42.195	416
42.246	423
42.296	415
42.347	398
42.397	401
42.447	395
42.497	384
42.548	387
42.598	377
42.648	386
42.698	390
42.748	385
42.798	401
42.849	407
42.899	412
42.949	427
42.999	425
43.049	446
43.100	453
43.150	450
43.200	465
43.251	463
43.301	459
43.351	463
43.402	443
43.452	449
43.502	438
43.552	417
43.602	418
43.653	405
43.703	391
43.753	387
43.803	373
43.853	378
43.903	377
43.954	371
44.004	383
44.054	389
44.104	394
44.155	410
44.205	413
44.256	433
44.306	443
44.356	444
44.406	461
44.456	462
44.507	462
44.557	469
44.607	453
44.657	461
44.707	452
44.757	433
44.808	433
44.858	419
44.908	406
44.958	402
45.009	385
45.059	389
45.110	384
45.160	375
45.210	383
45.260	385
45.310	386
45.361	398
45.411	398
45.461	415
45.511	423
45.561	421
45.611	440
45.662	441
45.712	445
45.762	455
45.812	444
45.862	456
45.914	454
45.964	442
46.014	448
46.064	437
46.114	432
46.164	429
46.215	412
46.265	415
46.315	409
46.365	396
46.415	400
46.465	395
46.516	389
46.566	392
46.616	384
46.666	395
46.716	397
46.766	394
46.818	408
46.868	411
46.918	418
46.968	430
47.018	428
47.069	444
47.119	449
47.169	445
47.219	458
47.269	451
47.319	456
47.370	456
47.420	439
47.470	445
47.520	436
47.570	420
47.621	419
47.671	399
47.722	397
47.772	393
47.822	378
47.872	383
47.923	380
47.973	374
48.023	385
48.073	380
48.123	394
48.173	406
48.224	406
48.274	429
48.324	438
48.374	444
48.424	458
48.475	453
48.525	468
48.575	469
48.626	455
48.676	464
48.726	455
48.777	437
48.827	437
48.877	415
48.927	412
48.977	403
49.027	384
49.078	385
49.128	379
49.178	371
49.228	377
49.278	372
49.329	384
49.379	393
49.429	394
49.479	413
49.530	423
49.580	428
49.631	445
49.681	440
49.731	460
49.781	464
49.831	454
49.882	465
49.932	459
49.982	450
50.032	449
50.082	428
50.132	431
50.183	421
50.233	404
50.283	406
50.333	397
50.383	388
50.434	389
50.485	379
50.535	388
50.585	390
50.635	385
50.685	399
50.736	404
50.786	405
50.836	419
50.886	415
50.936	433
50.986	439
51.037	433
51.087	449
51.137	448
51.187	448
51.237	454
51.287	440
51.339	451
51.389	445
51.439	431
51.489	435
51.539	425
51.590	416
51.640	415
51.690	400
51.740	401
51.790	396
51.840	385
51.891	389
51.941	389
51.991	384
52.041	393
52.091	388
52.141	404
52.192	411
52.243	410
52.293	429
52.343	433
52.393	443
52.444	455
52.494	448
52.544	464
52.594	464
52.644	452
52.694	461
52.745	447
52.795	443
52.845	438
52.895	416
52.945	417
52.995	405
53.046	389
53.096	388
53.147	383
53.197	374
53.247	377
53.298	372
53.348	384
53.398	390
53.448	392
53.498	411
53.548	415
53.599	430
53.649	445
53.699	442
53.749	462
53.799	465
53.850	460
53.900	469
53.950	455
54.000	458
54.051	452
54.101	430
54.152	431
54.202	420
54.252	403
54.302	401
54.352	387
54.402	384
54.453	383
54.503	373
54.553	383
54.603	386
54.653	386
54.704	400
54.754	397
54.804	413
54.854	425
54.905	426
54.955	442
55.006	447
55.056	446
55.106	456
55.156	446
55.206	454
55.256	454
55.307	440
55.357	446
55.407	438
55.457	424
55.507	427
55.558	409
55.608	411
55.658	407
55.708	392
55.758	398
55.809	394
55.860	386
55.910	394
55.960	387
56.010	394
56.060	400
56.110	395
56.161	412
56.211	417
56.261	416
56.311	432
56.361	427
56.412	444
56.462	451
56.512	443
56.562	457
56.612	456
56.662	449
56.714	454
56.764	439
56.814	442
56.864	434
56.914	415
56.965	417
57.015	407
57.065	392
57.115	392
57.165	377
57.215	384
57.266	382
57.316	376
57.366	388
57.416	392
57.466	395
57.516	412
57.567	413
57.618	431
57.668	441
57.718	441
57.768	458
57.819	461
57.869	460
57.919	468
57.969	452
58.019	460
58.069	451
58.120	433
58.170	432
58.220	419
58.270	405
58.320	401
58.370	384
58.421	385
58.471	381
58.522	372
58.572	380
58.622	383
58.673	384
58.723	399
58.773	400
58.823	418
58.873	427
58.923	430
58.974	446
59.024	449
59.074	453
59.124	461
59.174	448
59.224	460
59.275	456
59.325	441
59.375	444
59.426	433
59.476	424
59.527	421
59.577	404
59.627	406
59.677	400
59.727	388
59.777	394
59.828	391
59.878	388
59.928	395
59.978	387
60.028	403
60.078	407
60.129	405
60.179	419
60.229	421
60.279	429
60.330	438
60.381	431
60.431	447
60.481	448
60.531	442
60.581	452
60.631	443
60.682	446
60.732	446
60.782	430
60.832	437
60.882	428
60.933	414
60.983	415
61.033	399
61.083	400
61.133	397
61.183	385
61.235	390
61.285	389
61.335	384
61.385	394
61.435	388
61.485	401
61.536	412
61.586	408
61.636	430
61.686	437
61.736	439
61.787	454
61.837	446
61.887	461
61.937	463
61.987	448
62.037	458
62.088	450
62.139	438
62.189	435
62.239	414
62.289	412
62.339	404
62.390	387
62.440	388
62.490	383
62.540	373
62.590	380
62.641	376
62.691	386
62.741	396
62.791	395
62.841	415
62.891	425
62.942	429
62.992	446
63.043	439
63.093	458
63.143	463
63.194	452
63.244	464
63.294	457
63.344	446
63.394	446
63.444	425
63.495	428
63.545	418
63.595	401
63.645	402
63.695	395
63.745	385
63.796	389
63.846	378
63.896	390
63.947	393
63.997	389
64.048	404
64.098	409
64.148	411
64.198	425
64.248	419
64.298	438
64.349	442
64.399	437
64.449	450
64.499	447
64.549	446
64.599	450
64.650	437
64.700	445
64.750	439
64.800	424
64.851	430
64.902	421
64.952	412
65.002	412
65.052	396
65.102	402
65.152	398
65.203	388
65.253	394
65.303	394
65.353	392
65.403	399
65.453	395
65.504	409
65.554	415
65.604	414
65.654	430
65.704	434
65.756	440
65.806	451
65.856	441
65.906	458
65.956	458
66.006	447
66.057	454
66.107	444
66.157	438
66.207	434
66.257	414
66.307	416
66.358	407
66.408	392
66.458	392
66.508	383
66.558	379
66.609	383
66.660	376
66.710	389
66.760	396
66.810	396
66.860	413
66.911	419
66.961	430
67.011	443
67.061	439
67.111	459
67.162	462
67.212	456
67.262	465
67.312	453
67.362	453
67.412	448
67.463	430
67.514	430
67.564	419
67.614	400
67.664	400
67.714	383
67.765	384
67.815	385
67.865	376
67.915	386
67.965	389
68.016	388
68.066	403
68.116	407
68.166	417
68.216	429
68.266	426
68.317	444
68.367	448
68.418	444
68.468	455
68.518	445
68.568	452
68.619	452
68.669	435
68.719	442
68.769	435
68.819	421
68.870	422
68.920	405
68.970	406
69.020	405
69.070	393
69.120	399
69.171	397
69.221	390
69.271	398
69.322	392
69.372	400
69.422	406
69.473	400
69.523	416
69.573	420
69.623	420
69.673	434
69.724	429
69.774	443
69.824	447
69.874	439
69.924	453
69.974	451
70.025	442
70.075	448
70.125	428
70.175	438
70.226	431
70.277	414
70.327	416
70.377	407
70.427	395
70.477	396
70.527	383
70.578	388
70.628	387
70.678	380
70.728	392
70.778	397
70.828	400
70.879	413
70.929	414
70.979	432
71.029	441
71.079	438
71.131	457
71.181	459
71.231	457
71.281	464
71.331	446
71.381	456
71.432	450
71.482	431
71.532	431
71.582	417
71.632	405
71.682	401
71.733	385
71.783	388
71.833	383
71.883	376
71.933	383
71.984	386
72.035	388
72.085	401
72.135	401
72.185	419
72.235	429
72.286	428
72.336	446
72.386	449
72.436	452
72.486	460
72.536	449
72.587	457
72.637	453
72.687	436
72.737	441
72.787	430
72.838	420
72.888	417
72.939	401
72.989	405
73.039	399
73.089	389
73.140	394
73.190	395
73.240	390
73.290	399
73.340	392
73.390	406
73.441	411
73.491	408
73.541	423
73.591	423
73.641	429
73.692	438
73.742	432
73.792	446
73.843	447
73.893	441
73.943	449
73.994	441
74.044	442
74.094	443
74.144	426
74.194	432
74.245	425
74.295	412
74.345	415
74.395	406
74.445	398
74.495	399
74.546	387
74.596	393
74.646	391
74.696	387
74.747	397
74.797	399
74.848	403
74.898	415
74.948	413
74.998	432
75.048	439
75.099	437
75.149	453
75.199	447
75.249	457
75.299	460
75.349	446
75.400	454
75.450	446
75.500	431
75.550	431
75.601	415
75.651	408
75.702	402
75.752	386
75.802	389
75.852	385
75.902	376
75.953	385
76.003	382
76.053	392
76.103	401
76.153	401
76.203	420
76.254	429
76.304	430
76.354	447
76.404	441
76.454	457
76.506	461
76.556	452
76.606	459
76.656	452
76.706	442
76.756	441
76.807	420
76.857	421
76.907	415
76.957	399
77.007	400
77.057	395
77.108	387
77.158	391
77.208	384
77.258	392
77.308	398
77.358	394
77.410	409
77.460	414
77.510	416
77.560	428
77.610	423
77.661	438
77.711	444
77.761	437
77.811	448
77.861	447
77.911	440
77.962	446
78.012	430
78.062	440
78.112	436
78.162	422
78.213	426
78.263	419
78.314	409
78.364	411
78.414	397
78.464	403
78.515	400
78.565	390
78.615	399
78.665	398
78.715	395
78.765	403
78.816	399
78.866	413
78.916	419
78.966	414
79.016	432
79.067	434
79.117	438
79.167	448
79.218	442
79.268	455
79.318	454
79.369	445
79.419	450
79.469	441
79.519	432
79.569	430
79.619	412
79.670	414
79.720	405
79.770	392
79.820	393
79.870	388
79.921	382
79.971	387
80.021	379
80.071	394
80.122	400
80.172	401
80.223	418
80.273	424
80.323	432
80.373	445
80.423	441
80.474	458
80.524	459
80.574	454
80.624	460
80.674	449
80.724	446
80.775	442
80.825	422
80.875	424
80.925	414
80.975	398
81.026	399
81.077	393
81.127	384
81.177	387
81.227	379
81.277	391
81.328	395
81.378	395
81.428	409
81.478	413
81.528	421
81.578	433
81.629	430
81.679	445
81.729	449
81.779	443
81.829	454
81.879	443
81.931	448
81.981	446
82.031	430
82.081	436
82.131	428
82.182	417
82.232	418
82.282	403
82.332	405
82.382	405
82.432	394
82.483	401
82.533	400
82.583	395
82.633	403
82.683	399
82.733	404
82.784	412
82.835	407
82.885	421
82.935	423
82.985	421
83.036	435
83.086	426
83.136	442
83.186	445
83.236	435
83.286	448
83.337	445
83.387	438
83.437	443
83.487	425
83.537	432
83.587	427
83.638	410
83.688	414
83.739	407
83.789	396
83.839	398
83.890	388
83.940	390
83.990	393
84.040	388
84.090	398
84.140	402
84.191	402
84.241	418
84.291	415
84.341	434
84.391	442
84.442	437
84.492	455
84.542	455
84.592	451
84.643	459
84.693	442
84.744	450
84.794	443
84.844	424
84.894	426
84.944	415
84.994	401
85.045	400
85.095	385
85.145	388
85.195	386
85.245	380
85.296	388
85.346	392
85.396	393
85.446	407
85.497	407
85.547	424
85.598	433
85.648	430
85.698	449
85.748	451
85.798	450
85.848	457
85.899	444
85.949	453
85.999	448
86.049	432
86.099	435
86.150	426
86.200	414
86.250	413
86.300	396
86.350	402
86.401	398
86.452	389
86.502	396
86.552	396
86.602	394
86.652	403
86.702	398
86.753	413
86.803	418
86.853	415
86.903	428
86.953	430
87.004	432
87.054	440
87.104	430
87.154	445
87.204	444
87.254	435
87.306	444
87.356	437
87.406	434
87.456	435
87.506	418
87.557	426
87.607	421
87.657	408
87.707	413
87.757	407
87.807	400
87.858	402
87.908	390
87.958	400
88.008	400
88.058	394
88.108	405
88.159	407
88.210	409
88.260	419
88.310	416
88.360	432
88.411	438
88.461	433
88.511	449
88.561	445
88.611	451
88.661	454
88.712	438
88.762	448
88.812	441
88.862	430
88.912	427
88.962	411
89.013	408
89.063	404
89.114	388
89.164	393
89.214	388
89.265	382
89.315	389
89.365	385
89.415	394
89.465	404
89.515	402
89.566	422
89.616	430
89.666	431
89.716	448
89.766	441
89.816	455
89.867	460
89.917	449
89.967	457
90.018	451
90.068	438
90.119	438
90.169	417
90.219	416
90.269	412
90.319	394
90.369	397
90.420	392
90.470	384
90.520	389
90.570	380
90.620	392
90.670	400
90.721	399
90.771	414
90.821	419
90.871	422
90.922	436
90.973	430
91.023	446
91.073	449
91.123	442
91.173	451
91.223	448
91.274	439
91.324	442
91.374	425
91.424	431
91.474	425
91.525	410
91.575	415
91.625	410
91.675	401
91.725	405
91.775	394
91.827	402
91.877	402
91.927	398
91.977	406
92.027	407
92.077	406
92.128	415
92.178	409
92.228	423
92.278	427
92.328	421
92.379	435
92.429	435
92.479	434
92.529	443
92.579	430
92.629	444
92.680	443
92.731	432
92.781	439
92.831	432
92.881	426
92.931	426
92.982	408
93.032	414
93.082	409
93.132	397
93.182	400
93.233	395
93.283	391
93.333	396
93.383	388
93.433	401
93.483	407
93.534	404
93.584	420
93.635	423
93.685	429
93.735	442
93.786	433
93.836	452
93.886	455
93.936	444
93.986	455
94.036	447
94.087	441
94.137	440
94.187	422
94.237	424
94.287	415
94.337	399
94.388	399
94.438	393
94.488	385
94.539	387
94.589	380
94.640	391
94.690	396
94.740	394
94.790	411
94.840	415
94.890	424
94.941	436
94.991	435
95.041	450
95.091	453
95.141	448
95.191	457
95.242	447
95.292	448
95.342	446
95.392	429
95.443	432
95.494	423
95.544	408
95.594	410
95.644	399
95.694	397
95.744	397
95.795	386
95.845	396
95.895	398
95.945	395
95.995	405
96.045	401
96.096	413
96.146	422
96.196	418
96.246	432
96.296	434
96.348	430
96.398	442
96.448	431
96.498	441
96.548	443
96.598	432
96.649	439
96.699	435
96.749	426
96.799	431
96.849	416
96.899	421
96.950	419
97.000	407
97.050	412
97.100	408
97.150	400
97.201	404
97.252	395
97.302	401
97.352	404
97.402	398
97.452	408
97.503	411
97.553	410
97.603	422
97.653	415
97.703	430
97.754	437
97.804	431
97.854	446
97.904	446
97.954	441
98.004	450
98.055	435
98.106	444
98.156	440
98.206	423
98.256	428
98.306	419
98.357	406
98.407	406
98.457	390
98.507	394
98.557	392
98.608	384
98.658	392
98.708	394
98.758	393
98.808	405
98.858	404
98.909	421
98.959	430
99.010	427
99.060	446
99.110	449
99.160	449
99.211	458
99.261	449
99.311	456
99.361	451
99.411	434
99.462	438
99.512	427
99.562	416
99.612	412
99.662	396
99.712	397
99.763	392
99.813	381
99.863	389
99.914	389
99.964	388
100.014	399
100.065	398
100.115	414
100.165	421
100.215	422
100.265	438
100.316	440
100.366	443
100.416	453
100.466	441
100.516	454
100.566	450
100.617	439
100.667	443
100.717	433
100.767	425
100.818	424
100.869	407
100.919	412
100.969	407
101.019	396
101.069	402
101.119	402
101.170	396
101.220	402
101.270	395
101.320	408
101.370	411
101.420	407
101.471	419
101.521	420
101.571	424
101.621	431
101.671	425
101.723	438
101.773	439
101.823	431
101.873	442
101.923	435
101.973	436
102.024	439
102.074	426
102.124	434
102.174	430
102.224	419
102.274	423
102.325	413
102.375	412
102.425	411
102.475	397
102.525	404
102.576	402
102.627	393
102.677	402
102.727	399
102.777	401
102.827	410
102.878	408
102.928	419
102.978	425
103.028	424
103.078	438
103.128	433
103.179	444
103.229	451
103.279	440
103.329	453
103.379	449
103.430	439
103.480	441
103.531	422
103.581	425
103.631	419
103.681	402
103.732	404
103.782	398
103.832	387
103.882	390
103.932	382
103.982	389
104.033	394
104.083	390
104.133	407
104.183	413
104.233	414
104.284	432
104.334	430
104.384	446
104.435	454
104.485	444
104.535	459
104.586	456
104.636	449
104.686	451
104.736	435
104.786	435
104.837	428
104.887	406
104.937	411
104.987	403
105.037	392
105.087	393
105.138	383
105.188	390
105.238	393
105.288	386
105.339	401
105.389	407
105.440	408
105.490	423
105.540	419
105.590	436
105.640	442
105.691	436
105.741	450
105.791	448
105.841	444
105.891	448
105.941	432
105.992	440
106.042	435
106.092	420
106.142	425
106.193	418
106.243	408
106.294	411
106.344	397
106.394	404
106.444	404
106.494	395
106.545	404
106.595	405
106.645	402
106.695	412
106.745	405
106.795	417
106.846	421
106.896	416
106.946	428
106.996	429
107.046	428
107.098	437
107.148	427
107.198	442
107.248	441
107.298	432
107.348	441
107.399	437
107.449	431
107.499	433
107.549	418
107.599	425
107.649	420
107.700	407
107.750	412
107.800	405
107.850	398
107.900	401
107.950	389
108.002	400
108.052	401
108.102	394
108.152	408
108.202	411
108.253	414
108.303	426
108.353	421
108.403	439
108.453	445
108.503	440
108.554	453
108.604	447
108.654	449
108.704	451
108.754	435
108.805	442
108.855	434
108.906	418
108.956	419
109.006	407
109.056	400
109.107	397
109.157	385
109.207	390
109.257	389
109.307	385
109.357	395
109.408	399
109.458	402
109.508	416
109.558	416
109.608	433
109.659	440
109.709	441
109.759	454
109.810	447
109.860	455
109.910	457
109.961	443
110.011	449
110.061	441
110.111	425
110.161	426
110.211	407
110.262	406
110.312	404
110.362	389
110.412	395
110.462	392
110.513	385
110.563	395
110.613	389
110.663	400
110.714	411
110.764	406
110.815	423
110.865	429
110.915	429
110.965	441
111.015	432
111.066	444
111.116	447
111.166	435
111.216	445
111.266	441
111.316	431
111.367	435
111.417	421
111.467	424
111.517	421
111.567	408
111.618	414
111.669	409
111.719	402
111.769	407
111.819	396
111.869	404
111.920	408
111.970	401
112.020	412
112.070	412
112.120	408
112.170	419
112.221	413
112.271	425
112.321	429
112.371	424
112.421	435
112.471	436
112.523	432
112.573	442
112.623	430
112.673	442
112.723	440
112.774	429
112.824	435
112.874	430
112.924	421
112.974	422
113.024	408
113.075	412
113.125	406
113.175	396
113.225	401
113.275	397
113.325	392
113.376	399
113.427	392
113.477	407
113.527	412
113.577	409
113.628	426
113.678	430
113.728	432
113.778	445
113.828	439
113.878	453
113.929	454
113.979	444
114.029	451
114.079	443
114.129	435
114.179	434
114.230	414
114.280	418
114.331	409
114.381	394
114.431	396
114.482	391
114.532	384
114.582	390
114.632	384
114.682	396
114.732	401
114.783	401
114.833	417
114.883	423
114.933	430
114.983	442
115.034	436
115.084	453
115.134	455
115.184	448
115.235	456
115.285	449
115.336	442
115.386	441
115.436	421
115.486	425
115.536	417
115.586	401
115.637	404
115.687	399
115.737	392
115.787	395
115.837	385
115.888	397
115.938	401
115.988	397
116.038	412
116.089	413
116.139	419
116.190	429
116.240	423
116.290	438
116.340	439
116.390	434
116.440	444
116.491	438
116.541	438
116.591	440
116.641	428
116.691	435
116.742	430
116.792	418
116.842	423
116.892	415
116.942	413
116.993	414
117.044	401
117.094	409
117.144	407
117.194	400
117.244	407
117.294	399
117.345	405
117.395	410
117.445	405
117.495	416
117.545	418
117.596	414
117.646	427
117.696	420
117.746	432
117.796	438
117.846	432
117.898	443
117.948	442
117.998	436
118.048	444
118.098	431
118.149	436
118.199	433
118.249	417
118.299	423
118.349	415
118.399	404
118.450	406
118.500	392
118.550	396
118.600	396
118.650	387
118.700	397
118.751	400
118.802	399
118.852	412
118.902	407
118.952	424
119.003	434
119.053	431
119.103	448
119.153	450
119.203	447
119.253	457
119.304	441
119.354	452
119.404	447
119.454	431
119.504	434
119.554	423
119.605	409
119.655	408
119.706	392
119.756	394
119.806	391
119.857	380
119.907	389
119.957	391
120.007	390
120.057	402
120.107	399
120.158	418
120.208	426
120.258	426
120.308	443
120.358	446
120.408	447
120.459	456
120.509	445
120.559	454
120.610	450
120.660	435
120.711	440
120.761	431
120.811	421
120.861	418
120.911	403
120.961	405
121.012	401
121.062	390
121.112	398
121.162	395
121.212	394
121.262	403
121.313	396
121.363	412
121.413	417
121.463	414
121.514	428
121.565	429
121.615	431
121.665	439
121.715	430
121.765	442
121.815	441
121.866	431
121.916	439
121.966	433
122.016	430
122.066	431
122.117	417
122.167	424
122.217	421
122.267	410
122.317	416
122.367	411
122.419	406
122.469	411
122.519	400
122.569	409
122.619	408
122.669	403
122.720	410
122.770	410
122.820	411
122.870	417
122.920	410
122.971	425
123.021	427
123.071	423
123.121	436
123.171	431
123.221	438
123.272	444
123.323	435
123.373	443
123.423	441
123.473	430
123.523	435
123.574	423
123.624	422
123.674	419
123.724	406
123.774	409
123.825	404
123.875	393
123.925	398
123.975	389
124.025	395
124.075	400
124.126	395
124.176	409
124.227	414
124.277	414
124.327	430
124.378	425
124.428	441
124.478	448
124.528	440
124.578	455
124.628	453
124.679	445
124.729	450
124.779	432
124.829	433
124.879	430
124.929	412
124.980	413
125.030	404
125.080	389
125.131	394
125.181	382
125.232	387
125.282	391
125.332	387
125.382	399
125.432	406
125.482	408
125.533	423
125.583	420
125.633	438
125.683	446
125.733	439
125.783	455
125.834	454
125.884	448
125.934	454
125.984	435
126.035	442
126.086	436
126.136	418
126.186	421
126.236	412
126.286	400
126.336	402
126.387	389
126.437	396
126.487	396
126.537	391
126.587	400
126.637	403
126.688	404
126.738	415
126.788	408
126.838	427
126.888	432
126.940	426
126.990	440
127.040	439
127.090	437
127.140	443
127.190	430
127.241	441
127.291	438
127.341	426
127.391	432
127.441	425
127.491	418
127.542	421
127.592	406
127.642	416
127.692	413
127.742	403
127.793	410
127.844	407
127.894	403
127.944	410
127.994	400
128.044	412
128.095	413
128.145	409
128.195	418
128.245	418
128.295	419
128.346	428
128.396	418
128.446	434
128.496	436
128.546	431
128.596	441
128.647	439
128.698	436
128.748	441
128.798	428
128.848	435
128.898	430
128.949	417
128.999	420
129.049	413
129.099	405
129.149	406
129.200	394
129.250	400
129.300	399
129.350	390
129.400	401
129.450	403
129.501	405
129.551	415
129.602	411
129.652	429
129.702	435
129.752	432
129.803	447
129.853	444
129.903	449
129.953	453
130.003	441
130.054	449
130.104	442
130.154	428
130.204	430
130.254	415
130.304	410
130.355	406
130.405	391
130.455	395
130.506	392
130.556	384
130.606	393
130.657	393
130.707	396
130.757	407
130.807	404
130.857	422
130.908	429
130.958	428
131.008	445
131.058	437
131.108	451
131.158	455
131.209	441
131.259	452
131.309	447
131.359	435
131.410	436
131.461	416
131.511	417
131.561	413
131.611	399
131.661	403
131.711	398
131.762	391
131.812	397
131.862	391
131.912	400
131.962	406
132.012	401
132.063	416
132.113	421
132.163	419
132.213	433
132.263	426
132.315	438
132.365	442
132.415	434
132.465	443
132.515	440
132.565	433
132.616	438
132.666	421
132.716	429
132.766	426
132.816	412
132.866	420
132.917	415
132.967	409
133.017	413
133.067	403
133.117	410
133.168	411
133.219	401
133.269	411
133.319	411
133.369	408
133.419	416
133.470	407
133.520	419
133.570	422
133.620	414
133.670	427
133.720	427
133.771	426
133.821	435
133.871	425
133.921	439
133.971	440
134.022	430
134.072	439
134.123	435
134.173	427
134.223	431
134.273	416
134.324	422
134.374	417
134.424	405
134.474	409
134.524	404
134.574	397
134.625	401
134.675	391
134.725	403
134.775	404
134.825	401
134.876	414
134.926	418
134.976	421
135.027	434
135.077	426
135.127	445
135.178	448
135.228	441
135.278	452
135.328	447
135.378	442
135.429	443
135.479	429
135.529	431
135.579	423
135.629	409
135.679	409
135.730	401
135.780	392
135.830	395
135.880	384
135.931	393
135.981	396
136.032	393
136.082	407
136.132	411
136.182	417
136.232	429
136.283	426
136.333	442
136.383	447
136.433	441
136.483	453
136.533	447
136.584	447
136.634	447
136.684	430
136.734	435
136.785	428
136.835	414
136.886	415
136.936	411
136.986	400
137.036	401
137.086	390
137.137	400
137.187	401
137.237	394
137.287	407
137.337	407
137.387	412
137.438	421
137.488	417
137.538	431
137.588	434
137.638	429
137.690	440
137.740	435
137.790	437
137.840	440
137.890	426
137.940	435
137.991	432
138.041	420
138.091	428
138.141	415
138.191	418
138.241	419
138.292	408
138.342	415
138.392	413
138.442	404
138.492	412
138.542	407
138.594	409
138.644	413
138.694	402
138.744	415
138.794	415
138.845	410
138.895	421
138.945	410
138.995	422
139.045	429
139.095	421
139.146	434
139.196	435
139.246	430
139.296	440
139.346	427
139.397	438
139.447	438
139.498	425
139.548	432
139.598	426
139.648	416
139.699	418
139.749	403
139.799	406
139.849	405
139.899	394
139.949	401
140.000	400
140.050	395
140.100	405
140.150	399
140.200	414
140.251	421
140.301	417
140.351	434
140.402	438
140.452	438
140.502	448
140.553	435
140.603	450
140.653	449
140.703	436
140.753	442
140.803	433
140.854	423
140.904	421
140.954	404
141.004	408
141.054	403
141.105	392
141.155	397
141.205	394
141.255	390
141.306	399
141.356	394
141.407	410
141.457	416
141.507	413
141.557	430
141.607	434
141.658	438
141.708	446
141.758	436
141.808	450
141.858	448
141.908	438
141.959	443
142.009	435
142.059	426
142.109	426
142.159	409
142.210	415
142.261	410
142.311	399
142.361	404
142.411	401
142.461	400
142.512	405
142.562	396
142.612	411
142.662	414
142.712	410
142.762	423
142.813	425
142.863	426
142.913	433
142.963	426
143.013	437
143.063	436
143.115	426
143.165	436
143.215	431
143.265	428
143.315	431
143.366	420
143.416	427
143.466	424
143.516	416
143.566	422
143.616	415
143.667	414
143.717	417
143.767	408
143.817	415
143.867	414
143.917	404
143.968	414
144.019	411
144.069	410
144.119	415
144.169	407
144.220	419
144.270	421
144.320	416
144.370	427
144.420	426
144.470	430
144.521	436
144.571	426
144.621	440
144.671	439
144.721	432
144.771	438
144.822	427
144.872	429
144.923	428
144.973	415
145.023	418
145.074	412
145.124	401
145.174	406
145.224	395
145.274	397
145.324	402
145.375	394
145.425	406
145.475	410
145.525	408
145.575	421
145.626	416
145.676	432
145.726	440
145.776	433
145.827	448
145.877	448
145.928	442
145.978	449
146.028	434
146.078	437
146.128	433
146.178	417
146.229	420
146.279	413
146.329	400
146.379	403
146.429	389
146.480	396
146.530	397
146.580	391
146.630	401
146.681	406
146.731	404
146.782	419
146.832	413
146.882	429
146.932	436
146.982	430
147.032	445
147.083	444
147.133	441
147.183	446
147.233	430
147.283	439
147.334	434
147.384	420
147.434	425
147.484	418
147.534	409
147.585	412
147.636	399
147.686	406
147.736	407
147.786	399
147.836	409
147.886	410
147.937	406
147.987	416
148.037	408
148.087	422
148.137	425
148.188	420
148.238	430
148.288	429
148.338	426
148.388	433
148.438	422
148.490	433
148.540	433
148.590	421
148.640	432
148.690	429
148.741	423
148.791	429
148.841	417
148.891	426
148.941	424
148.991	412
149.042	420
149.092	415
149.142	409
149.192	413
149.242	404
149.292	411
149.343	410
149.394	403
149.444	412
149.494	411
149.544	410
149.595	419
149.645	412
149.695	427
149.745	431
149.795	425
149.845	439
149.896	438
149.946	437
149.996	443
150.046	430
150.096	441
150.146	437
150.197	425
150.247	429
150.298	422
150.348	413
150.398	412
150.449	400
150.499	403
150.549	400
150.599	391
150.649	400
150.699	399
150.750	400
150.800	410
150.850	405
150.900	423
150.950	428
151.000	425
151.051	441
151.101	439
151.151	444
151.202	450
151.252	439
151.303	448
151.353	443
151.403	430
151.453	433
151.503	415
151.553	416
151.604	413
151.654	397
151.704	403
151.754	399
151.804	392
151.854	399
151.905	395
151.955	400
152.005	409
152.055	403
152.106	420
152.157	425
152.207	424
152.257	436
152.307	431
152.357	440
152.407	445
152.458	435
152.508	443
152.558	439
152.608	430
152.658	433
152.709	416
152.759	420
152.809	420
152.859	406
152.909	413
152.959	410
153.011	404
153.061	409
153.111	399
153.161	408
153.211	413
153.261	404
153.312	417
153.362	419
153.412	416
153.462	425
153.512	416
153.563	427
153.613	429
153.663	422
153.713	431
153.763	429
153.813	424
153.864	431
153.915	420
153.965	429
154.015	430
154.065	419
154.115	429
154.166	426
154.216	420
154.266	425
154.316	411
154.366	421
154.417	419
154.467	408
154.517	415
154.567	412
154.617	404
154.667	411
154.718	401
154.768	412
154.819	413
154.869	405
154.919	418
154.970	420
155.020	420
155.070	430
155.120	423
155.170	438
155.220	440
155.271	431
155.321	443
155.371	439
155.421	434
155.471	437
155.521	422
155.572	429
155.622	423
155.672	410
155.723	413
155.773	406
155.824	398
155.874	402
155.924	391
155.974	400
156.024	402
156.074	399
156.125	411
156.175	413
156.225	416
156.275	429
156.325	424
156.375	441
156.426	445
156.476	439
156.526	450
156.576	445
156.627	442
156.678	443
156.728	429
156.778	433
156.828	426
156.878	412
156.928	414
156.979	407
157.029	398
157.079	400
157.129	389
157.179	400
157.229	400
157.280	396
157.330	409
157.380	411
157.430	416
157.480	426
157.532	420
157.582	437
157.632	440
157.682	432
157.732	444
157.782	439
157.833	437
157.883	441
157.933	426
157.983	433
158.033	427
158.083	414
158.134	419
158.184	411
158.234	410
158.284	411
158.334	399
158.385	409
158.436	409
158.486	404
158.536	413
158.586	411
158.636	414
158.687	421
158.737	415
158.787	426
158.837	426
158.887	420
158.938	430
158.988	419
159.038	428
159.088	431
159.138	420
159.188	431
159.239	429
159.290	420
159.340	429
159.390	419
159.440	424
159.490	427
159.541	415
159.591	425
159.641	422
159.691	415
159.741	420
159.792	409
159.842	413
159.892	414
159.942	404
159.992	413
160.042	411
160.093	404
160.143	413
160.194	404
160.244	414
160.294	421
160.344	414
160.395	429
160.445	431
160.495	428
160.545	438
160.595	430
160.646	440
160.696	441
160.746	429
160.796	437
160.846	432
160.896	421
160.947	424
160.997	410
161.047	412
161.098	409
161.148	397
161.198	403
161.249	400
161.299	395
161.349	403
161.399	398
161.449	410
161.500	416
161.550	412
161.600	428
161.650	431
161.700	432
161.750	444
161.801	435
161.851	447
161.901	447
161.951	437
162.002	442
162.053	435
162.103	426
162.153	426
162.203	412
162.253	413
162.303	409
162.354	394
162.404	402
162.454	399
162.504	394
162.554	402
162.604	398
162.655	409
162.705	415
162.755	412
162.805	426
162.855	429
162.907	431
162.957	440
163.007	430
163.057	443
163.107	443
163.157	431
163.208	439
163.258	433
163.308	426
163.358	427
163.408	412
163.458	418
163.509	415
163.559	406
163.609	411
163.659	409
163.709	404
163.760	411
163.811	403
163.861	415
163.911	416
163.961	412
164.011	422
164.062	422
164.112	422
164.162	427
164.212	418
164.262	430
164.312	429
164.363	422
164.413	430
164.463	424
164.513	424
164.563	428
164.614	418
164.664	428
164.715	427
164.765	418
164.815	427
164.865	422
164.916	422
164.966	424
165.016	413
165.066	422
165.116	419
165.166	412
165.217	416
165.267	411
165.317	410
165.367	413
165.417	406
165.468	414
165.518	414
165.568	408
165.619	421
165.669	415
165.719	423
165.770	430
165.820	423
165.870	437
165.920	438
165.970	432
166.021	440
166.071	427
166.121	434
166.171	434
166.221	420
166.271	425
166.322	419
166.372	409
166.422	411
166.472	400
166.523	401
166.573	403
166.624	394
166.674	404
166.724	405
166.774	403
166.824	415
166.875	411
166.925	424
166.975	432
167.025	428
167.075	442
167.125	443
167.176	438
167.226	447
167.276	432
167.326	439
167.377	439
167.427	424
167.478	427
167.528	420
167.578	407
167.628	410
167.678	395
167.729	400
167.779	401
167.829	392
167.879	403
167.929	403
167.979	402
168.030	414
168.080	412
168.130	424
168.180	430
168.230	425
168.282	440
168.332	440
168.382	436
168.432	444
168.482	433
168.532	438
168.583	436
168.633	423
168.683	428
168.733	421
168.783	411
168.833	415
168.884	401
168.934	409
168.984	409
169.034	401
169.084	410
169.134	410
169.186	409
169.236	417
169.286	408
169.336	422
169.386	424
169.437	418
169.487	428
169.537	428
169.587	424
169.637	430
169.687	419
169.738	431
169.788	429
169.838	418
169.888	428
169.938	425
169.989	420
170.039	427
170.090	416
170.140	425
170.190	425
170.240	415
170.291	425
170.341	420
170.391	416
170.441	421
170.491	411
170.541	418
170.592	416
170.642	408
170.692	415
170.742	412
170.792	411
170.843	416
170.893	407
170.943	420
170.994	422
171.044	417
171.094	429
171.145	428
171.195	430
171.245	437
171.295	425
171.345	439
171.395	438
171.446	427
171.496	434
171.546	426
171.596	424
171.646	422
171.697	407
171.747	413
171.797	409
171.847	398
171.898	405
171.948	403
171.999	400
172.049	407
172.099	402
172.149	414
172.199	419
172.250	417
172.300	430
172.350	430
172.400	436
172.450	444
172.500	434
172.551	446
172.601	444
172.651	434
172.701	439
172.751	428
172.802	425
172.853	422
172.903	408
172.953	412
173.003	406
173.053	396
173.104	402
173.154	391
173.204	400
173.254	405
173.304	398
173.354	414
173.405	418
173.455	416
173.505	430
173.555	421
173.605	434
173.655	441
173.707	432
173.757	442
173.807	441
173.857	432
173.907	435
173.958	423
174.008	423
174.058	422
174.108	409
174.158	416
174.208	412
174.259	404
174.309	410
174.359	400
174.409	409
174.459	412
174.509	406
174.560	418
174.611	419
174.661	416
174.711	426
174.761	417
174.812	428
174.862	430
174.912	422
174.962	431
175.012	429
175.062	423
175.113	429
175.163	417
175.213	426
175.263	426
175.313	415
175.363	426
175.414	423
175.464	417
175.515	425
175.565	415
175.615	423
175.666	423
175.716	413
175.766	421
175.816	419
175.866	412
175.916	418
175.967	409
176.017	416
176.067	415
176.117	407
176.167	416
176.218	417
176.268	414
176.318	422
176.368	416
176.419	428
176.469	431
176.520	424
176.570	436
176.620	436
176.670	431
176.720	437
176.770	425
176.821	434
176.871	430
176.921	417
176.971	422
177.021	415
177.072	408
177.122	410
177.172	399
177.222	405
177.273	405
177.323	395
177.374	407
177.424	409
177.474	409
177.524	420
177.574	414
177.624	430
177.675	435
177.725	431
177.775	443
177.825	441
177.875	441
177.926	444
177.976	431
178.026	439
178.076	433
178.126	417
178.177	422
178.228	414
178.278	408
178.328	408
178.378	394
178.428	402
178.478	401
178.529	395
178.579	406
178.629	410
178.679	410
178.729	419
178.780	412
178.830	429
178.880	434
178.930	429
178.980	441
179.030	436
179.082	437
179.132	441
179.182	427
179.232	436
179.282	431
179.333	418
179.383	423
179.433	415
179.483	412
179.533	413
179.583	401
179.634	411
179.684	410
179.734	405
179.784	413
179.834	407
179.884	413
179.935	419
179.986	412
180.036	424
180.086	425
180.136	421
180.187	429
180.237	419
180.287	427
180.337	429
180.387	421
180.437	429
180.488	427
180.538	420
180.588	428
180.638	416
180.688	424
180.738	427
180.789	416
180.839	426
180.890	424
180.940	416
180.990	424
181.041	411
181.091	416
181.141	418
181.191	409
181.241	415
181.291	413
181.342	407
181.392	413
181.442	404
181.492	414
181.542	417
181.592	411
181.643	424
181.693	426
181.743	422
181.794	434
181.844	427
181.895	437
181.945	440
181.995	429
182.045	439
182.095	435
182.145	425
182.196	430
182.246	416
182.296	419
182.346	416
182.396	401
182.446	407
182.497	404
182.547	396
182.597	403
182.647	395
182.698	406
182.749	412
182.799	408
182.849	421
182.899	425
182.949	426
182.999	438
183.050	430
183.100	444
183.150	445
183.200	435
183.250	444
183.301	438
183.351	431
183.401	431
183.451	415
183.501	420
183.551	414
183.603	402
183.653	407
183.703	403
183.753	397
183.803	403
183.853	397
183.904	408
183.954	412
184.004	408
184.054	422
184.104	424
184.155	426
184.205	435
184.255	429
184.305	440
184.355	440
184.405	431
184.456	439
184.507	433
184.557	429
184.607	429
184.657	415
184.707	422
184.758	418
184.808	409
184.858	415
184.908	412
184.958	408
185.009	414
185.059	404
185.109	415
185.159	417
185.209	410
185.259	421
185.310	419
185.360	420
185.411	426
185.461	415
185.511	427
185.562	426
185.612	420
185.662	427
185.712	423
185.762	422
185.812	428
185.863	417
185.913	429
185.963	428
186.013	418
186.063	429
186.113	423
186.164	425
186.214	428
186.264	415
186.315	425
186.365	422
186.416	412
186.466	418
186.516	413
186.566	410
186.616	413
186.666	405
186.717	412
186.767	412
186.817	406
186.867	418
186.917	413
186.967	421
187.018	428
187.068	423
187.118	435
187.168	436
187.219	430
187.270	440
187.320	430
187.370	436
187.420	436
187.470	424
187.520	428
187.571	423
187.621	411
187.671	414
187.721	400
187.771	405
187.821	404
187.872	396
187.922	405
187.972	406
188.022	403
188.072	414
188.124	409
188.174	422
188.224	429
188.274	424
188.324	439
188.374	440
188.425	436
188.475	444
188.525	431
188.575	440
188.625	437
188.675	424
188.726	427
188.776	421
188.826	410
188.876	413
188.926	399
188.977	406
189.028	406
189.078	398
189.128	407
189.178	408
189.228	407
189.279	416
189.329	408
189.379	424
189.429	428
189.479	421
189.530	435
189.580	434
189.630	430
189.680	437
189.730	423
189.780	434
189.831	432
189.882	420
189.932	426
189.982	423
190.032	417
190.082	420
190.133	408
190.183	418
190.233	417
190.283	409
190.333	418
190.384	417
190.434	414
190.484	420
190.534	410
190.584	421
190.634	422
190.685	414
190.735	422
190.786	419
190.836	417
190.886	422
190.936	413
190.987	423
191.037	424
191.087	416
191.137	427
191.187	426
191.238	425
191.288	431
191.338	421
191.388	432
191.438	432
191.488	421
191.539	430
191.589	423
191.639	420
191.690	422
191.740	411
191.790	416
191.841	413
191.891	402
191.941	409
191.991	407
192.041	404
192.092	411
192.142	405
192.192	417
192.242	419
192.292	417
192.342	430
192.393	429
192.443	433
192.493	440
192.543	429
192.594	441
192.645	440
192.695	429
192.745	436
192.795	427
192.845	422
192.895	421
192.946	406
192.996	411
193.046	406
193.096	398
193.146	403
193.196	399
193.247	400
193.297	406
193.347	401
193.397	414
193.447	419
193.499	418
193.549	431
193.599	429
193.649	436
193.699	443
193.749	431
193.800	444
193.850	441
193.900	432
193.950	436
194.000	421
194.050	424
194.101	421
194.151	408
194.201	413
194.251	409
194.301	400
194.352	407
194.403	398
194.453	404
194.503	411
194.553	404
194.603	417
194.654	419
194.704	417
194.754	427
194.804	421
194.854	428
194.904	433
194.955	423
195.005	435
195.055	431
195.105	423
195.155	430
195.206	418
195.256	425
195.307	425
195.357	415
195.407	422
195.457	421
195.508	413
195.558	421
195.608	407
195.658	418
195.708	420
195.758	411
195.809	420
195.859	418
195.909	413
195.959	419
196.009	411
196.060	418
196.110	418
196.160	411
196.211	421
196.261	420
196.311	416
196.362	426
196.412	417
196.462	428
196.512	432
196.562	423
196.613	435
196.663	434
196.713	428
196.763	434
196.813	421
196.863	430
196.914	427
196.964	416
197.014	419
197.064	414
197.115	406
197.165	409
197.216	397
197.266	406
197.316	407
197.366	398
197.416	411
197.467	413
197.517	414
197.567	425
197.617	419
197.667	434
197.717	437
197.768	430
197.818	443
197.868	440
197.918	436
197.969	440
198.019	426
198.070	433
198.120	427
198.170	414
198.220	418
198.270	411
198.321	403
198.371	406
198.421	396
198.471	404
198.521	405
198.571	401
198.622	412
198.672	413
198.722	416
198.772	425
198.822	420
198.874	433
198.924	437
198.974	430
199.024	440
199.074	436
199.124	432
199.175	436
199.225	423
199.275	430
199.325	425
199.375	412
199.425	419
199.476	415
199.526	410
199.576	414
199.626	403
199.676	413
199.726	414
199.778	407
199.828	417
199.878	415
199.928	418
199.978	424
200.029	416
200.079	426
200.129	426
200.179	418
200.229	427
200.279	424
200.330	424
200.380	427
200.430	418
200.480	426
200.530	426
200.581	418
200.631	427
200.682	422
200.732	424
200.782	427
200.832	416
200.883	427
200.933	425
200.983	417
201.033	423
201.083	415
201.133	416
201.184	417
201.234	406
201.284	414
201.334	413
201.384	406
201.435	414
201.485	404
201.535	416
201.586	421
201.636	416
201.686	427
201.737	429
201.787	426
201.837	437
201.887	428
201.937	437
201.987	439
202.038	430
202.088	436
202.138	431
202.188	421
202.238	423
202.289	409
202.339	412
202.389	411
202.439	396
202.490	406
202.540	404
202.591	399
202.641	407
202.691	399
202.741	412
202.791	419
202.842	415
202.892	429
202.942	432
202.992	432
203.042	442
203.092	430
203.143	442
203.193	443
203.243	433
203.293	437
203.343	431
203.394	420
203.445	424
203.495	411
203.545	413
203.595	411
203.645	401
203.696	407
203.746	405
203.796	400
203.846	410
203.896	402
203.946	417
203.997	420
204.047	416
204.097	428
204.147	430
204.197	428
204.247	436
204.299	427
204.349	436
204.399	435
204.449	422
204.499	431
204.550	427
204.600	420
204.650	424
204.700	413
204.750	420
204.800	419
204.851	410
204.901	418
204.951	415
205.001	413
205.051	419
205.101	409
205.152	421
205.203	421
205.253	412
205.303	422
205.353	420
205.404	417
205.454	422
205.504	417
205.554	423
205.604	423
205.654	415
205.705	425
205.755	423
205.805	423
205.855	430
205.905	420
205.955	432
206.006	432
206.056	422
206.107	433
206.157	427
206.207	424
206.258	427
206.308	415
206.358	421
206.408	417
206.458	405
206.508	412
206.559	409
206.609	405
206.659	410
206.709	400
206.759	413
206.810	416
206.860	412
206.910	425
206.960	424
207.011	429
207.061	436
207.112	427
207.162	441
207.212	441
207.262	432
207.312	439
207.362	431
207.413	430
207.463	427
207.513	412
207.563	418
207.613	413
207.664	402
207.714	407
207.764	399
207.814	402
207.865	406
207.915	400
207.966	412
208.016	416
208.066	411
208.116	426
208.166	423
208.216	430
208.267	438
208.317	429
208.367	441
208.417	439
208.467	432
208.518	437
208.568	422
208.618	427
208.668	425
208.718	413
208.769	419
208.820	415
208.870	405
208.920	412
208.970	404
209.020	409
209.070	414
209.121	406
209.171	418
209.221	419
209.271	414
209.321	425
209.372	417
209.422	426
209.472	429
209.522	419
209.572	430
209.622	427
209.674	421
209.724	427
209.774	417
209.824	425
209.874	426
209.925	414
209.975	425
210.025	424
210.075	417
210.125	425
210.175	415
210.226	424
210.276	425
210.326	415
210.376	424
210.426	421
210.476	416
210.527	420
210.578	408
210.628	416
210.678	416
210.728	407
210.779	416
210.829	416
210.879	412
210.929	421
210.979	413
211.029	427
211.080	429
211.130	424
211.180	435
211.230	434
211.280	430
211.330	437
211.381	424
211.431	434
211.482	431
211.532	417
211.582	425
211.633	418
211.683	410
211.733	412
211.783	400
211.833	408
211.883	406
211.934	400
211.984	410
212.034	411
212.084	412
212.134	420
212.184	414
212.235	430
212.285	433
212.335	430
212.386	440
212.436	438
212.487	436
212.537	441
212.587	428
212.637	435
212.687	430
212.737	418
212.788	422
212.838	415
212.888	409
212.938	411
212.988	398
213.038	409
213.089	409
213.139	402
213.189	413
213.239	413
213.290	414
213.341	423
213.391	417
213.441	430
213.491	431
213.541	426
213.591	435
213.642	430
213.692	430
213.742	432
213.792	422
213.842	429
213.893	426
213.943	418
213.993	423
214.043	415
214.093	417
214.143	419
214.195	408
214.245	419
214.295	419
214.345	412
214.395	422
214.445	415
214.496	420
214.546	423
214.596	413
214.646	423
214.696	422
214.747	414
214.797	421
214.847	411
214.897	419
214.947	422
214.997	413
215.048	424
215.099	425
215.149	420
215.199	429
215.249	419
215.299	429
215.350	432
215.400	421
215.450	433
215.500	430
215.550	422
215.601	428
215.651	416
215.701	417
215.751	419
215.801	405
215.851	413
215.902	410
215.952	404
216.003	410
216.053	402
216.103	409
216.154	417
216.204	408
216.254	425
216.304	426
216.354	424
216.404	436
216.455	427
216.505	439
216.555	441
216.605	428
216.655	439
216.705	435
216.756	426
216.806	428
216.856	413
216.907	416
216.957	415
217.008	403
217.058	409
217.108	406
217.158	400
217.208	408
217.258	399
217.309	413
217.359	417
217.409	412
217.459	426
217.509	428
217.559	427
217.610	437
217.660	428
217.710	440
217.760	439
217.811	429
217.862	435
217.912	431
217.962	424
218.012	425
218.062	409
218.112	419
218.163	415
218.213	406
218.263	413
218.313	411
218.363	408
218.413	415
218.464	406
218.514	419
218.564	421
218.614	415
218.664	426
218.716	425
218.766	423
218.816	429
218.866	418
218.916	430
218.966	428
219.017	419
219.067	427
219.117	423
219.167	420
219.217	425
219.267	416
219.318	425
219.368	424
219.418	415
219.468	426
219.518	424
219.569	420
219.620	426
219.670	416
219.720	425
219.770	423
219.820	414
219.871	420
219.921	418
219.971	412
220.021	417
220.071	408
220.122	416
220.172	417
220.222	409
220.272	421
220.322	419
220.372	422
220.423	428
220.474	420
220.524	434
220.574	435
220.624	427
220.674	437
220.725	431
220.775	430
220.825	431
220.875	417
220.925	425
220.976	420
221.026	410
221.076	413
221.126	407
221.176	405
221.226	408
221.277	400
221.327	409
221.378	412
221.428	409
221.478	420
221.528	415
221.579	424
221.629	433
221.679	425
221.729	440
221.779	440
221.830	432
221.880	440
221.930	431
221.980	432
222.030	431
222.080	417
222.131	422
222.181	417
222.231	407
222.282	412
222.332	401
222.382	405
222.433	409
222.483	400
222.533	413
222.583	415
222.633	411
222.684	423
222.734	416
222.784	426
222.834	433
222.884	423
222.934	436
222.985	434
223.035	428
223.085	433
223.135	421
223.186	428
223.237	426
223.287	416
223.337	422
223.387	419
223.437	410
223.487	418
223.538	408
223.588	417
223.638	420
223.688	410
223.738	421
223.788	421
223.839	417
223.889	425
223.939	414
223.989	424
224.039	424
224.091	414
224.141	423
224.191	422
224.241	417
224.291	422
224.341	412
224.392	422
224.442	423
224.492	416
224.542	427
224.592	425
224.642	422
224.693	430
224.743	419
224.793	431
224.843	430
224.893	421
224.944	429
224.995	424
225.045	417
225.095	422
225.145	410
225.195	416
225.246	414
225.296	404
225.346	412
225.396	410
225.446	406
225.496	415
225.547	407
225.597	421
225.647	424
225.697	418
225.747	432
225.798	433
225.848	432
225.899	439
225.949	429
225.999	439
226.049	437
226.100	425
226.150	431
226.200	423
226.250	418
226.300	418
226.350	405
226.401	411
226.451	407
226.501	398
226.551	407
226.601	406
226.652	406
226.702	414
226.752	407
226.803	423
226.853	427
226.903	421
226.954	435
227.004	435
227.054	434
227.104	440
227.154	429
227.205	438
227.255	434
227.305	424
227.355	428
227.405	421
227.455	416
227.506	417
227.556	404
227.606	412
227.656	410
227.707	404
227.757	412
227.808	411
227.858	412
227.908	419
227.958	411
228.008	424
228.059	427
228.109	421
228.159	431
228.209	427
228.259	428
228.309	431
228.360	420
228.410	429
228.460	426
228.510	418
228.561	425
228.611	419
228.662	418
228.712	422
228.762	411
228.812	423
228.862	423
228.913	416
228.963	424
229.013	415
229.063	421
229.113	424
229.163	414
229.214	422
229.264	421
229.314	414
229.364	420
229.414	407
229.466	416
229.516	418
229.566	410
229.616	420
229.666	421
229.716	416
229.767	426
229.817	417
229.867	428
229.917	432
229.967	423
230.017	435
230.068	434
230.118	426
230.168	432
230.218	418
230.268	424
230.318	423
230.370	412
230.420	416
230.470	413
230.520	403
230.570	409
230.621	399
230.671	408
230.721	410
230.771	404
230.821	418
230.871	420
230.922	419
230.972	430
231.022	421
231.072	436
231.122	439
231.173	431
231.223	440
231.274	438
231.324	430
231.374	433
231.424	418
231.475	424
231.525	420
231.575	405
231.625	413
231.675	409
231.725	402
231.776	408
231.826	398
231.876	410
231.926	413
231.976	408
232.027	421
232.077	422
232.127	421
232.178	432
232.228	423
232.278	436
232.329	437
232.379	428
232.429	436
232.479	431
232.529	424
232.579	428
232.630	414
232.680	422
232.730	419
232.780	408
232.830	416
232.881	413
232.931	410
232.981	416
233.031	406
233.082	419
233.132	420
233.183	416
233.233	424
233.283	423
233.333	420
233.383	427
233.434	419
233.484	427
233.534	426
233.584	417
233.634	425
233.684	421
233.735	419
233.785	422
233.835	413
233.885	424
233.935	423
233.986	416
234.037	426
234.087	424
234.137	422
234.187	428
234.237	415
234.288	427
234.338	426
234.388	418
234.438	423
234.488	417
234.538	416
234.589	418
234.639	407
234.689	415
234.739	413
234.789	407
234.839	416
234.891	414
234.941	414
234.991	423
235.041	416
235.091	429
235.142	432
235.192	425
235.242	436
235.292	431
235.342	433
235.392	435
235.443	425
235.493	431
235.543	426
235.593	414
235.643	419
235.693	407
235.744	409
235.795	409
235.845	400
235.895	409
235.945	408
235.996	402
236.046	414
236.096	409
236.146	418
236.196	426
236.246	421
236.297	433
236.347	435
236.397	430
236.447	439
236.497	427
236.547	434
236.598	433
236.648	421
236.699	427
236.749	423
236.799	411
236.850	416
236.900	404
236.950	408
237.000	410
237.050	401
237.100	412
237.151	412
237.201	410
237.251	419
237.301	410
237.351	424
237.402	428
237.452	419
237.502	432
237.552	431
237.603	426
237.653	433
237.704	421
237.754	427
237.804	427
237.854	416
237.904	423
237.954	420
238.005	412
238.055	419
238.105	410
238.155	417
238.205	420
238.256	411
238.306	422
238.356	421
238.406	416
238.457	425
238.507	415
238.558	424
238.608	426
238.658	416
238.708	424
238.758	421
238.808	416
238.859	421
238.909	409
238.959	420
239.009	420
239.059	414
239.110	421
239.160	421
239.210	419
239.260	427
239.310	416
239.361	430
239.412	431
239.462	421
239.512	432
239.562	429
239.612	422
239.662	427
239.713	414
239.763	422
239.813	418
239.863	407
239.913	414
239.964	411
240.014	407
240.064	413
240.114	404
240.164	416
240.214	419
240.266	412
240.316	426
240.366	426
240.416	428
240.466	436
240.517	428
240.567	439
240.617	437
240.667	427
240.717	435
240.767	429
240.818	423
240.868	424
240.918	413
240.968	416
241.018	413
241.068	401
241.119	410
241.170	407
241.220	404
241.270	412
241.320	408
241.371	418
241.421	422
241.471	416
241.521	430
241.571	427
241.621	432
241.672	437
241.722	429
241.772	438
241.822	436
241.872	426
241.922	431
241.973	423
242.023	421
242.074	421
242.124	408
242.174	415
242.225	413
242.275	404
242.325	413
242.375	411
242.425	412
242.475	418
242.526	407
242.576	423
242.626	425
242.676	421
242.726	430
242.776	423
242.827	429
242.877	431
242.927	421
242.978	430
243.028	427
243.079	419
243.129	424
243.179	411
243.229	417
243.279	420
243.329	411
243.380	420
243.430	420
243.480	416
243.530	423
243.580	414
243.630	423
243.681	427
243.731	418
243.781	427
243.831	425
243.882	418
243.933	425
243.983	412
244.033	418
244.083	421
244.133	409
244.183	419
244.234	417
244.284	411
244.334	419
244.384	413
244.434	420
244.485	425
244.535	417
244.585	430
244.635	430
244.685	425
244.735	433
244.787	426
244.837	432
244.887	431
244.937	420
244.987	426
245.037	422
245.088	414
245.138	417
245.188	405
245.238	412
245.288	411
245.339	400
245.389	412
245.439	412
245.489	410
245.539	420
245.589	413
245.640	428
245.691	431
245.741	423
245.791	436
245.841	436
245.891	432
245.942	438
245.992	426
246.042	434
246.092	430
246.142	420
246.193	422
246.243	417
246.293	408
246.343	413
246.393	401
246.443	410
246.494	410
246.544	402
246.595	414
246.645	415
246.695	414
246.746	424
246.796	417
246.846	431
246.896	434
246.946	427
246.996	436
247.047	433
247.097	429
247.147	434
247.197	421
247.247	429
247.297	425
247.348	414
247.398	419
247.448	415
247.499	411
247.549	415
247.600	404
247.650	416
247.700	417
247.750	411
247.800	422
247.850	421
247.901	420
247.951	428
248.001	417
248.051	430
248.101	429
248.151	421
248.202	429
248.252	421
248.302	421
248.352	424
248.403	412
248.454	422
248.504	420
248.554	413
248.604	422
248.654	418
248.704	419
248.755	424
248.805	416
248.855	427
248.905	427
248.955	420
249.005	429
249.056	423
249.106	424
249.156	426
249.206	416
249.256	423
249.308	420
249.358	410
249.408	417
249.458	413
249.508	412
249.558	416
249.609	408
249.659	419
249.709	419
249.759	417
249.809	427
249.859	421
249.910	429
249.960	434
250.010	424
250.060	436
250.110	434
250.161	428
250.212	432
250.262	421
250.312	423
250.362	423
250.412	410
250.463	415
250.513	411
250.563	404
250.613	410
250.663	400
250.714	408
250.764	413
250.814	406
250.864	420
250.914	423
250.964	421
251.015	432
251.066	423
251.116	433
251.166	439
251.216	429
251.266	438
251.317	434
251.367	426
251.417	430
251.467	417
251.517	420
251.568	418
251.618	405
251.668	413
251.718	410
251.768	402
251.818	411
251.869	404
251.919	413
251.970	418
252.020	411
252.070	425
252.120	427
252.171	425
252.221	434
252.271	424
252.321	434
252.371	435
252.422	425
252.472	432
252.522	427
252.572	421
252.622	423
252.672	410
252.723	419
252.773	417
252.823	408
252.874	416
252.924	415
252.974	410
253.025	419
253.075	411
253.125	422
253.175	424
253.225	417
253.276	427
253.326	425
253.376	423
253.426	428
253.476	418
253.526	426
253.577	423
253.627	414
253.677	422
253.727	419
253.778	415
253.829	421
253.879	409
253.929	422
253.979	422
254.029	414
254.079	425
254.130	423
254.180	424
254.230	429
254.280	419
254.330	429
254.380	427
254.431	418
254.481	424
254.531	421
254.581	416
254.631	418
254.683	407
254.733	415
254.783	414
254.833	404
254.883	415
254.933	415
254.984	412
255.034	421
255.084	414
255.134	427
255.184	429
255.234	425
255.285	435
255.335	429
255.385	432
255.435	436
255.485	423
255.536	431
255.587	427
255.637	416
255.687	420
255.737	415
255.787	408
255.838	411
255.888	399
255.938	409
255.988	409
256.038	405
256.088	413
256.139	415
256.189	418
256.239	425
256.289	417
256.339	432
256.390	434
256.440	429
256.491	438
256.541	431
256.591	433
256.641	434
256.692	420
256.742	428
256.792	423
256.842	411
256.892	416
256.942	405
256.993	409
257.043	412
257.093	402
257.143	412
257.193	413
257.244	407
257.294	420
257.344	411
257.395	422
257.445	428
257.495	418
257.546	432
257.596	431
257.646	425
257.696	432
257.746	421
257.797	426
257.847	426
257.897	412
257.947	422
257.997	420
258.047	412
258.098	419
258.148	407
258.198	416
258.248	420
258.299	412
258.349	422
258.400	423
258.450	417
258.500	426
258.550	417
258.600	425
258.651	426
258.701	418
258.751	425
258.801	422
258.851	415
258.901	421
258.952	409
259.002	417
259.052	419
259.102	409
259.153	420
259.203	421
259.254	417
259.304	425
259.354	417
259.404	428
259.454	431
259.505	421
259.555	432
259.605	430
259.655	422
259.705	429
259.755	416
259.806	423
259.856	420
259.906	410
259.956	415
260.006	412
260.058	406
260.108	411
260.158	401
260.208	413
260.258	415
260.308	409
260.359	422
260.409	423
260.459	423
260.509	433
260.559	426
260.609	437
260.660	437
260.710	427
260.760	436
260.810	431
260.860	424
260.910	427
260.962	415
261.012	419
261.062	415
261.112	403
261.162	410
261.213	407
261.263	403
261.313	410
261.363	402
261.413	415
261.463	418
261.514	413
261.564	427
261.614	427
261.664	428
261.714	435
261.765	426
261.815	437
261.866	436
261.916	425
261.966	432
262.016	426
262.067	421
262.117	422
262.167	408
262.217	417
262.267	414
262.317	406
262.368	413
262.418	413
262.468	410
262.518	417
262.568	409
262.619	422
262.669	423
262.719	418
262.770	429
262.820	425
262.870	426
262.921	430
262.971	420
263.021	429
263.071	426
263.121	417
263.171	424
263.222	418
263.272	418
263.322	420
263.372	411
263.422	420
263.473	421
263.523	414
263.573	423
263.623	415
263.674	422
263.724	427
263.775	416
263.825	427
263.875	426
263.925	416
263.975	424
264.026	415
264.076	418
264.126	419
264.176	408
264.226	417
264.276	416
264.327	410
264.377	418
264.427	408
264.477	418
264.527	423
264.578	416
264.629	428
264.679	430
264.729	424
264.779	434
264.829	422
264.880	430
264.930	433
264.980	422
265.030	428
265.080	423
265.130	413
265.181	418
265.231	405
265.281	410
265.331	411
265.381	400
265.431	410
265.483	410
265.533	406
265.583	417
265.633	410
265.683	422
265.734	428
265.784	421
265.834	435
265.884	435
265.934	431
265.984	439
266.035	427
266.085	435
266.135	432
266.185	421
266.235	425
266.285	419
266.336	410
266.387	413
266.437	402
266.487	408
266.537	409
266.588	400
266.638	411
266.688	412
266.738	410
266.788	420
266.838	413
266.889	428
266.939	431
266.989	423
267.039	436
267.089	434
267.139	429
267.190	435
267.240	423
267.291	430
267.341	427
267.391	415
267.442	422
267.492	417
267.542	411
267.592	415
267.642	406
267.692	414
267.743	415
267.793	408
267.843	418
267.893	418
267.943	416
267.994	424
268.044	415
268.094	427
268.144	427
268.195	420
268.245	428
268.296	425
268.346	421
268.396	425
268.446	412
268.496	423
268.546	421
268.597	413
268.647	422
268.697	419
268.747	418
268.797	424
268.848	415
268.898	426
268.948	426
268.998	418
269.049	428
269.099	423
269.150	421
269.200	425
269.250	414
269.300	421
269.350	419
269.400	410
269.451	416
269.501	419
269.551	410
269.601	415
269.651	407
269.702	418
269.752	420
269.802	416
269.852	427
269.902	425
269.953	426
270.004	434
270.054	424
270.104	436
270.154	435
270.204	425
270.254	432
270.305	425
270.355	422
270.405	422
270.455	407
270.505	414
270.556	411
270.606	403
270.656	408
270.706	399
270.756	406
270.806	411
270.858	405
270.908	419
270.958	422
271.008	418
271.058	432
271.109	423
271.159	434
271.209	439
271.259	429
271.309	439
271.359	436
271.410	426
271.460	431
271.510	417
271.560	419
271.610	418
271.660	406
271.711	412
271.762	409
271.812	402
271.862	409
271.912	400
271.963	409
272.013	415
272.063	410
272.113	423
272.163	424
272.213	422
272.264	432
272.314	421
272.364	434
272.414	435
272.464	424
272.514	433
272.565	429
272.615	420
272.666	425
272.716	414
272.766	418
272.817	418
272.867	407
272.917	415
272.967	415
273.017	410
273.067	418
273.118	408
273.168	420
273.218	423
273.268	414
273.318	426
273.368	425
273.419	420
273.469	427
273.519	417
273.570	424
273.620	425
273.671	414
273.721	423
273.771	420
273.821	416
273.871	420
273.921	413
273.972	422
274.022	423
274.072	416
274.122	426
274.172	425
274.222	421
274.273	429
274.323	420
274.373	429
274.423	427
274.474	417
274.525	424
274.575	420
274.625	414
274.675	417
274.725	407
274.775	415
274.826	413
274.876	404
274.926	414
274.976	414
275.026	412
275.077	421
275.127	415
275.177	428
275.227	430
275.277	423
275.327	435
275.379	433
275.429	432
275.479	436
275.529	423
275.579	432
275.629	429
275.680	416
275.730	420
275.780	415
275.830	408
275.880	411
275.931	398
275.981	408
276.031	408
276.081	402
276.131	412
276.181	413
276.232	414
276.283	423
276.333	418
276.383	432
276.433	435
276.483	429
276.534	439
276.584	434
276.634	434
276.684	436
276.734	423
276.785	430
276.835	424
276.885	413
276.935	417
276.985	411
277.035	408
277.086	410
277.136	399
277.187	409
277.237	411
277.287	404
277.338	417
277.388	415
277.438	420
277.488	428
277.538	418
277.588	432
277.639	433
277.689	427
277.739	435
277.789	423
277.839	429
277.889	429
277.940	420
277.990	424
278.040	420
278.091	410
278.141	418
278.192	409
278.242	413
278.292	416
278.342	407
278.392	418
278.442	419
278.493	414
278.543	424
278.593	414
278.643	422
278.693	427
278.743	419
278.794	428
278.844	426
278.894	418
278.944	425
278.995	414
279.046	420
279.096	421
279.146	410
279.196	421
279.246	419
279.296	414
279.347	423
279.397	414
279.447	424
279.497	427
279.547	417
279.597	429
279.648	428
279.698	420
279.748	428
279.798	417
279.848	424
279.900	423
279.950	411
280.000	418
280.050	415
280.100	408
280.150	414
280.201	405
280.251	414
280.301	416
280.351	409
280.401	421
280.451	422
280.502	420
280.552	430
280.602	421
280.652	435
280.702	436
280.753	428
280.804	436
280.854	432
280.904	424
280.954	428
281.004	415
281.055	420
281.105	417
281.155	405
281.205	411
281.255	407
281.306	402
281.356	409
281.406	401
281.456	413
281.506	415
281.556	411
281.607	424
281.658	425
281.708	426
281.758	435
281.808	428
281.858	438
281.909	438
281.959	427
282.009	436
282.059	430
282.109	423
282.160	425
282.210	412
282.260	417
282.310	413
282.360	401
282.410	410
282.461	407
282.511	404
282.562	412
282.612	405
282.662	417
282.712	419
282.763	414
282.813	428
282.863	428
282.913	429
282.963	435
283.014	424
283.064	435
283.114	433
283.164	424
283.214	430
283.264	423
283.315	418
283.365	421
283.415	410
283.466	416
283.516	414
283.566	406
283.617	415
283.667	413
283.717	413
283.767	420
283.817	411
283.868	424
283.918	425
283.968	420
284.018	429
284.068	423
284.118	424
284.169	429
284.219	417
284.269	426
284.319	423
284.370	414
284.421	421
284.471	415
284.521	416
284.571	419
284.621	411
284.671	420
284.722	422
284.772	416
284.822	425
284.872	415
284.922	426
284.972	429
285.023	418
285.073	429
285.123	427
285.173	421
285.223	425
285.275	413
285.325	418
285.375	418
285.425	409
285.475	416
285.525	414
285.576	408
285.626	416
285.676	407
285.726	416
285.776	421
285.826	415
285.877	428
285.927	429
285.977	424
286.027	435
286.077	424
286.128	434
286.179	434
286.229	421
286.279	430
286.329	425
286.379	417
286.430	419
286.480	406
286.530	412
286.580	411
286.630	403
286.680	410
286.731	408
286.781	404
286.831	415
286.881	408
286.931	421
286.982	426
287.032	418
287.083	433
287.133	434
287.183	430
287.233	439
287.284	426
287.334	437
287.384	434
287.434	421
287.484	427
287.534	422
287.585	413
287.635	415
287.685	401
287.735	410
287.785	409
287.836	400
287.886	410
287.936	411
287.987	409
288.037	418
288.087	410
288.138	425
288.188	430
288.238	421
288.288	436
288.338	434
288.389	431
288.439	436
288.489	422
288.539	432
288.589	429
288.639	417
288.690	422
288.740	418
288.790	412
288.840	415
288.891	403
288.941	414
288.992	413
289.042	404
289.092	417
289.142	417
289.192	416
289.243	424
289.293	414
289.343	428
289.393	430
289.443	423
289.493	430
289.544	427
289.594	424
289.644	427
289.694	416
289.745	424
289.795	422
289.846	412
289.896	420
289.946	417
289.996	414
290.046	419
290.097	413
290.147	421
290.197	423
290.247	414
290.297	426
290.347	425
290.398	422
290.448	428
290.498	416
290.548	426
290.598	425
290.650	414
290.700	422
290.750	419
290.800	414
290.850	418
290.900	408
290.951	416
291.001	417
291.051	411
291.101	420
291.151	420
291.201	421
291.252	428
291.302	422
291.352	432
291.402	432
291.452	425
291.502	434
291.554	427
291.604	426
291.654	428
291.704	414
291.754	422
291.805	418
291.855	409
291.905	413
291.955	407
292.005	406
292.055	411
292.106	404
292.156	415
292.206	416
292.256	413
292.306	425
292.357	417
292.407	428
292.458	435
292.508	425
292.558	438
292.608	437
292.659	429
292.709	435
292.759	422
292.809	425
292.859	424
292.909	412
292.960	416
293.010	412
293.060	404
293.110	409
293.160	400
293.211	408
293.261	412
293.311	404
293.362	417
293.412	420
293.462	417
293.513	428
293.563	419
293.613	432
293.663	435
293.713	427
293.763	436
293.814	433
293.864	427
293.914	429
293.964	416
294.014	422
294.065	420
294.115	406
294.165	415
294.215	413
294.266	406
294.316	414
294.367	407
294.417	416
294.467	418
294.517	412
294.567	424
294.618	424
294.668	421
294.718	429
294.768	420
294.818	431
294.868	429
294.919	419
294.969	428
295.019	423
295.069	419
295.119	422
295.170	410
295.221	420
295.271	419
295.321	411
295.371	419
295.421	418
295.472	416
295.522	423
295.572	415
295.622	427
295.672	427
295.722	418
295.773	428
295.823	425
295.873	422
295.923	426
295.973	414
296.023	423
296.075	420
296.125	410
296.175	417
296.225	415
296.275	412
296.326	418
296.376	410
296.426	421
296.476	422
296.526	416
296.576	427
296.627	427
296.677	426
296.727	433
296.777	424
296.827	433
296.877	432
296.928	422
296.979	427
297.029	423
297.079	418
297.129	418
297.180	406
297.230	413
297.280	412
297.330	403
297.380	412
297.430	411
297.481	411
297.531	418
297.581	412
297.631	425
297.681	428
297.731	423
297.782	435
297.832	431
297.883	433
297.933	437
297.983	424
298.034	434
298.084	430
298.134	418
298.184	423
298.234	415
298.284	412
298.335	414
298.385	402
298.435	410
298.485	410
298.535	404
298.586	414
298.636	407
298.686	416
298.736	423
298.787	416
298.837	430
298.888	431
298.938	426
298.988	436
299.038	431
299.088	432
299.138	433
299.189	422
299.239	428
299.289	424
299.339	413
299.389	419
299.440	405
299.490	412
299.540	413
299.590	404
299.641	415
299.691	414
299.742	410
299.792	420
299.842	413
299.892	422
299.942	428
299.992	420
300.043	431
300.093	430
300.143	423
300.193	430
300.243	416
300.294	425
300.344	424
300.394	414
300.444	421
300.494	418
300.545	411
300.596	418
300.646	406
300.696	417
300.746	420
300.796	413
300.846	423
300.897	424
300.947	419
300.997	428
301.047	418
301.097	428
301.148	429
301.198	419
301.248	427
301.298	423
301.348	416
301.398	421
301.450	407
301.500	416
301.550	416
301.600	406
301.650	416
301.701	417
301.751	414
301.801	422
301.851	416
301.901	426
301.951	429
302.002	421
302.052	432
302.102	431
302.152	425
302.202	432
302.252	420
302.303	427
302.354	424
302.404	412
302.454	419
302.504	414
302.555	408
302.605	413
302.655	402
302.705	413
302.755	414
302.805	408
302.856	419
302.906	419
302.956	420
303.006	429
303.056	419
303.106	434
303.157	435
303.207	429
303.258	436
303.308	432
303.358	426
303.409	429
303.459	417
303.509	423
303.559	418
303.609	409
303.659	414
303.710	409
303.760	406
303.810	411
303.860	404
303.910	415
303.960	416
304.011	410
304.061	424
