#Creator: pendulumdriveEventBuffer
#Creation time: Tue Apr  4 15:26:34 2017
#Time	Pos
#[s]	[au]
0.050	445
0.101	465
0.151	489
0.201	487
0.251	512
0.301	515
0.352	506
0.402	512
0.452	495
0.502	481
0.552	468
0.602	436
0.653	429
0.703	408
0.753	380
0.803	372
0.853	359
0.904	344
0.955	343
1.005	335
1.055	344
1.105	351
1.155	356
1.206	376
1.256	391
1.306	404
1.356	428
1.406	439
1.456	463
1.507	476
1.557	479
1.607	497
1.657	496
1.707	496
1.759	497
1.809	472
1.859	477
1.909	461
1.959	434
2.009	427
2.060	410
2.110	385
2.160	375
2.210	354
2.260	351
2.310	344
2.361	336
2.411	344
2.461	355
2.511	358
2.561	376
2.612	385
2.663	413
2.713	432
2.763	443
2.813	472
2.863	477
2.914	496
2.964	508
3.014	497
3.064	512
3.114	504
3.164	482
3.215	480
3.265	452
3.315	436
3.365	417
3.415	387
3.466	374
3.516	357
3.567	337
3.617	333
3.667	333
3.717	322
3.768	334
3.818	338
3.868	360
3.918	380
3.968	395
4.018	426
4.069	439
4.119	471
4.169	492
4.219	492
4.269	518
4.320	520
4.370	516
4.420	518
4.471	490
4.521	489
4.571	470
4.622	434
4.672	423
4.722	400
4.772	370
4.822	357
4.872	337
4.923	326
4.973	326
5.023	321
5.073	331
5.123	341
5.174	352
5.224	376
5.274	387
5.324	418
5.375	442
5.425	455
5.476	483
5.526	494
5.576	500
5.626	512
5.676	497
5.727	510
5.777	500
5.827	475
5.877	471
5.927	450
5.977	425
6.028	413
6.078	387
6.128	377
6.178	365
6.228	349
6.279	348
6.330	345
6.380	342
6.430	353
6.480	355
6.530	374
6.581	390
6.631	400
6.681	422
6.731	438
6.781	450
6.831	470
6.882	468
6.932	489
6.982	494
7.032	486
7.082	494
7.132	482
7.184	471
7.234	465
7.284	437
7.334	434
7.384	417
7.435	394
7.485	386
7.535	372
7.585	358
7.635	354
7.685	345
7.736	351
7.786	355
7.836	357
7.886	376
7.936	389
7.986	401
8.037	424
8.088	430
8.138	460
8.188	475
8.238	479
8.289	497
8.339	494
8.389	500
8.439	500
8.489	476
8.539	479
8.590	463
8.640	436
8.690	426
8.740	403
8.790	384
8.840	369
8.891	349
8.941	344
8.992	338
9.042	332
9.092	340
9.143	354
9.193	356
9.243	379
9.293	390
9.343	420
9.393	440
9.444	451
9.494	481
9.544	484
9.594	504
9.644	513
9.695	501
9.745	512
9.795	501
9.845	481
9.896	471
9.946	443
9.997	424
10.047	406
10.097	377
10.147	366
10.197	351
10.247	336
10.298	335
10.348	331
10.398	332
10.448	346
10.498	352
10.549	376
10.599	395
10.649	410
10.699	438
10.749	444
10.800	473
10.851	489
10.901	490
10.951	506
11.001	506
11.051	496
11.101	497
11.152	471
11.202	468
11.252	453
11.302	425
11.352	417
11.403	399
11.453	378
11.503	370
11.553	352
11.603	352
11.653	350
11.705	345
11.755	356
11.805	364
11.855	369
11.905	389
11.956	396
12.006	418
12.056	436
12.106	441
12.156	465
12.206	473
12.257	475
12.307	490
12.357	478
12.407	490
12.457	484
12.507	465
12.558	465
12.609	451
12.659	430
12.709	422
12.759	397
12.810	392
12.860	379
12.910	363
12.960	361
13.010	356
13.060	352
13.111	358
13.161	359
13.211	374
13.261	387
13.311	393
13.361	418
13.412	433
13.462	445
13.513	467
13.563	467
13.613	489
13.664	495
13.714	485
13.764	496
13.814	485
13.864	473
13.914	466
13.965	437
14.015	432
14.065	413
14.115	385
14.165	378
14.215	363
14.266	349
14.316	346
14.367	339
14.417	345
14.467	353
14.518	356
14.568	379
14.618	394
14.668	409
14.718	436
14.768	442
14.819	473
14.869	487
14.919	485
14.969	506
15.019	501
15.069	500
15.120	499
15.170	473
15.220	471
15.271	452
15.321	424
15.372	411
15.422	391
15.472	368
15.522	359
15.572	342
15.622	343
15.673	341
15.723	337
15.773	351
15.823	367
15.873	372
15.924	396
15.974	406
16.024	434
16.074	451
16.124	461
16.175	483
16.226	482
16.276	495
16.326	501
16.376	485
16.426	492
16.476	481
16.527	458
16.577	454
16.627	432
16.677	416
16.727	403
16.778	382
16.828	376
16.878	366
16.928	353
16.978	356
17.028	351
17.080	356
17.130	368
17.180	370
17.230	390
17.280	402
17.330	410
17.381	432
17.431	437
17.481	456
17.531	469
17.581	468
17.632	484
17.682	485
17.732	476
17.782	482
17.832	466
17.882	464
17.933	454
17.984	428
18.034	427
18.084	411
18.134	390
18.184	386
18.235	368
18.285	363
18.335	361
18.385	352
18.435	360
18.486	365
18.536	366
18.586	385
18.636	389
18.686	410
18.736	429
18.787	437
18.837	461
18.888	472
18.938	474
18.988	491
19.039	481
19.089	492
19.139	489
19.189	469
19.239	469
19.289	451
19.340	429
19.390	420
19.440	393
19.490	384
19.540	371
19.590	353
19.641	352
19.691	349
19.741	344
19.792	354
19.842	357
19.893	376
19.943	393
19.993	404
20.043	431
20.093	447
20.143	457
20.194	481
20.244	480
20.294	500
20.344	503
20.394	488
20.444	496
20.495	481
20.545	464
20.595	455
20.645	425
20.696	416
20.747	398
20.797	374
20.847	367
20.897	357
20.947	346
20.997	347
21.048	345
21.098	355
21.148	365
21.198	372
21.248	395
21.298	410
21.349	424
21.399	446
21.449	449
21.499	476
21.549	484
21.601	478
21.651	494
21.701	488
21.751	481
21.801	479
21.851	457
21.902	454
21.952	439
22.002	416
22.052	411
22.102	395
22.152	378
22.203	375
22.253	361
22.303	363
22.353	362
22.403	360
22.454	370
22.505	378
22.555	384
22.605	399
22.655	404
22.705	426
22.756	438
22.806	442
22.856	463
22.906	463
22.956	473
23.007	482
23.057	471
23.107	482
23.157	475
23.207	459
23.257	458
23.308	439
23.359	428
23.409	417
23.459	395
23.509	391
23.559	380
23.610	364
23.660	364
23.710	365
23.760	357
23.810	365
23.861	366
23.911	383
23.961	395
24.011	400
24.061	425
24.111	434
24.162	453
24.212	469
24.263	467
24.313	488
24.363	492
24.413	484
24.464	490
24.514	469
24.564	467
24.614	456
24.664	430
24.715	423
24.765	405
24.815	382
24.865	375
24.915	357
24.965	352
25.016	351
25.066	345
25.116	356
25.167	364
25.217	369
25.268	391
25.318	399
25.368	424
25.418	445
25.468	451
25.518	476
25.569	485
25.619	485
25.669	499
25.719	485
25.769	491
25.819	483
25.870	461
25.920	455
25.970	435
26.020	414
26.071	402
26.122	378
26.172	370
26.222	362
26.272	349
26.322	353
26.372	354
26.423	354
26.473	368
26.523	372
26.573	393
26.623	410
26.673	416
26.724	442
26.774	453
26.824	461
26.874	478
26.924	473
26.976	488
27.026	487
27.076	473
27.126	477
27.176	465
27.226	448
27.277	442
27.327	417
27.377	414
27.427	402
27.477	383
27.527	381
27.578	373
27.628	364
27.678	368
27.728	362
27.778	373
27.829	379
27.880	382
27.930	399
27.980	409
28.030	416
28.080	435
28.131	435
28.181	458
28.231	466
28.281	462
28.331	479
28.381	476
28.432	474
28.482	475
28.532	455
28.582	459
28.632	448
28.683	428
28.733	422
28.784	407
28.834	391
28.884	384
28.934	368
28.985	368
29.035	365
29.085	356
29.135	367
29.185	373
29.236	376
29.286	393
29.336	396
29.386	421
29.436	436
29.486	441
29.537	465
29.587	465
29.637	480
29.688	489
29.738	476
29.788	489
29.839	481
29.889	463
29.939	459
29.989	439
30.039	423
30.090	411
30.140	388
30.190	381
30.240	369
30.290	353
30.340	355
30.391	357
30.441	352
30.491	364
30.541	366
30.592	388
30.642	403
30.693	415
30.743	439
30.793	447
30.843	468
30.893	483
30.944	477
30.994	496
31.044	495
31.094	486
31.144	485
31.194	463
31.245	457
31.295	442
31.345	417
31.395	408
31.445	391
31.496	372
31.547	366
31.597	351
31.647	352
31.697	355
31.747	352
31.798	366
31.848	378
31.898	386
31.948	407
31.998	413
32.048	436
32.099	453
32.149	454
32.199	477
32.249	481
32.299	477
32.349	487
32.401	471
32.451	475
32.501	466
32.551	444
32.601	443
32.652	427
32.702	409
32.752	403
32.802	384
32.852	380
32.902	376
32.953	363
33.003	370
33.053	371
33.103	369
33.153	382
33.204	383
33.254	397
33.305	411
33.355	413
33.405	434
33.455	444
33.506	447
33.556	464
33.606	455
33.656	474
33.706	476
33.756	464
33.807	471
33.857	463
33.907	449
33.957	447
34.007	424
34.058	422
34.108	412
34.159	391
34.209	390
34.259	381
34.309	370
34.360	370
34.410	362
34.460	370
34.510	376
34.560	375
34.610	393
34.661	403
34.711	412
34.761	432
34.811	433
34.861	458
34.912	469
34.962	470
35.012	484
35.063	481
35.113	477
35.163	480
35.214	460
35.264	461
35.314	447
35.364	424
35.414	417
35.464	399
35.515	382
35.565	376
35.615	359
35.665	359
35.715	357
35.766	352
35.816	363
35.866	372
35.916	378
35.967	400
36.017	406
36.068	433
36.118	449
36.168	454
36.218	477
36.268	480
36.319	488
36.369	495
36.419	480
36.469	487
36.519	476
36.569	452
36.620	448
36.670	427
36.720	410
36.770	397
36.820	375
36.871	371
36.922	362
36.972	350
37.022	355
37.072	363
37.122	360
37.173	375
37.223	380
37.273	402
37.323	418
37.373	426
37.423	449
37.474	455
37.524	471
37.574	481
37.624	475
37.674	487
37.724	483
37.776	468
37.826	470
37.876	447
37.926	442
37.976	432
38.027	409
38.077	405
38.127	393
38.177	378
38.227	377
38.277	367
38.328	366
38.378	371
38.428	368
38.478	381
38.528	389
38.578	394
38.629	410
38.680	411
38.730	431
38.780	444
38.830	443
38.881	462
38.931	466
38.981	462
39.031	474
39.081	461
39.131	467
39.182	463
39.232	444
39.282	447
39.332	434
39.382	418
39.432	414
39.483	393
39.533	388
39.584	386
39.634	371
39.684	374
39.735	373
39.785	368
39.835	378
39.885	378
39.935	390
39.985	403
40.036	406
40.086	428
40.136	439
40.186	444
40.236	463
40.287	458
40.337	478
40.387	481
40.437	468
40.488	479
40.538	469
40.589	456
40.639	451
40.689	425
40.739	422
40.789	408
40.839	386
40.890	382
40.940	372
40.990	358
41.040	361
41.090	354
41.141	364
41.191	371
41.241	374
41.291	395
41.341	408
41.392	421
41.443	442
41.493	444
41.543	471
41.593	480
41.643	479
41.693	492
41.744	487
41.794	481
41.844	480
41.894	454
41.944	453
41.995	437
42.045	410
42.095	403
42.145	388
42.195	370
42.245	366
42.297	351
42.347	356
42.397	357
42.447	356
42.497	371
42.548	383
42.598	392
42.648	413
42.698	420
42.748	444
42.798	457
42.849	462
42.899	479
42.949	481
42.999	482
43.049	486
43.099	467
43.150	473
43.201	461
43.251	439
43.301	436
43.351	419
43.402	404
43.452	396
43.502	379
43.552	378
43.602	372
43.652	362
43.703	371
43.753	377
43.803	374
43.853	387
43.903	391
43.953	408
44.004	419
44.054	422
44.105	442
44.155	445
44.205	457
44.256	466
44.306	459
44.356	473
44.406	471
44.456	459
44.506	464
44.557	447
44.607	444
44.657	438
44.707	416
44.757	416
44.807	405
44.858	388
44.908	387
44.959	381
45.009	372
45.059	374
45.110	368
45.160	378
45.210	383
45.260	384
45.310	401
45.360	407
45.411	421
45.461	437
45.511	438
45.561	460
45.611	467
45.661	465
45.712	479
45.762	467
45.812	475
45.863	472
45.913	452
45.964	452
46.014	439
46.064	418
46.114	411
46.164	389
46.214	384
46.265	375
46.315	362
46.365	363
46.415	361
46.465	358
46.516	371
46.566	374
46.616	388
46.666	407
46.716	413
46.767	438
46.818	451
46.868	457
46.918	477
46.968	476
47.018	487
47.068	489
47.119	473
47.169	479
47.219	466
47.269	446
47.319	439
47.370	416
47.420	406
47.470	393
47.520	373
47.570	369
47.620	363
47.672	354
47.722	360
47.772	358
47.822	370
47.872	383
47.922	390
47.973	410
48.023	424
48.073	434
48.123	455
48.173	454
48.224	475
48.274	481
48.324	471
48.374	483
48.424	476
48.474	465
48.525	462
48.576	438
48.626	437
48.676	424
48.726	403
48.776	400
48.827	389
48.877	376
48.927	376
48.977	364
49.027	373
49.078	376
49.128	372
49.178	388
49.228	395
49.278	402
49.328	417
49.379	418
49.429	438
49.480	447
49.530	445
49.580	462
49.631	463
49.681	462
49.731	469
49.781	458
49.831	463
49.881	457
49.932	439
49.982	440
50.032	427
50.082	415
50.132	410
50.182	392
50.233	392
50.283	385
50.333	374
50.384	378
50.434	377
50.485	375
50.535	384
50.585	382
50.635	400
50.685	409
50.735	412
50.786	432
50.836	438
50.886	450
50.936	464
50.986	458
51.036	476
51.087	476
51.137	464
51.187	472
51.237	454
51.288	451
51.339	444
51.389	420
51.439	417
51.489	403
51.539	385
51.589	381
51.640	374
51.690	362
51.740	365
51.790	360
51.840	371
51.890	379
51.941	384
51.991	404
52.041	413
52.091	430
52.141	447
52.193	448
52.243	473
52.293	479
52.343	475
52.393	487
52.443	471
52.494	476
52.544	469
52.594	448
52.644	443
52.694	426
52.744	405
52.795	397
52.845	378
52.895	370
52.945	367
52.995	356
53.046	363
53.097	365
53.147	366
53.197	382
53.247	386
53.297	405
53.348	422
53.398	426
53.448	450
53.498	459
53.548	462
53.599	477
53.649	470
53.699	479
53.749	477
53.799	461
53.849	462
53.900	449
53.951	432
54.001	427
54.051	404
54.101	400
54.151	394
54.202	379
54.252	380
54.302	377
54.352	369
54.402	378
54.453	375
54.503	385
54.553	396
54.603	396
54.653	414
54.703	423
54.754	428
54.804	444
54.855	441
54.905	458
54.955	463
55.005	455
55.056	468
55.106	464
55.156	456
55.206	457
55.256	439
55.307	441
55.357	433
55.407	414
55.457	413
55.507	403
55.557	389
55.608	388
55.658	375
55.708	379
55.759	378
55.809	374
55.860	383
55.910	389
55.960	391
56.010	408
56.060	408
56.110	430
56.161	441
56.211	439
56.261	461
56.311	465
56.361	466
56.411	477
56.462	462
56.512	472
56.562	465
56.612	448
56.663	445
56.714	430
56.764	416
56.814	406
56.864	387
56.914	384
56.964	375
57.015	361
57.065	366
57.115	367
57.165	366
57.215	379
57.265	381
57.316	402
57.366	415
57.416	423
57.466	445
57.516	453
57.568	464
57.618	478
57.668	472
57.718	485
57.768	482
57.818	467
57.869	469
57.919	451
57.969	439
58.019	430
58.069	405
58.119	400
58.170	388
58.220	371
58.270	370
58.320	367
58.370	361
58.421	368
58.472	366
58.522	383
58.572	394
58.622	400
58.672	420
58.723	429
58.773	444
58.823	458
58.873	453
58.923	474
58.973	475
59.024	466
59.074	476
59.124	462
59.174	458
59.224	451
59.275	430
59.325	429
59.376	417
59.426	401
59.476	397
59.526	383
59.577	380
59.627	380
59.677	372
59.727	381
59.777	383
59.828	382
59.878	396
59.928	398
59.978	410
60.028	423
60.078	420
60.129	441
60.179	447
60.229	448
60.280	460
60.330	450
60.380	464
60.431	464
60.481	449
60.531	456
60.581	449
60.631	435
60.682	435
60.732	415
60.782	416
60.832	407
60.882	390
60.932	392
60.983	385
61.033	376
61.083	381
61.133	374
61.184	384
61.234	389
61.285	388
61.335	406
61.385	414
61.435	419
61.485	438
61.536	436
61.586	457
61.636	465
61.686	460
61.736	473
61.786	471
61.837	463
61.887	466
61.937	445
61.987	448
62.037	437
62.088	417
62.139	411
62.189	399
62.239	382
62.289	379
62.339	366
62.390	368
62.440	369
62.490	366
62.540	379
62.590	387
62.640	393
62.691	412
62.741	415
62.791	440
62.841	453
62.891	456
62.941	475
62.993	477
63.043	476
63.093	483
63.143	464
63.193	472
63.244	461
63.294	440
63.344	434
63.394	417
63.444	401
63.494	392
63.545	374
63.595	373
63.645	367
63.695	358
63.745	367
63.796	371
63.846	376
63.897	390
63.947	394
63.997	417
64.047	431
64.098	433
64.148	456
64.198	463
64.248	468
64.298	477
64.348	466
64.399	477
64.449	471
64.499	454
64.549	454
64.599	439
64.650	427
64.700	418
64.751	399
64.801	398
64.851	389
64.901	376
64.952	379
65.002	383
65.052	374
65.102	383
65.152	382
65.202	396
65.253	405
65.303	405
65.353	424
65.403	428
65.453	437
65.504	450
65.554	444
65.604	461
65.655	462
65.705	454
65.755	463
65.806	453
65.856	451
65.906	449
65.956	431
66.006	434
66.056	424
66.107	408
66.157	408
66.207	398
66.257	390
66.307	390
66.358	379
66.408	385
66.458	384
66.508	381
66.559	392
66.609	395
66.660	402
66.710	415
66.760	414
66.810	435
66.860	442
66.911	443
66.961	460
67.011	455
67.061	467
67.111	470
67.161	455
67.212	464
67.262	456
67.312	440
67.362	439
67.412	417
67.463	413
67.514	404
67.564	385
67.614	385
67.664	377
67.714	366
67.765	372
67.815	367
67.865	374
67.915	385
67.965	389
68.015	407
68.066	418
68.116	427
68.166	447
68.216	446
68.266	468
68.316	475
68.368	469
68.418	482
68.468	476
68.518	465
68.568	465
68.619	442
68.669	439
68.719	426
68.769	405
68.819	398
68.869	385
68.920	372
68.970	370
69.020	358
69.070	366
69.120	370
69.170	368
69.221	386
69.272	397
69.322	405
69.372	426
69.422	429
69.473	452
69.523	462
69.573	461
69.623	478
69.673	476
69.723	473
69.774	476
69.824	456
69.874	459
69.924	447
69.974	425
70.024	422
70.075	409
70.125	394
70.176	390
70.226	376
70.276	378
70.327	376
70.377	370
70.427	379
70.477	383
70.527	388
70.577	403
70.628	402
70.678	423
70.728	433
70.778	434
70.828	451
70.879	453
70.929	457
70.979	464
71.029	450
71.080	463
71.130	459
71.181	445
71.231	448
71.281	439
71.331	428
71.381	424
71.431	404
71.482	407
71.532	400
71.582	388
71.632	391
71.682	389
71.733	384
71.783	388
71.833	383
71.883	395
71.933	401
71.984	400
72.035	415
72.085	419
72.135	430
72.185	441
72.235	439
72.285	457
72.336	460
72.386	454
72.436	466
72.486	455
72.536	457
72.587	456
72.637	436
72.687	440
72.737	429
72.787	411
72.837	409
72.889	397
72.939	386
72.989	383
73.039	371
73.089	376
73.140	377
73.190	373
73.240	387
73.290	387
73.340	402
73.390	416
73.441	419
73.491	442
73.541	451
73.591	456
73.641	471
73.691	464
73.742	476
73.793	477
73.843	461
73.893	466
73.943	455
73.994	438
74.044	431
74.094	408
74.144	400
74.194	392
74.244	374
74.295	374
74.345	368
74.395	361
74.445	369
74.495	366
74.545	381
74.596	393
74.646	397
74.697	420
74.747	433
74.797	441
74.848	459
74.898	454
74.948	476
74.998	480
75.048	468
75.098	478
75.149	469
75.199	455
75.249	452
75.299	427
75.349	424
75.399	413
75.450	392
75.500	391
75.551	382
75.601	371
75.651	374
75.702	367
75.752	376
75.802	383
75.852	384
75.902	401
75.952	411
76.003	416
76.053	433
76.103	434
76.153	452
76.203	459
76.253	454
76.304	467
76.354	464
76.404	458
76.455	460
76.505	445
76.556	447
76.606	438
76.656	419
76.706	421
76.756	410
76.806	400
76.857	399
76.907	386
76.957	390
77.007	389
77.057	382
77.108	390
77.158	393
77.208	394
77.258	404
77.308	401
77.359	419
77.410	426
77.460	424
77.510	441
77.560	445
77.610	448
77.660	458
77.711	446
77.761	460
77.811	459
77.861	448
77.911	452
77.962	441
78.012	432
78.062	430
78.112	410
78.162	412
78.212	403
78.264	388
78.314	389
78.364	383
78.414	378
78.464	383
78.514	376
78.565	389
78.615	395
78.665	396
78.715	413
78.765	420
78.816	430
78.866	446
78.916	442
78.966	464
79.016	468
79.066	462
79.117	473
79.168	461
79.218	461
79.268	458
79.318	436
79.368	437
79.419	424
79.469	403
79.519	399
79.569	383
79.619	377
79.670	373
79.720	363
79.770	370
79.820	373
79.870	373
79.920	389
79.971	397
80.021	408
80.072	426
80.122	429
80.172	453
80.223	463
80.273	462
80.323	478
80.373	469
80.423	477
80.473	476
80.524	455
80.574	458
80.624	445
80.674	425
80.724	419
80.774	397
80.825	390
80.875	383
80.925	368
80.976	370
81.026	370
81.077	364
81.127	376
81.177	376
81.227	390
81.277	406
81.327	407
81.378	431
81.428	441
81.478	444
81.528	462
81.578	458
81.628	470
81.679	473
81.729	458
81.779	466
81.829	458
81.880	444
81.931	440
81.981	420
82.031	417
82.081	410
82.131	393
82.181	394
82.232	387
82.282	378
82.332	384
82.382	377
82.432	386
82.482	394
82.533	390
82.583	406
82.633	414
82.683	416
82.733	430
82.785	430
82.835	445
82.885	451
82.935	445
82.985	458
83.035	455
83.086	453
83.136	456
83.186	441
83.236	447
83.286	440
83.336	423
83.387	427
83.437	417
83.487	406
83.537	405
83.587	391
83.638	394
83.689	390
83.739	384
83.789	389
83.839	390
83.889	388
83.940	399
83.990	397
84.040	414
84.090	422
84.140	420
84.191	440
84.241	446
84.291	450
84.341	462
84.391	454
84.441	466
84.492	464
84.543	454
84.593	456
84.643	446
84.693	432
84.743	429
84.794	411
84.844	407
84.894	397
84.944	381
84.994	382
85.045	377
85.095	371
85.145	377
85.195	372
85.245	389
85.295	397
85.346	401
85.396	420
85.447	429
85.497	438
85.547	456
85.597	451
85.648	473
85.698	476
85.748	466
85.798	476
85.848	468
85.899	458
85.949	452
85.999	428
86.049	426
86.099	412
86.149	392
86.200	390
86.250	381
86.300	368
86.351	369
86.401	363
86.452	373
86.502	379
86.552	381
86.602	399
86.652	410
86.702	422
86.753	438
86.803	440
86.853	461
86.903	468
86.953	465
87.003	477
87.054	463
87.104	469
87.154	465
87.204	446
87.255	446
87.306	433
87.356	413
87.406	410
87.456	391
87.506	388
87.556	385
87.607	372
87.657	379
87.707	379
87.757	377
87.807	389
87.857	389
87.908	402
87.958	415
88.008	416
88.058	435
88.108	442
88.160	442
88.210	456
88.260	449
88.310	459
88.360	461
88.410	450
88.461	455
88.511	448
88.561	436
88.611	437
88.661	419
88.711	418
88.762	415
88.812	398
88.862	402
88.912	397
88.962	388
89.013	392
89.064	384
89.114	390
89.164	396
89.214	392
89.264	406
89.315	411
89.365	411
89.415	426
89.465	422
89.515	438
89.565	445
89.616	439
89.666	455
89.716	454
89.766	452
89.816	458
89.867	440
89.917	450
89.968	445
90.018	428
90.068	430
90.118	419
90.169	405
90.219	404
90.269	390
90.319	390
90.369	386
90.420	377
90.470	384
90.520	385
90.570	384
90.620	397
90.670	397
90.721	415
90.771	426
90.821	426
90.872	446
90.922	453
90.972	458
91.023	468
91.073	458
91.123	473
91.173	468
91.223	453
91.274	455
91.324	442
91.374	428
91.424	422
91.474	402
91.524	397
91.575	388
91.625	373
91.675	374
91.725	372
91.776	368
91.826	376
91.877	377
91.927	393
91.977	404
92.027	407
92.077	430
92.128	439
92.178	449
92.228	464
92.278	464
92.328	477
92.378	478
92.429	467
92.479	472
92.529	456
92.579	449
92.629	441
92.680	420
92.731	416
92.781	403
92.831	386
92.881	384
92.931	379
92.982	370
93.032	374
93.082	370
93.132	382
93.182	390
93.232	392
93.283	410
93.333	418
93.383	429
93.433	444
93.483	445
93.533	460
93.585	464
93.635	459
93.685	468
93.735	458
93.785	458
93.836	454
93.886	435
93.936	438
93.986	428
94.036	413
94.086	410
94.137	399
94.187	392
94.237	393
94.287	382
94.337	389
94.388	390
94.438	386
94.489	397
94.539	399
94.589	405
94.639	416
94.690	413
94.740	431
94.790	436
94.840	437
94.890	448
94.940	439
94.991	451
95.041	455
95.091	441
95.141	453
95.191	448
95.242	437
95.292	440
95.343	425
95.393	424
95.443	421
95.493	402
95.544	408
95.594	401
95.644	390
95.694	394
95.744	385
95.794	387
95.845	393
95.895	388
95.945	401
95.995	407
96.045	408
96.096	423
96.146	419
96.196	438
96.247	447
96.297	443
96.347	459
96.398	460
96.448	457
96.498	463
96.548	446
96.598	454
96.648	447
96.699	430
96.749	429
96.799	418
96.849	402
96.899	399
96.950	381
97.000	384
97.050	379
97.100	372
97.151	379
97.201	382
97.252	384
97.302	397
97.352	399
97.402	419
97.452	431
97.503	434
97.553	454
97.603	460
97.653	464
97.703	475
97.753	463
97.804	475
97.854	469
97.904	452
97.954	452
98.004	437
98.055	420
98.106	414
98.156	392
98.206	391
98.256	381
98.306	368
98.357	372
98.407	371
98.457	368
98.507	379
98.557	382
98.607	399
98.658	411
98.708	413
98.758	437
98.808	447
98.858	455
98.908	469
98.960	462
99.010	477
99.060	475
99.110	465
99.160	465
99.211	453
99.261	441
99.311	434
99.361	413
99.411	410
99.461	399
99.512	383
99.562	383
99.612	380
99.662	374
99.712	380
99.762	375
99.813	389
99.864	397
99.914	399
99.964	416
100.014	423
100.065	433
100.115	445
100.165	442
100.215	459
100.265	461
100.315	453
100.366	462
100.416	447
100.466	451
100.516	448
100.566	431
100.616	434
100.667	425
100.717	410
100.768	411
100.818	403
100.868	396
100.919	396
100.969	386
101.019	393
101.069	394
101.119	389
101.169	400
101.220	395
101.270	406
101.320	417
101.370	412
101.420	429
101.471	434
101.521	433
101.571	445
101.621	437
101.672	449
101.722	453
101.773	442
101.823	453
101.873	448
101.923	436
101.973	441
102.023	424
102.074	424
102.124	420
102.174	405
102.224	407
102.274	400
102.325	389
102.375	392
102.425	382
102.475	387
102.525	391
102.576	387
102.627	400
102.677	406
102.727	408
102.777	424
102.827	422
102.877	440
102.928	449
102.978	445
103.028	462
103.078	463
103.128	457
103.179	465
103.229	449
103.279	454
103.329	447
103.379	426
103.429	426
103.481	414
103.531	397
103.581	394
103.631	379
103.681	380
103.732	377
103.782	370
103.832	378
103.882	383
103.932	384
103.982	401
104.033	402
104.083	424
104.133	436
104.183	437
104.233	459
104.283	464
104.334	467
104.385	476
104.435	462
104.485	472
104.535	466
104.586	449
104.636	447
104.686	431
104.736	416
104.786	409
104.836	389
104.887	387
104.937	379
104.987	367
105.037	373
105.087	374
105.137	372
105.188	386
105.238	387
105.289	406
105.339	417
105.389	420
105.440	442
105.490	449
105.540	455
105.590	468
105.640	460
105.690	473
105.741	469
105.791	455
105.841	458
105.891	446
105.941	435
105.991	428
106.042	410
106.092	408
106.143	399
106.193	384
106.243	387
106.294	383
106.344	380
106.394	386
106.444	382
106.494	394
106.544	403
106.595	402
106.645	419
106.695	424
106.745	431
106.795	443
106.845	440
106.896	453
106.946	455
106.996	447
107.047	456
107.097	446
107.148	445
107.198	446
107.248	430
107.298	434
107.348	427
107.398	412
107.449	414
107.499	407
107.549	400
107.599	400
107.649	390
107.700	396
107.750	395
107.800	388
107.850	399
107.900	402
107.951	404
108.002	413
108.052	411
108.102	426
108.152	431
108.202	429
108.252	446
108.303	443
108.353	451
108.403	456
108.453	444
108.503	456
108.554	452
108.604	440
108.654	443
108.704	425
108.754	425
108.804	419
108.856	402
108.906	404
108.956	396
109.006	384
109.056	387
109.106	376
109.157	381
109.207	388
109.257	385
109.307	399
109.357	407
109.408	410
109.458	428
109.508	429
109.558	445
109.608	457
109.658	454
109.709	469
109.760	469
109.810	460
109.860	467
109.910	448
109.960	452
110.011	442
110.061	423
110.111	418
110.161	405
110.211	389
110.262	387
110.312	370
110.362	373
110.412	374
110.462	368
110.512	379
110.563	386
110.613	390
110.664	408
110.714	408
110.764	432
110.815	445
110.865	444
110.915	465
110.965	469
111.015	468
111.065	476
111.116	460
111.166	468
111.216	459
111.266	438
111.316	439
111.366	423
111.417	407
111.467	402
111.517	384
111.568	384
111.618	379
111.669	369
111.719	378
111.769	380
111.819	382
111.869	394
111.919	394
111.970	414
112.020	425
112.070	426
112.120	444
112.170	451
112.220	453
112.271	463
112.321	453
112.371	464
112.421	461
112.472	446
112.523	450
112.573	440
112.623	429
112.673	426
112.723	408
112.773	410
112.824	403
112.874	390
112.924	395
112.974	391
113.024	388
113.074	393
113.125	388
113.175	400
113.225	405
113.275	403
113.325	418
113.377	422
113.427	424
113.477	436
113.527	430
113.577	447
113.627	449
113.678	444
113.728	453
113.778	445
113.828	446
113.878	448
113.928	433
113.979	439
114.029	433
114.079	418
114.129	420
114.179	410
114.230	402
114.281	401
114.331	389
114.381	393
114.431	392
114.481	385
114.532	394
114.582	396
114.632	398
114.682	408
114.732	406
114.783	424
114.833	433
114.883	434
114.933	449
114.983	447
115.033	458
115.084	464
115.135	453
115.185	463
115.235	458
115.285	444
115.335	444
115.386	431
115.436	421
115.486	414
115.536	395
115.586	395
115.637	387
115.687	377
115.737	379
115.787	371
115.837	377
115.887	386
115.938	384
115.988	403
116.039	413
116.089	419
116.139	438
116.189	439
116.240	456
116.290	465
116.340	460
116.390	474
116.440	472
116.491	462
116.541	464
116.591	443
116.641	442
116.691	432
116.741	411
116.792	408
116.842	396
116.892	380
116.943	381
116.993	372
117.044	370
117.094	377
117.144	373
117.194	389
117.244	397
117.294	402
117.345	420
117.395	420
117.445	441
117.495	453
117.545	450
117.595	466
117.646	466
117.696	464
117.746	467
117.796	451
117.847	454
117.898	446
117.948	427
117.998	427
118.048	415
118.098	401
118.148	400
118.199	384
118.249	388
118.299	387
118.349	380
118.399	390
118.449	393
118.500	393
118.550	406
118.600	404
118.650	421
118.700	428
118.752	427
118.802	442
118.852	445
118.902	445
118.952	453
119.002	442
119.053	454
119.103	452
119.153	439
119.203	444
119.253	437
119.303	428
119.354	427
119.404	414
119.454	416
119.504	410
119.554	396
119.605	401
119.656	398
119.706	392
119.756	397
119.806	390
119.856	400
119.907	402
119.957	398
120.007	412
120.057	417
120.107	421
120.157	433
120.208	430
120.258	445
120.308	450
120.358	447
120.408	457
120.459	454
120.509	451
120.560	454
120.610	438
120.660	443
120.710	435
120.761	419
120.811	419
120.861	409
120.911	397
120.961	395
121.012	381
121.062	386
121.112	384
121.162	380
121.212	388
121.262	393
121.313	397
121.363	410
121.413	411
121.464	430
121.514	440
121.564	441
121.615	459
121.665	456
121.715	466
121.765	471
121.815	458
121.866	465
121.916	457
121.966	441
122.016	439
122.066	422
122.116	412
122.167	403
122.217	387
122.267	385
122.317	379
122.368	369
122.418	375
122.469	371
122.519	379
122.569	391
122.619	393
122.669	412
122.720	424
122.770	429
122.820	448
122.870	446
122.920	464
122.970	471
123.021	461
123.071	473
123.121	468
123.171	455
123.221	455
123.272	433
123.323	430
123.373	421
123.423	401
123.473	400
123.523	391
123.574	379
123.624	381
123.674	372
123.724	378
123.774	385
123.824	383
123.875	399
123.925	407
123.975	411
124.025	429
124.075	428
124.125	446
124.177	453
124.227	449
124.277	461
124.327	460
124.377	455
124.428	456
124.478	440
124.528	444
124.578	438
124.628	421
124.678	422
124.729	414
124.779	402
124.829	403
124.879	390
124.929	396
124.980	395
125.030	388
125.081	397
125.131	399
125.181	396
125.231	410
125.282	405
125.332	420
125.382	426
125.432	420
125.482	437
125.532	440
125.583	437
125.633	448
125.683	437
125.733	450
125.783	449
125.834	436
125.884	445
125.935	438
125.985	428
126.035	430
126.085	414
126.136	419
126.186	413
126.236	400
126.286	403
126.336	398
126.386	390
126.437	395
126.487	386
126.537	397
126.587	400
126.637	395
126.688	411
126.738	415
126.788	421
126.839	434
126.889	430
126.939	448
126.990	454
127.040	450
127.090	461
127.140	456
127.190	454
127.240	456
127.291	439
127.341	442
127.391	433
127.441	416
127.491	414
127.542	407
127.592	392
127.642	389
127.692	377
127.743	381
127.793	381
127.844	376
127.894	389
127.944	395
127.994	401
128.044	415
128.095	418
128.145	438
128.195	448
128.245	448
128.295	465
128.345	461
128.396	468
128.446	472
128.496	455
128.546	462
128.596	452
128.647	435
128.698	431
128.748	415
128.798	403
128.848	397
128.898	382
128.949	381
128.999	378
129.049	371
129.099	378
129.149	383
129.199	386
129.250	400
129.300	402
129.350	422
129.400	432
129.450	437
129.500	454
129.552	451
129.602	463
129.652	470
129.702	459
129.752	467
129.803	460
129.853	445
129.903	445
129.953	423
130.003	422
130.053	415
130.104	396
130.154	398
130.204	391
130.254	382
130.304	387
130.354	380
130.405	385
130.456	394
130.506	393
130.556	408
130.606	415
130.657	417
130.707	432
130.757	430
130.807	444
130.857	450
130.907	442
130.958	455
131.008	452
131.058	445
131.108	450
131.158	434
131.208	440
131.259	434
131.309	420
131.360	423
131.410	415
131.460	405
131.511	408
131.561	393
131.611	400
131.661	400
131.711	393
131.761	400
131.812	401
131.862	400
131.912	409
131.962	404
132.012	418
132.063	423
132.113	418
132.163	434
132.213	437
132.264	436
132.314	447
132.365	437
132.415	451
132.465	451
132.515	442
132.565	448
132.615	441
132.666	432
132.716	433
132.766	417
132.816	419
132.866	412
132.917	398
132.967	400
133.017	395
133.067	387
133.117	391
133.168	384
133.219	393
133.269	398
133.319	394
133.369	412
133.419	417
133.469	422
133.520	438
133.570	435
133.620	453
133.670	458
133.720	453
133.771	465
133.821	459
133.871	456
133.921	456
133.971	438
134.021	439
134.073	429
134.123	408
134.173	409
134.223	398
134.273	385
134.324	385
134.374	371
134.424	379
134.474	380
134.524	377
134.574	392
134.625	399
134.675	406
134.725	422
134.775	422
134.825	445
134.875	453
134.926	451
134.977	468
135.027	463
135.077	468
135.127	469
135.178	452
135.228	457
135.278	445
135.328	426
135.378	424
135.428	409
135.479	398
135.529	393
135.579	380
135.629	382
135.679	380
135.729	376
135.780	385
135.830	383
135.881	394
135.931	408
135.981	409
136.032	429
136.082	438
136.132	440
136.182	456
136.232	451
136.282	461
136.333	464
136.383	452
136.433	459
136.483	452
136.533	438
136.583	438
136.634	419
136.684	417
136.735	412
136.785	397
136.835	400
136.886	395
136.936	385
136.986	393
137.036	384
137.086	393
137.136	401
137.187	398
137.237	413
137.287	418
137.337	418
137.387	432
137.437	425
137.488	439
137.538	446
137.588	437
137.639	450
137.689	447
137.740	442
137.790	447
137.840	432
137.890	436
137.940	435
137.990	420
138.041	426
138.091	419
138.141	409
138.191	411
138.241	398
138.292	402
138.342	401
138.392	392
138.442	400
138.492	400
138.543	397
138.594	406
138.644	400
138.694	414
138.744	421
138.794	418
138.844	434
138.895	438
138.945	437
138.995	450
139.045	441
139.095	454
139.146	455
139.196	443
139.246	450
139.296	444
139.346	432
139.396	433
139.448	415
139.498	416
139.548	408
139.598	392
139.648	395
139.698	390
139.749	381
139.799	386
139.849	380
139.899	392
139.949	398
140.000	399
140.050	414
140.100	422
140.150	428
140.200	444
140.250	439
140.301	459
140.352	465
140.402	455
140.452	468
140.502	463
140.552	455
140.603	453
140.653	435
140.703	434
140.753	422
140.803	404
140.854	401
140.904	391
140.954	380
141.004	381
141.054	372
141.104	379
141.155	382
141.205	380
141.256	397
141.306	405
141.356	412
141.407	430
141.457	431
141.507	451
141.557	459
141.607	454
141.657	469
141.708	468
141.758	464
141.808	463
141.858	445
141.908	448
141.958	437
142.009	421
142.059	416
142.109	405
142.160	394
142.210	391
142.261	378
142.311	385
142.361	383
142.411	380
142.461	392
142.511	397
142.562	401
142.612	415
142.662	412
142.712	432
142.762	439
142.812	440
142.863	452
142.913	447
142.963	455
143.013	457
143.064	445
143.115	452
143.165	445
143.215	431
143.265	434
143.315	423
143.365	416
143.416	414
143.466	401
143.516	405
143.566	401
143.616	392
143.666	400
143.717	391
143.767	398
143.817	404
143.867	399
143.917	412
143.969	415
144.019	414
144.069	427
144.119	423
144.169	433
144.219	440
144.270	436
144.320	447
144.370	446
144.420	439
144.470	448
144.520	436
144.571	440
144.621	440
144.671	425
144.721	431
144.771	424
144.822	412
144.873	414
144.923	397
144.973	398
145.023	399
145.073	388
145.124	395
145.174	395
145.224	392
145.274	402
145.324	398
145.375	411
145.425	420
145.475	419
145.525	436
145.575	442
145.625	444
145.676	456
145.727	445
145.777	461
145.827	461
145.877	447
145.927	454
145.978	445
146.028	433
146.078	430
146.128	410
146.178	409
146.229	401
146.279	384
146.329	387
146.379	383
146.429	377
146.479	383
146.530	379
146.580	392
146.631	401
146.681	402
146.731	422
146.781	430
146.832	437
146.882	453
146.932	448
146.982	466
147.032	469
147.083	459
147.133	467
147.183	459
147.233	452
147.283	446
147.333	425
147.384	424
147.434	412
147.484	395
147.535	394
147.585	387
147.636	376
147.686	381
147.736	373
147.786	384
147.836	390
147.886	392
147.937	408
147.987	415
148.037	424
148.087	438
148.137	437
148.187	455
148.238	460
148.288	456
148.338	465
148.388	459
148.439	454
148.490	453
148.540	435
148.590	438
148.640	428
148.690	412
148.740	412
148.791	403
148.841	394
148.891	395
148.941	385
148.991	392
149.041	393
149.092	389
149.142	401
149.192	405
149.242	408
149.292	420
149.344	416
149.394	432
149.444	437
149.494	433
149.544	447
149.594	442
149.645	445
149.695	449
149.745	435
149.795	446
149.845	443
149.895	429
149.946	435
149.996	423
150.046	421
150.096	420
150.146	407
150.197	411
150.248	406
150.298	396
150.348	402
150.398	398
150.448	396
150.499	401
150.549	396
150.599	407
150.649	411
150.699	408
150.749	422
150.800	417
150.850	432
150.900	440
150.950	437
151.000	449
151.051	451
151.101	444
151.152	454
151.202	440
151.252	448
151.302	445
151.353	427
151.403	432
151.453	423
151.503	408
151.553	408
151.604	392
151.654	391
151.704	391
151.754	381
151.804	388
151.854	389
151.905	388
151.955	400
152.005	397
152.056	416
152.106	427
152.156	425
152.207	446
152.257	452
152.307	452
152.357	465
152.407	455
152.458	466
152.508	464
152.558	448
152.608	451
152.658	439
152.708	424
152.759	420
152.809	401
152.859	398
152.909	391
152.960	376
153.010	381
153.061	379
153.111	375
153.161	386
153.211	383
153.261	401
153.312	411
153.362	414
153.412	434
153.462	441
153.512	446
153.562	460
153.613	454
153.663	468
153.713	467
153.763	454
153.813	460
153.864	450
153.915	436
153.965	434
154.015	415
154.065	414
154.115	405
154.166	390
154.216	392
154.266	387
154.316	381
154.366	388
154.416	382
154.467	396
154.517	402
154.567	403
154.617	417
154.667	424
154.717	428
154.769	441
154.819	438
154.869	451
154.919	453
154.969	444
155.020	454
155.070	447
155.120	442
155.170	445
155.220	426
155.270	433
155.321	427
155.371	414
155.421	416
155.471	409
155.521	404
155.572	405
155.622	395
155.673	402
155.723	402
155.773	396
155.823	405
155.874	407
155.924	406
155.974	416
156.024	411
156.074	425
156.124	429
156.175	425
156.225	438
156.275	436
156.325	441
156.375	447
156.426	437
156.476	448
156.527	446
156.577	437
156.627	442
156.677	431
156.728	427
156.778	426
156.828	413
156.878	414
156.928	407
156.978	395
157.029	399
157.079	395
157.129	390
157.179	395
157.229	390
157.280	401
157.330	405
157.380	404
157.431	421
157.481	423
157.531	434
157.582	445
157.632	439
157.682	456
157.732	458
157.782	452
157.832	461
157.883	449
157.933	450
157.983	446
158.033	428
158.083	428
158.134	417
158.184	402
158.234	400
158.284	387
158.335	384
158.385	384
158.436	376
158.486	385
158.536	389
158.586	388
158.636	404
158.687	405
158.737	420
158.787	435
158.837	433
158.887	454
158.937	459
158.988	459
159.038	468
159.088	457
159.138	464
159.188	459
159.239	441
159.290	442
159.340	430
159.390	416
159.440	411
159.490	392
159.541	392
159.591	388
159.641	377
159.691	384
159.741	383
159.791	384
159.842	396
159.892	394
159.942	412
159.992	421
160.042	422
160.092	439
160.144	445
160.194	448
160.244	458
160.294	448
160.344	460
160.395	458
160.445	443
160.495	449
160.545	440
160.595	430
160.645	428
160.696	409
160.746	412
160.796	407
160.846	393
160.896	399
160.946	397
160.997	392
161.048	398
161.098	392
161.148	405
161.198	409
161.249	407
161.299	420
161.349	423
161.399	426
161.449	435
161.499	429
161.550	442
161.600	443
161.650	438
161.700	447
161.750	442
161.800	438
161.851	442
161.901	427
161.952	435
162.002	430
162.052	419
162.103	422
162.153	415
162.203	409
162.253	410
162.303	396
162.353	404
162.404	403
162.454	395
162.504	402
162.554	403
162.604	401
162.655	411
162.705	405
162.755	421
162.805	425
162.856	422
162.906	438
162.957	439
163.007	444
163.057	451
163.107	441
163.157	455
163.207	452
163.258	442
163.308	446
163.358	434
163.408	430
163.458	426
163.509	408
163.559	410
163.609	402
163.659	389
163.709	392
163.760	383
163.811	384
163.861	391
163.911	385
163.961	400
164.011	407
164.061	408
164.112	425
164.162	427
164.212	441
164.262	452
164.312	445
164.363	464
164.413	463
164.463	459
164.513	462
164.563	447
164.613	448
164.665	441
164.715	423
164.765	421
164.815	410
164.865	396
164.916	393
164.966	379
165.016	380
165.066	383
165.116	374
165.166	388
165.217	394
165.267	396
165.317	413
165.367	414
165.417	431
165.467	442
165.518	440
165.569	458
165.619	461
165.669	457
165.719	464
165.770	449
165.820	456
165.870	450
165.920	431
165.970	433
166.020	422
166.071	408
166.121	407
166.171	393
166.221	394
166.271	392
166.321	381
166.372	391
166.422	393
166.473	392
166.523	404
166.573	400
166.624	417
166.674	426
166.724	422
166.774	439
166.824	443
166.874	442
166.925	452
166.975	439
167.025	451
167.075	449
167.125	436
167.175	442
167.226	435
167.276	426
167.327	426
167.377	412
167.427	416
167.478	413
167.528	403
167.578	406
167.628	404
167.678	398
167.728	405
167.779	397
167.829	407
167.879	409
167.929	405
167.979	416
168.029	418
168.080	416
168.130	429
168.180	422
168.231	437
168.281	439
168.332	434
168.382	445
168.432	443
168.482	441
168.532	446
168.582	434
168.633	441
168.683	437
168.733	425
168.783	428
168.833	419
168.884	410
168.934	410
168.984	397
169.034	401
169.084	398
169.135	389
169.186	397
169.236	397
169.286	396
169.336	407
169.386	404
169.436	420
169.487	427
169.537	427
169.587	443
169.637	447
169.687	450
169.738	457
169.788	447
169.838	459
169.888	456
169.938	441
169.988	445
170.040	431
170.090	424
170.140	418
170.190	400
170.240	402
170.290	394
170.341	384
170.391	386
170.441	383
170.491	384
170.541	392
170.592	390
170.642	406
170.692	415
170.742	417
170.792	435
170.842	431
170.893	450
170.944	459
170.994	450
171.044	465
171.094	463
171.144	452
171.195	457
171.245	439
171.295	437
171.345	430
171.395	410
171.446	412
171.496	402
171.546	389
171.596	391
171.646	381
171.696	384
171.747	389
171.797	385
171.848	399
171.898	406
171.948	407
171.999	423
172.049	421
172.099	437
172.149	446
172.199	441
172.249	455
172.300	455
172.350	446
172.400	454
172.450	437
172.500	443
172.550	440
172.601	424
172.651	427
172.701	419
172.752	408
172.802	410
172.853	397
172.903	400
172.953	401
173.003	392
173.053	403
173.103	403
173.154	400
173.204	412
173.254	407
173.304	419
173.354	424
173.404	419
173.455	432
173.505	434
173.555	432
173.605	441
173.656	430
173.707	442
173.757	443
173.807	432
173.857	442
173.907	437
173.957	430
174.008	433
174.058	419
174.108	425
174.158	421
174.208	408
174.258	413
174.309	409
174.359	401
174.409	404
174.459	395
174.509	404
174.561	404
174.611	400
174.661	409
174.711	412
174.761	413
174.811	425
174.862	420
174.912	437
174.962	442
175.012	438
175.062	451
175.112	451
175.163	446
175.213	453
175.263	439
175.313	446
175.363	440
175.414	425
175.465	427
175.515	416
175.565	405
175.615	403
175.665	389
175.716	393
175.766	391
175.816	382
175.866	392
175.916	394
175.967	396
176.017	409
176.067	408
176.117	426
176.167	435
176.217	436
176.268	453
176.319	454
176.369	457
176.419	464
176.469	455
176.519	461
176.570	455
176.620	439
176.670	439
176.720	427
176.770	414
176.821	409
176.871	394
176.921	393
176.971	388
177.021	378
177.071	384
177.122	387
177.172	386
177.223	397
177.273	397
177.323	415
177.373	424
177.424	427
177.474	444
177.524	444
177.574	454
177.624	462
177.675	450
177.725	463
177.775	459
177.825	445
177.875	448
177.925	433
177.976	428
178.026	422
178.076	404
178.127	406
178.177	400
178.228	389
178.278	393
178.328	391
178.378	390
178.428	398
178.478	394
178.529	408
178.579	414
178.629	413
178.679	428
178.729	425
178.779	437
178.830	444
178.880	436
178.930	449
178.980	448
179.031	441
179.082	446
179.132	432
179.182	436
179.232	435
179.282	420
179.332	426
179.383	420
179.433	411
179.483	414
179.533	404
179.583	405
179.633	408
179.684	400
179.734	407
179.784	406
179.834	404
179.884	412
179.936	405
179.986	412
180.036	420
180.086	414
180.136	427
180.186	430
180.237	428
180.287	439
180.337	429
180.387	442
180.437	444
180.487	436
180.538	444
180.588	441
180.638	432
180.688	436
180.738	424
180.789	426
180.840	422
180.890	409
180.940	412
180.990	406
181.040	396
181.091	400
181.141	390
181.191	397
181.241	400
181.291	394
181.341	407
181.392	411
181.442	412
181.492	427
181.542	424
181.592	441
181.643	447
181.693	445
181.744	457
181.794	455
181.844	451
181.894	456
181.945	441
181.995	446
182.045	439
182.095	423
182.145	422
182.196	411
182.246	399
182.296	398
182.346	384
182.396	388
182.446	386
182.497	381
182.547	391
182.597	395
182.648	397
182.698	412
182.748	413
182.799	432
182.849	440
182.899	439
182.949	457
182.999	457
183.050	459
183.100	466
183.150	449
183.200	459
183.250	451
183.300	434
183.351	434
183.401	420
183.451	409
183.501	404
183.552	388
183.602	391
183.653	387
183.703	380
183.753	387
183.803	391
183.853	392
183.904	403
183.954	404
184.004	420
184.054	429
184.104	430
184.154	446
184.205	445
184.255	453
184.305	459
184.355	446
184.405	458
184.456	453
184.507	442
184.557	442
184.607	429
184.657	423
184.707	419
184.758	404
184.808	407
184.858	402
184.908	393
184.958	398
185.008	391
185.059	396
185.109	402
185.159	397
185.209	411
185.259	416
185.309	413
185.361	428
185.411	423
185.461	434
185.511	439
185.561	431
185.612	444
185.662	443
185.712	437
185.762	443
185.812	428
185.862	436
185.913	435
185.963	424
186.013	428
186.063	423
186.113	414
186.164	418
186.214	404
186.265	410
186.315	410
186.365	401
186.415	407
186.466	406
186.516	401
186.566	408
186.616	402
186.666	410
186.716	417
186.767	412
186.817	425
186.867	428
186.917	425
186.967	439
187.018	434
187.068	442
187.119	448
187.169	439
187.219	449
187.269	445
187.320	437
187.370	439
187.420	424
187.470	425
187.520	420
187.570	406
187.621	409
187.671	402
187.721	392
187.771	396
187.821	385
187.872	393
187.922	397
187.972	392
188.023	407
188.073	413
188.123	416
188.174	431
188.224	429
188.274	446
188.324	452
188.374	447
188.424	460
188.475	458
188.525	453
188.575	456
188.625	440
188.675	443
188.726	434
188.776	417
188.826	415
188.876	405
188.927	392
188.977	392
189.028	380
189.078	385
189.128	386
189.178	382
189.228	394
189.279	399
189.329	404
189.379	419
189.429	418
189.479	439
189.529	447
189.580	446
189.630	461
189.680	461
189.730	460
189.780	463
189.831	450
189.882	453
189.932	445
189.982	426
190.032	426
190.082	415
190.133	404
190.183	401
190.233	387
190.283	391
190.333	388
190.383	381
190.434	391
190.484	395
190.534	398
190.584	409
190.634	410
190.684	427
190.736	434
190.786	434
190.836	448
190.886	445
190.936	450
190.987	455
191.037	445
191.087	452
191.137	446
191.187	432
191.237	436
191.288	425
191.338	419
191.388	417
191.438	404
191.488	408
191.538	404
191.589	394
191.640	402
191.690	399
191.740	400
191.790	407
191.841	402
191.891	415
191.941	418
191.991	417
192.041	427
192.091	423
192.142	432
192.192	437
192.242	429
192.292	441
192.342	440
192.392	436
192.443	442
192.493	429
192.544	435
192.594	435
192.644	424
192.695	430
192.745	426
192.795	416
192.845	421
192.895	407
192.945	410
192.996	411
193.046	400
193.096	407
193.146	405
193.196	399
193.247	407
193.297	400
193.347	410
193.397	416
193.448	411
193.498	425
193.549	430
193.599	429
193.649	441
193.699	437
193.749	448
193.799	451
193.850	441
193.900	451
193.950	447
194.000	437
194.050	439
194.101	423
194.151	425
194.201	419
194.251	403
194.301	405
194.352	398
194.403	388
194.453	392
194.503	383
194.553	392
194.603	396
194.653	393
194.704	408
194.754	415
194.804	420
194.854	434
194.904	432
194.955	450
195.005	456
195.055	449
195.105	464
195.155	460
195.205	453
195.257	456
195.307	438
195.357	440
195.407	431
195.457	413
195.508	412
195.558	401
195.608	390
195.658	390
195.708	377
195.758	384
195.809	385
195.859	382
195.909	396
195.959	401
196.009	407
196.059	422
196.110	422
196.161	443
196.211	450
196.261	447
196.311	462
196.362	462
196.412	460
196.462	462
196.512	445
196.562	450
196.612	442
196.663	424
196.713	424
196.763	412
196.813	400
196.863	398
196.913	385
196.964	390
197.014	389
197.065	384
197.115	394
197.165	397
197.216	400
197.266	413
197.316	412
197.366	429
197.416	436
197.466	435
197.517	449
197.567	446
197.617	450
197.667	454
197.717	441
197.767	449
197.818	444
197.868	429
197.919	434
197.969	423
198.019	417
198.070	416
198.120	403
198.170	407
198.220	404
198.270	399
198.320	404
198.371	403
198.421	402
198.471	410
198.521	406
198.571	416
198.621	420
198.672	416
198.722	428
198.772	426
198.823	432
198.873	437
198.924	428
198.974	440
199.024	440
199.074	430
199.124	440
199.174	431
199.225	433
199.275	435
199.325	423
199.375	430
199.425	425
199.476	416
199.526	420
199.576	409
199.626	410
199.676	411
199.727	401
199.778	407
199.828	405
199.878	400
199.928	407
199.978	401
200.028	409
200.079	416
200.129	411
200.179	426
200.229	430
200.279	429
200.330	442
200.380	434
200.430	446
200.480	451
200.530	439
200.580	450
200.632	446
200.682	435
200.732	438
200.782	421
200.832	420
200.882	417
200.933	402
200.983	404
201.033	397
201.083	389
201.133	392
201.184	385
201.234	392
201.284	398
201.334	395
201.384	410
201.434	416
201.485	420
201.536	436
201.586	434
201.636	451
201.686	457
201.736	453
201.787	463
201.837	459
201.887	451
201.937	454
201.987	436
202.038	438
202.088	429
202.138	410
202.188	410
202.238	401
202.288	388
202.339	389
202.389	377
202.440	384
202.490	387
202.540	384
202.591	398
202.641	405
202.691	409
202.741	425
202.791	423
202.841	444
202.892	451
202.942	447
202.992	462
203.042	460
203.092	458
203.142	460
203.193	444
203.243	448
203.293	439
203.344	423
203.394	421
203.445	411
203.495	400
203.545	398
203.595	386
203.645	391
203.695	390
203.746	385
203.796	397
203.846	399
203.896	403
203.946	416
203.996	413
204.047	431
204.097	437
204.147	435
204.197	449
204.248	447
204.299	448
204.349	453
204.399	440
204.449	447
204.499	443
204.549	429
204.600	432
204.650	422
204.700	417
204.750	416
204.800	402
204.850	408
204.901	406
204.951	397
205.001	405
205.051	403
205.101	402
205.153	410
205.203	403
205.253	416
205.303	419
205.353	416
205.403	427
205.454	427
205.504	430
205.554	436
205.604	430
205.654	440
205.704	440
205.755	433
205.805	441
205.855	431
205.905	435
205.955	436
206.006	424
206.057	431
206.107	426
206.157	416
206.207	420
206.257	414
206.308	408
206.358	409
206.408	398
206.458	405
206.508	404
206.559	398
206.609	406
206.659	403
206.709	409
206.759	417
206.809	411
206.860	428
206.911	432
206.961	430
207.011	445
207.061	439
207.111	449
207.162	453
207.212	441
207.262	452
207.312	447
207.362	434
207.413	437
207.463	421
207.513	419
207.563	413
207.613	398
207.663	401
207.714	394
207.764	385
207.815	391
207.865	381
207.915	390
207.965	399
208.016	398
208.066	414
208.116	421
208.166	424
208.216	441
208.267	437
208.317	454
208.367	460
208.417	453
208.467	464
208.517	459
208.568	451
208.618	452
208.668	431
208.719	433
208.769	424
208.820	404
208.870	405
208.920	396
208.970	384
209.020	388
209.070	376
209.121	385
209.171	389
209.221	388
209.271	402
209.321	410
209.371	414
209.422	431
209.472	430
209.522	448
209.572	454
209.623	448
209.674	463
209.724	460
209.774	455
209.824	457
209.874	440
209.924	443
209.975	433
210.025	414
210.075	416
210.125	407
210.175	396
210.225	397
210.276	386
210.326	391
210.376	392
210.426	389
210.476	400
210.528	404
210.578	406
210.628	420
210.678	417
210.728	434
210.778	440
210.829	436
210.879	450
210.929	447
210.979	448
211.029	451
211.079	440
211.130	443
211.180	439
211.230	427
211.280	429
211.330	423
211.381	412
211.432	414
211.482	402
211.532	408
211.582	406
211.632	398
211.683	407
211.733	410
211.783	406
211.833	412
211.883	407
211.933	418
211.984	421
212.034	418
212.084	429
212.134	428
212.184	430
212.235	436
212.285	427
212.336	440
212.386	439
212.436	432
212.486	440
212.537	433
212.587	433
212.637	435
212.687	423
212.737	430
212.788	425
212.838	414
212.888	419
212.938	411
212.988	408
213.038	409
213.089	399
213.139	405
213.189	404
213.240	396
213.290	407
213.340	407
213.391	410
213.441	418
213.491	414
213.541	430
213.591	435
213.642	433
213.692	446
213.742	439
213.792	449
213.842	452
213.892	442
213.943	449
213.993	443
214.043	432
214.093	433
214.144	417
214.194	416
214.245	411
214.295	396
214.345	398
214.395	394
214.445	385
214.496	392
214.546	386
214.596	394
214.646	403
214.696	401
214.746	418
