#Creator: pendulumdriveEventBuffer
#Creation time: Tue Apr  4 15:26:34 2017
#Time	Pos
#[s]	[au]
0.050	349
0.100	336
0.151	346
0.201	347
0.251	364
0.301	377
0.351	388
0.401	414
0.452	427
0.502	448
0.553	469
0.603	474
0.653	496
0.704	503
0.754	496
0.804	508
0.854	490
0.904	489
0.954	479
1.005	448
1.055	443
1.105	422
1.155	396
1.205	383
1.256	367
1.306	348
1.356	343
1.406	331
1.457	338
1.507	342
1.558	345
1.608	366
1.658	383
1.708	400
1.758	425
1.808	437
1.859	469
1.909	485
1.959	494
2.009	512
2.059	501
2.110	516
2.160	513
2.210	489
2.260	488
2.311	467
2.361	438
2.412	424
2.462	393
2.512	376
2.562	359
2.612	338
2.662	334
2.713	329
2.763	324
2.813	334
2.863	338
2.913	356
2.964	380
3.014	393
3.064	426
3.114	448
3.164	464
3.215	493
3.266	491
3.316	517
3.366	523
3.416	510
3.466	518
3.517	505
3.567	483
3.617	472
3.667	439
3.717	425
3.767	404
3.818	375
3.868	363
3.918	349
3.968	333
4.018	333
4.068	326
4.120	332
4.170	346
4.220	353
4.270	379
4.320	398
4.371	413
4.421	440
4.471	449
4.521	478
4.571	492
4.621	489
4.672	508
4.722	506
4.772	499
4.822	500
4.872	472
4.922	473
4.973	456
5.024	429
5.074	421
5.124	402
5.174	382
5.225	374
5.275	356
5.325	354
5.375	352
5.425	346
5.475	355
5.526	363
5.576	368
5.626	387
5.676	392
5.726	418
5.776	434
5.827	442
5.877	465
5.928	473
5.978	479
6.028	493
6.079	481
6.129	495
6.179	490
6.229	470
6.279	471
6.329	453
6.380	436
6.430	426
6.480	401
6.530	394
6.580	379
6.630	362
6.681	359
6.731	357
6.781	348
6.832	355
6.882	355
6.933	372
6.983	385
7.033	393
7.083	419
7.133	435
7.183	450
7.234	471
7.284	474
7.334	496
7.384	501
7.434	492
7.485	503
7.535	482
7.585	482
7.635	471
7.685	442
7.736	435
7.787	415
7.837	388
7.887	377
7.937	365
7.987	346
8.037	343
8.088	333
8.138	341
8.188	348
8.238	352
8.288	374
8.339	391
8.389	410
8.439	435
8.489	446
8.539	475
8.589	490
8.641	493
8.691	513
8.741	501
8.791	513
8.841	508
8.891	482
8.942	480
8.992	459
9.042	432
9.092	416
9.142	387
9.193	372
9.243	358
9.293	338
9.343	338
9.393	334
9.443	330
9.494	343
9.545	348
9.595	368
9.645	390
9.695	402
9.745	432
9.796	451
9.846	464
9.896	489
9.946	486
9.996	507
10.047	511
10.097	496
10.147	504
10.197	490
10.247	470
10.297	461
10.348	431
10.398	421
10.449	404
10.499	380
10.549	372
10.600	361
10.650	348
10.700	350
10.750	344
10.800	352
10.850	363
10.901	370
10.951	389
11.001	403
11.051	414
11.101	436
11.151	440
11.202	465
11.252	477
11.302	472
11.353	491
11.403	489
11.454	485
11.504	486
11.554	467
11.604	467
11.654	454
11.704	430
11.755	425
11.805	410
11.855	392
11.905	384
11.955	367
12.005	366
12.056	363
12.106	355
12.156	363
12.206	369
12.257	372
12.308	388
12.358	393
12.408	417
12.458	432
12.508	436
12.558	462
12.609	470
12.659	479
12.709	490
12.759	480
12.809	494
12.859	488
12.910	470
12.960	470
13.010	452
13.060	435
13.110	423
13.162	395
13.212	390
13.262	374
13.312	357
13.362	355
13.412	351
13.463	345
13.513	355
13.563	358
13.613	375
13.663	390
13.713	399
13.764	426
13.814	439
13.864	459
13.914	480
13.964	480
14.015	502
14.066	506
14.116	499
14.166	503
14.216	482
14.266	477
14.317	465
14.367	433
14.417	425
14.467	404
14.517	378
14.568	369
14.618	359
14.668	341
14.718	342
14.768	336
14.818	346
14.869	355
14.920	362
14.970	387
15.020	403
15.070	420
15.120	446
15.171	452
15.221	481
15.271	492
15.321	494
15.371	508
15.422	495
15.472	500
15.522	494
15.572	471
15.622	464
15.672	445
15.723	420
15.773	410
15.824	383
15.874	372
15.924	365
15.974	350
16.025	352
16.075	352
16.125	349
16.175	363
16.225	368
16.276	384
16.326	402
16.376	409
16.426	434
16.476	447
16.526	455
16.577	475
16.627	470
16.677	487
16.728	490
16.778	474
16.829	485
16.879	475
16.929	458
16.979	455
17.029	430
17.079	424
17.130	413
17.180	393
17.230	389
17.280	379
17.330	366
17.380	367
17.431	361
17.481	365
17.531	371
17.581	373
17.632	388
17.683	399
17.733	408
17.783	428
17.833	431
17.883	454
17.933	466
17.984	464
18.034	483
18.084	485
18.134	480
18.184	485
18.234	467
18.285	470
18.335	458
18.385	435
18.435	430
18.485	413
18.537	392
18.587	386
18.637	367
18.687	364
18.737	359
18.787	350
18.838	359
18.888	365
18.938	368
18.988	386
19.038	391
19.088	418
19.139	435
19.189	442
19.239	468
19.289	477
19.339	486
19.390	499
19.441	487
19.491	500
19.541	493
19.591	473
19.641	470
19.692	450
19.742	429
19.792	416
19.842	390
19.892	381
19.942	365
19.993	349
20.043	347
20.093	346
20.143	341
20.193	352
20.244	357
20.294	379
20.345	396
20.395	406
20.445	435
20.495	449
20.546	467
20.596	488
20.646	483
20.696	506
20.746	507
20.797	495
20.847	498
20.897	476
20.947	468
20.997	455
21.047	426
21.098	416
21.148	397
21.198	374
21.249	366
21.299	361
21.349	344
21.400	348
21.450	344
21.500	356
21.550	367
21.600	373
21.651	397
21.701	411
21.751	427
21.801	449
21.851	454
21.901	477
21.952	486
22.002	482
22.052	495
22.102	482
22.153	485
22.203	479
22.254	457
22.304	454
22.354	439
22.404	416
22.454	410
22.505	389
22.555	382
22.605	376
22.655	362
22.705	367
22.755	366
22.806	363
22.856	375
22.906	376
22.956	391
23.006	405
23.057	410
23.108	431
23.158	442
23.208	446
23.258	465
23.308	462
23.359	476
23.409	480
23.459	471
23.509	478
23.559	469
23.609	456
23.660	454
23.710	432
23.760	428
23.810	417
23.860	396
23.910	394
23.962	383
24.012	370
24.062	371
24.112	362
24.162	366
24.213	373
24.263	373
24.313	389
24.363	399
24.413	406
24.463	427
24.514	431
24.564	454
24.614	467
24.664	467
24.714	484
24.765	486
24.815	482
24.866	487
24.916	468
24.966	469
25.016	458
25.067	432
25.117	428
25.167	410
25.217	391
25.267	382
25.317	363
25.368	360
25.418	356
25.468	348
25.518	357
25.568	364
25.619	368
25.669	387
25.720	394
25.770	420
25.820	438
25.870	444
25.921	472
25.971	481
26.021	487
26.071	502
26.121	489
26.171	500
26.222	493
26.272	470
26.322	468
26.372	447
26.422	425
26.473	412
26.523	386
26.573	377
26.624	364
26.674	346
26.724	347
26.775	347
26.825	342
26.875	356
26.925	363
26.975	383
27.025	400
27.076	413
27.126	439
27.176	453
27.226	469
27.276	487
27.327	482
27.377	503
27.427	502
27.477	488
27.528	493
27.578	475
27.629	460
27.679	449
27.729	423
27.779	414
27.829	397
27.880	374
27.930	370
27.980	366
28.030	352
28.080	355
28.130	351
28.181	365
28.231	375
28.281	381
28.331	403
28.381	415
28.432	429
28.483	448
28.533	451
28.583	472
28.633	479
28.683	474
28.734	487
28.784	473
28.834	477
28.884	472
28.934	450
28.984	451
29.035	437
29.085	416
29.135	413
29.185	395
29.235	386
29.285	383
29.337	369
29.387	373
29.437	372
29.487	368
29.537	379
29.588	379
29.638	392
29.688	406
29.738	410
29.788	429
29.838	439
29.889	443
29.939	462
29.989	459
30.039	473
30.089	478
30.139	467
30.190	476
30.241	469
30.291	456
30.341	455
30.391	432
30.442	427
30.492	418
30.542	397
30.592	393
30.642	383
30.692	371
30.743	369
30.793	360
30.843	365
30.893	371
30.943	371
30.993	389
31.044	400
31.094	407
31.145	429
31.195	432
31.245	457
31.296	470
31.346	472
31.396	488
31.446	488
31.496	483
31.546	488
31.597	468
31.647	469
31.697	456
31.747	430
31.797	425
31.848	407
31.898	385
31.948	377
31.998	360
32.049	356
32.099	353
32.150	346
32.200	357
32.250	364
32.300	370
32.350	391
32.400	399
32.451	426
32.501	443
32.551	448
32.601	477
32.651	484
32.702	490
32.752	503
32.802	489
32.852	499
32.902	489
32.953	465
33.004	462
33.054	441
33.104	419
33.154	407
33.204	383
33.254	374
33.305	362
33.355	348
33.405	349
33.455	351
33.505	349
33.556	363
33.606	369
33.656	391
33.706	408
33.756	417
33.806	444
33.858	456
33.908	469
33.958	485
34.008	484
34.058	496
34.109	495
34.159	481
34.209	483
34.259	466
34.309	452
34.359	442
34.410	417
34.460	411
34.510	396
34.560	377
34.610	374
34.660	371
34.711	360
34.762	365
34.812	362
34.862	374
34.912	383
34.963	389
35.013	407
35.063	418
35.113	429
35.163	447
35.213	448
35.264	466
35.314	472
35.364	468
35.414	479
35.464	467
35.514	469
35.565	467
35.615	447
35.666	449
35.716	437
35.766	418
35.817	415
35.867	402
35.917	390
35.967	387
36.017	374
36.067	377
36.118	375
36.168	372
36.218	381
36.268	379
36.318	392
36.368	405
36.419	408
36.469	428
36.520	438
36.570	441
36.620	461
36.671	459
36.721	473
36.771	479
36.821	465
36.871	478
36.921	471
36.972	455
37.022	455
37.072	432
37.122	428
37.172	416
37.222	395
37.273	391
37.323	379
37.373	366
37.424	367
37.474	357
37.525	362
37.575	371
37.625	371
37.675	389
37.725	401
37.775	410
37.826	433
37.876	437
37.926	459
37.976	475
38.026	473
38.077	492
38.127	491
38.177	482
38.227	488
38.277	466
38.328	464
38.379	452
38.429	427
38.479	419
38.529	401
38.579	381
38.629	373
38.680	354
38.730	354
38.780	353
38.830	348
38.880	360
38.931	369
38.981	377
39.031	398
39.081	406
39.131	432
39.181	450
39.233	456
39.283	481
39.333	486
39.383	489
39.433	499
39.483	485
39.534	491
39.584	480
39.634	457
39.684	452
39.734	433
39.785	414
39.835	402
39.885	379
39.935	374
39.985	366
40.035	352
40.086	358
40.137	361
40.187	361
40.237	375
40.287	380
40.337	402
40.388	415
40.438	424
40.488	445
40.538	455
40.588	464
40.639	478
40.689	470
40.739	485
40.789	483
40.839	468
40.889	472
40.940	458
40.990	446
41.041	438
41.091	415
41.141	414
41.192	402
41.242	386
41.292	385
41.342	379
41.392	370
41.442	375
41.493	371
41.543	382
41.593	388
41.643	390
41.693	407
41.743	415
41.794	423
41.844	440
41.894	439
41.945	459
41.995	465
42.046	462
42.096	475
42.146	465
42.196	469
42.246	468
42.296	452
42.347	453
42.397	442
42.447	423
42.497	419
42.547	405
42.597	393
42.648	388
42.698	373
42.748	375
42.798	372
42.849	365
42.900	376
42.950	383
43.000	386
43.050	401
43.100	404
43.150	427
43.201	440
43.251	445
43.301	466
43.351	466
43.401	480
43.451	487
43.502	474
43.552	484
43.602	476
43.652	457
43.702	455
43.754	431
43.804	422
43.854	410
43.904	387
43.954	382
44.004	371
44.055	358
44.105	359
44.155	352
44.205	358
44.255	370
44.305	373
44.356	394
44.406	408
44.456	418
44.506	443
44.556	447
44.607	472
44.658	484
44.708	479
44.758	496
44.808	493
44.858	483
44.909	483
44.959	459
45.009	453
45.059	441
45.109	416
45.160	407
45.210	391
45.260	372
45.310	368
45.360	355
45.410	356
45.461	358
45.512	357
45.562	372
45.612	383
45.662	389
45.712	413
45.763	415
45.813	442
45.863	457
45.913	460
45.963	479
46.014	482
46.064	480
46.114	486
46.164	467
46.214	474
46.264	464
46.315	445
46.365	441
46.416	425
46.466	408
46.516	402
46.566	385
46.617	384
46.667	377
46.717	368
46.767	374
46.817	375
46.868	376
46.918	388
46.968	388
47.018	406
47.068	418
47.118	421
47.169	439
47.219	446
47.269	452
47.320	465
47.370	457
47.421	473
47.471	473
47.521	460
47.571	467
47.621	457
47.671	446
47.722	443
47.772	419
47.822	421
47.872	410
47.922	392
47.972	391
48.023	383
48.073	375
48.123	376
48.173	368
48.224	378
48.275	383
48.325	384
48.375	401
48.425	410
48.475	420
48.525	438
48.576	437
48.626	461
48.676	470
48.726	467
48.776	482
48.826	471
48.877	476
48.927	475
48.977	454
49.027	456
49.077	443
49.129	420
49.179	414
49.229	399
49.279	384
49.329	376
49.379	362
49.430	364
49.480	362
49.530	357
49.580	371
49.630	382
49.680	388
49.731	408
49.781	412
49.831	439
49.881	454
49.931	459
49.982	480
50.033	476
50.083	488
50.133	493
50.183	474
50.233	482
50.284	470
50.334	449
50.384	443
50.434	423
50.484	406
50.534	396
50.585	374
50.635	372
50.685	365
50.735	354
50.785	361
50.836	359
50.886	368
50.937	383
50.987	390
51.037	410
51.087	424
51.138	432
51.188	454
51.238	455
51.288	473
51.338	481
51.389	474
51.439	484
51.489	479
51.539	465
51.589	466
51.639	443
51.690	440
51.740	430
51.790	410
51.841	406
51.891	395
51.941	381
51.992	381
52.042	371
52.092	373
52.142	377
52.192	373
52.243	387
52.293	393
52.343	397
52.393	414
52.443	415
52.493	433
52.544	445
52.594	445
52.644	462
52.694	465
52.745	464
52.795	473
52.846	459
52.896	468
52.946	463
52.996	445
53.046	447
53.097	435
53.147	419
53.197	415
53.247	396
53.297	394
53.347	387
53.398	373
53.448	376
53.498	375
53.548	371
53.598	381
53.649	380
53.700	396
53.750	408
53.800	411
53.850	433
53.900	442
53.951	452
54.001	467
54.051	459
54.101	481
54.151	483
54.201	471
54.252	477
54.302	465
54.352	454
54.402	447
54.452	423
54.502	419
54.554	405
54.604	383
54.654	381
54.704	371
54.754	360
54.805	363
54.855	358
54.905	370
54.955	379
55.005	384
55.055	404
55.106	417
55.156	429
55.206	450
55.256	450
55.306	476
55.357	484
55.407	478
55.458	491
55.508	484
55.558	477
55.608	473
55.659	448
55.709	446
55.759	430
55.809	407
55.859	399
55.909	387
55.960	370
56.010	368
56.060	357
56.110	363
56.160	367
56.211	365
56.261	383
56.312	397
56.362	404
56.412	422
56.462	429
56.513	450
56.563	461
56.613	462
56.663	479
56.713	472
56.763	478
56.814	479
56.864	463
56.914	466
56.964	454
57.014	436
57.065	432
57.115	415
57.165	404
57.216	398
57.266	381
57.316	383
57.367	379
57.417	372
57.467	379
57.517	375
57.567	384
57.617	395
57.668	395
57.718	413
57.768	423
57.818	427
57.868	443
57.919	441
57.969	457
58.019	464
58.069	457
58.120	470
58.170	468
58.221	458
58.271	463
58.321	443
58.371	444
58.421	438
58.472	418
58.522	418
58.572	407
58.622	392
58.672	392
58.722	377
58.773	376
58.823	379
58.873	372
58.923	383
58.973	387
59.024	389
59.075	405
59.125	406
59.175	426
59.225	440
59.275	441
59.326	462
59.376	467
59.426	466
59.476	479
59.526	465
59.576	476
59.627	470
59.677	450
59.727	452
59.777	437
59.827	418
59.877	412
59.929	391
59.979	385
60.029	378
60.079	366
60.129	366
60.180	367
60.230	365
60.280	376
60.330	378
60.380	398
60.430	412
60.481	417
60.531	442
60.581	453
60.631	462
60.681	479
60.731	471
60.782	489
60.833	488
60.883	473
60.933	476
60.983	462
61.034	448
61.084	438
61.134	413
61.184	407
61.234	392
61.284	373
61.335	372
61.385	366
61.435	359
61.485	365
61.535	363
61.585	378
61.636	389
61.686	394
61.737	417
61.787	428
61.837	440
61.888	459
61.938	459
61.988	476
62.038	481
62.088	473
62.138	482
62.189	472
62.239	465
62.289	460
62.339	435
62.389	435
62.440	422
62.490	402
62.540	399
62.590	391
62.641	378
62.691	378
62.742	369
62.792	377
62.842	381
62.892	381
62.942	394
62.992	402
63.043	408
63.093	424
63.143	423
63.193	444
63.243	451
63.294	451
63.344	465
63.394	458
63.444	465
63.494	467
63.545	453
63.596	460
63.646	452
63.696	436
63.746	437
63.796	423
63.846	416
63.897	410
63.947	394
63.997	395
64.047	388
64.097	381
64.148	384
64.198	377
64.248	384
64.298	392
64.348	390
64.398	406
64.450	414
64.500	417
64.550	436
64.600	435
64.650	453
64.701	463
64.751	456
64.801	474
64.851	472
64.901	462
64.951	469
65.002	451
65.052	451
65.102	442
65.152	419
65.202	419
65.252	405
65.303	388
65.354	386
65.404	370
65.454	369
65.504	371
65.555	365
65.605	377
65.655	384
65.705	388
65.755	407
65.805	410
65.856	434
65.906	448
65.956	449
66.006	471
66.056	477
66.106	476
66.157	486
66.207	471
66.258	478
66.308	469
66.358	449
66.409	445
66.459	427
66.509	410
66.559	401
66.609	380
66.659	376
66.710	370
66.760	358
66.810	365
66.860	367
66.910	368
66.960	384
67.011	389
67.061	408
67.112	424
67.162	432
67.212	453
67.263	463
67.313	466
67.363	481
67.413	475
67.463	485
67.513	481
67.564	465
67.614	465
67.664	451
67.714	432
67.764	427
67.814	404
67.865	401
67.915	390
67.965	374
68.016	376
68.066	373
68.117	368
68.167	378
68.217	375
68.267	391
68.317	400
68.367	406
68.418	423
68.468	431
68.518	439
68.568	454
68.618	452
68.669	466
68.719	468
68.769	459
68.819	469
68.869	461
68.920	453
68.971	452
69.021	435
69.071	435
69.121	425
69.171	408
69.221	409
69.272	399
69.322	389
69.372	390
69.422	380
69.472	387
69.523	388
69.573	386
69.623	395
69.673	401
69.723	404
69.773	417
69.825	416
69.875	435
69.925	443
69.975	441
70.025	458
70.075	455
70.126	462
70.176	468
70.226	454
70.276	464
70.326	457
70.377	442
70.427	443
70.477	429
70.527	418
70.577	412
70.627	393
70.678	394
70.729	386
70.779	375
70.829	378
70.879	379
70.929	376
70.980	386
71.030	387
71.080	404
71.130	414
71.180	418
71.231	439
71.281	445
71.331	459
71.381	471
71.431	463
71.481	481
71.532	479
71.582	469
71.633	471
71.683	453
71.733	448
71.784	438
71.834	414
71.884	410
71.934	397
71.984	379
72.034	376
72.085	362
72.135	363
72.185	367
72.235	364
72.285	379
72.335	389
72.386	394
72.436	416
72.486	421
72.537	443
72.587	458
72.638	460
72.688	478
72.738	481
72.788	476
72.838	484
72.888	469
72.939	468
72.989	460
73.039	436
73.089	433
73.139	418
73.189	398
73.240	394
73.290	375
73.340	374
73.390	372
73.441	364
73.492	373
73.542	378
73.592	381
73.642	396
73.692	398
73.742	418
73.793	432
73.843	433
73.893	455
73.943	460
73.993	464
74.043	473
74.094	460
74.144	472
74.194	467
74.244	451
74.294	454
74.346	443
74.396	428
74.446	425
74.496	405
74.546	405
74.596	399
74.647	384
74.697	389
74.747	387
74.797	380
74.847	388
74.897	386
74.948	397
74.998	404
75.048	402
75.098	420
75.148	425
75.199	430
75.250	443
75.300	441
75.350	457
75.400	460
75.450	452
75.501	464
75.551	459
75.601	453
75.651	455
75.701	440
75.752	441
75.802	433
75.852	414
75.902	416
75.952	405
76.002	394
76.053	393
76.104	381
76.154	385
76.204	384
76.254	379
76.304	389
76.355	395
76.405	400
76.455	412
76.505	412
76.555	434
76.606	443
76.656	444
76.706	462
76.756	464
76.806	466
76.856	475
76.907	459
76.957	469
77.008	461
77.058	444
77.108	443
77.158	428
77.209	413
77.259	405
77.309	385
77.359	385
77.409	378
77.460	365
77.510	370
77.560	375
77.610	373
77.660	386
77.710	388
77.761	409
77.811	421
77.861	428
77.912	449
77.962	453
78.013	466
78.063	478
78.113	469
78.163	484
78.213	480
78.263	466
78.314	465
78.364	447
78.414	437
78.464	426
78.514	404
78.564	400
78.615	389
78.665	371
78.715	373
78.765	365
78.816	365
78.867	373
78.917	372
78.967	390
79.017	400
79.067	405
79.117	427
79.168	427
79.218	449
79.268	461
79.318	457
79.368	474
79.418	474
79.469	468
79.519	473
79.569	454
79.619	456
79.669	448
79.721	429
79.771	427
79.821	415
79.871	400
79.921	398
79.971	384
80.022	384
80.072	383
80.122	376
80.172	385
80.222	389
80.272	392
80.323	402
80.373	400
80.423	418
80.473	429
80.523	425
80.574	444
80.625	449
80.675	448
80.725	461
80.775	449
80.825	462
80.876	460
80.926	448
80.976	453
81.026	445
81.076	432
81.126	432
81.177	414
81.227	416
81.277	408
81.327	394
81.377	396
81.428	390
81.478	384
81.529	388
81.579	382
81.629	390
81.679	397
81.730	394
81.780	411
81.830	418
81.880	423
81.930	440
81.981	435
82.031	456
82.081	463
82.131	457
82.181	470
82.231	467
82.282	462
82.332	463
82.382	446
82.433	445
82.483	434
82.533	413
82.584	411
82.634	399
82.684	386
82.734	384
82.784	371
82.835	373
82.885	374
82.935	371
82.985	385
83.035	393
83.085	398
83.136	416
83.186	421
83.236	443
83.286	453
83.337	457
83.387	474
83.438	472
83.488	476
83.538	481
83.588	466
83.638	469
83.689	458
83.739	437
83.789	433
83.839	417
83.889	401
83.939	393
83.990	374
84.040	375
84.090	371
84.140	362
84.190	370
84.241	378
84.292	379
84.342	395
84.392	400
84.442	421
84.492	434
84.543	438
84.593	458
84.643	458
84.693	470
84.743	478
84.793	467
84.844	476
84.894	469
84.944	454
84.994	453
85.044	431
85.094	425
85.146	418
85.196	399
85.246	398
85.296	390
85.346	379
85.397	381
85.447	375
85.497	378
85.547	387
85.597	384
85.647	401
85.698	409
85.748	412
85.798	429
85.848	430
85.898	442
85.949	452
85.999	448
86.050	462
86.100	461
86.150	454
86.200	460
86.251	445
86.301	449
86.351	446
86.401	427
86.451	430
86.501	422
86.552	408
86.602	408
86.652	396
86.702	394
86.752	394
86.803	384
86.853	391
86.904	392
86.954	388
87.004	400
87.054	397
87.105	409
87.155	420
87.205	417
87.255	435
87.305	443
87.355	446
87.406	457
87.456	448
87.506	464
87.556	465
87.606	451
87.657	459
87.707	451
87.757	439
87.808	437
87.858	418
87.908	416
87.959	408
88.009	393
88.059	391
88.109	385
88.159	377
88.209	381
88.260	373
88.310	384
88.360	392
88.410	394
88.460	411
88.511	420
88.561	429
88.611	446
88.661	446
88.712	466
88.762	472
88.813	465
88.863	478
88.913	471
88.963	464
89.013	464
89.064	440
89.114	440
89.164	427
89.214	408
89.264	403
89.314	389
89.365	376
89.415	375
89.465	365
89.515	370
89.565	373
89.616	372
89.667	388
89.717	399
89.767	406
89.817	427
89.867	429
89.918	453
89.968	463
90.018	461
90.068	479
90.118	476
90.168	476
90.219	477
90.269	460
90.319	461
90.369	448
90.419	426
90.469	423
90.521	409
90.571	392
90.621	387
90.671	373
90.721	376
90.772	374
90.822	368
90.872	379
90.922	387
90.972	390
91.022	406
91.073	410
91.123	429
91.173	439
91.223	440
91.273	459
91.323	456
91.374	464
91.425	471
91.475	458
91.525	465
91.575	459
91.626	444
91.676	444
91.726	429
91.776	424
91.826	417
91.876	401
91.927	402
91.977	395
92.027	384
92.077	390
92.127	381
92.177	386
92.228	394
92.278	390
92.329	404
92.379	410
92.429	411
92.480	425
92.530	423
92.580	437
92.630	447
92.680	441
92.730	456
92.781	457
92.831	453
92.881	459
92.931	445
92.981	452
93.032	448
93.082	431
93.132	435
93.182	425
93.233	411
93.283	410
93.334	395
93.384	394
93.434	391
93.484	382
93.534	387
93.584	387
93.635	385
93.685	395
93.735	393
93.785	408
93.835	421
93.886	418
93.936	440
93.986	447
94.036	449
94.086	464
94.137	455
94.188	470
94.238	471
94.288	456
94.338	462
94.388	452
94.438	436
94.489	433
94.539	412
94.589	408
94.639	398
94.689	383
94.740	381
94.790	375
94.840	369
94.890	375
94.940	369
94.990	385
95.042	396
95.092	398
95.142	420
95.192	431
95.242	439
95.293	458
95.343	452
95.393	474
95.443	479
95.493	472
95.543	478
95.594	470
95.644	458
95.694	455
95.744	432
95.794	430
95.844	415
95.895	393
95.946	391
95.996	382
96.046	369
96.096	373
96.147	366
96.197	375
96.247	381
96.297	382
96.347	400
96.397	410
96.448	419
96.498	437
96.548	437
96.598	459
96.648	467
96.698	462
96.749	474
96.799	469
96.850	464
96.900	465
96.950	445
97.001	448
97.051	437
97.101	416
97.151	416
97.201	405
97.251	393
97.302	392
97.352	382
97.402	385
97.452	385
97.502	382
97.552	392
97.603	398
97.653	400
97.704	412
97.754	412
97.804	429
97.855	437
97.905	434
97.955	450
98.005	447
98.055	454
98.105	459
98.156	447
98.206	457
98.256	453
98.306	440
98.356	444
98.406	433
98.457	426
98.507	423
98.557	409
98.608	409
98.658	403
98.709	393
98.759	395
98.809	391
98.859	387
98.909	393
98.959	387
99.010	399
99.060	405
99.110	402
99.160	420
99.210	423
99.261	433
99.311	444
99.361	439
99.411	459
99.461	461
99.512	456
99.563	465
99.613	455
99.663	456
99.713	453
99.763	433
99.813	435
99.864	424
99.914	408
99.964	405
100.014	388
100.064	384
100.115	383
100.165	372
100.215	380
100.265	381
100.315	381
100.365	395
100.417	395
100.467	412
100.517	426
100.567	430
100.617	451
100.667	458
100.718	460
100.768	475
100.818	465
100.868	474
100.918	474
100.969	456
101.019	458
101.069	446
101.119	428
101.169	422
101.219	401
101.270	394
101.321	387
101.371	372
101.421	374
101.471	372
101.521	366
101.572	377
101.622	379
101.672	393
101.722	407
101.772	408
101.823	431
101.873	442
101.923	449
101.973	466
102.023	460
102.073	476
102.124	476
102.174	464
102.225	470
102.275	460
102.325	446
102.376	442
102.426	420
102.476	416
102.526	407
102.576	388
102.626	389
102.677	383
102.727	376
102.777	380
102.827	376
102.877	388
102.927	394
102.978	394
103.028	412
103.078	419
103.129	424
103.179	440
103.230	441
103.280	455
103.330	459
103.380	454
103.430	462
103.480	458
103.531	453
103.581	453
103.631	436
103.681	442
103.731	433
103.781	418
103.832	419
103.882	410
103.932	401
103.982	402
104.033	389
104.084	395
104.134	395
104.184	386
104.234	398
104.284	401
104.334	400
104.385	411
104.435	407
104.485	423
104.535	430
104.585	430
104.635	443
104.686	443
104.736	448
104.786	457
104.836	448
104.886	459
104.938	455
104.988	444
105.038	449
105.088	437
105.138	430
105.188	428
105.239	407
105.289	411
105.339	403
105.389	392
105.439	392
105.489	383
105.540	384
105.590	388
105.640	382
105.690	396
105.740	402
105.791	403
105.842	421
105.892	425
105.942	435
105.992	450
106.042	446
106.093	465
106.143	468
106.193	462
106.243	471
106.293	459
106.344	458
106.394	453
106.444	432
106.494	432
106.544	419
106.594	401
106.645	397
106.696	383
106.746	377
106.796	376
106.846	368
106.896	376
106.947	380
106.997	382
107.047	397
107.097	399
107.147	418
107.198	434
107.248	437
107.298	458
107.348	465
107.398	466
107.448	478
107.499	468
107.549	475
107.600	471
107.650	454
107.700	452
107.750	439
107.801	420
107.851	414
107.901	393
107.951	388
108.001	384
108.052	370
108.102	374
108.152	375
108.202	372
108.252	385
108.302	386
108.353	401
108.403	415
108.453	416
108.504	439
108.554	447
108.605	449
108.655	466
108.705	458
108.755	471
108.805	471
108.855	455
108.906	462
108.956	451
109.006	438
109.056	435
109.106	417
109.156	414
109.207	407
109.257	392
109.307	394
109.357	390
109.408	384
109.459	388
109.509	384
109.559	395
109.609	400
109.659	399
109.709	415
109.760	421
109.810	423
109.860	437
109.910	432
109.960	448
110.010	452
110.061	447
110.111	456
110.161	452
110.211	450
110.261	451
110.313	434
110.363	442
110.413	436
110.463	422
110.513	423
110.563	415
110.614	404
110.664	405
110.714	393
110.764	398
110.814	395
110.864	389
110.915	396
110.965	397
111.015	398
111.065	407
111.115	402
111.166	420
111.217	427
111.267	426
111.317	443
111.367	446
111.417	451
111.468	460
111.518	449
111.568	463
111.618	461
111.668	448
111.718	452
111.769	441
111.819	432
111.869	427
111.919	408
111.969	408
112.020	398
112.070	384
112.121	387
112.171	383
112.221	376
112.271	384
112.322	382
112.372	394
112.422	403
112.472	406
112.522	424
112.573	431
112.623	445
112.673	456
112.723	456
112.773	472
112.823	473
112.874	465
112.924	472
112.974	458
113.025	456
113.075	448
113.125	427
113.176	425
113.226	411
113.276	392
113.326	390
113.376	375
113.427	372
113.477	374
113.527	367
113.577	378
113.627	385
113.677	386
113.728	405
113.778	409
113.828	428
113.878	442
113.929	443
113.979	463
114.030	469
114.080	464
114.130	477
114.180	463
114.230	468
114.281	462
114.331	442
114.381	443
114.431	430
114.481	413
114.531	409
114.582	390
114.632	388
114.682	385
114.732	374
114.782	382
114.833	383
114.884	383
114.934	395
114.984	394
115.034	409
115.084	421
115.135	421
115.185	441
115.235	445
115.285	448
115.335	459
115.385	448
115.436	461
115.486	460
115.536	448
115.586	453
115.636	445
115.686	435
115.738	433
115.788	417
115.838	417
115.888	412
115.938	400
115.989	402
116.039	397
116.089	390
116.139	397
116.189	389
116.239	398
116.290	402
116.340	400
116.390	412
116.440	416
116.490	420
116.541	431
116.591	426
116.642	442
116.692	447
116.742	440
116.792	455
116.843	454
116.893	450
116.943	455
116.993	441
117.043	447
117.093	441
117.144	424
117.194	428
117.244	418
117.294	407
117.344	405
117.395	391
117.445	394
117.496	391
117.546	382
117.596	390
117.646	391
117.697	392
117.747	404
117.797	403
117.847	420
117.897	429
117.947	432
117.998	448
118.048	452
118.098	458
118.148	468
118.198	460
118.249	468
118.299	464
118.349	451
118.400	452
118.450	439
118.500	426
118.551	420
118.601	402
118.651	399
118.701	390
118.751	378
118.801	378
118.852	379
118.902	372
118.952	383
119.002	383
119.052	400
119.103	410
119.153	413
119.203	435
119.253	441
119.304	452
119.354	465
119.405	460
119.455	476
119.505	475
119.555	463
119.605	468
119.656	451
119.706	446
119.756	438
119.806	419
119.856	414
119.906	403
119.957	388
120.007	385
120.057	375
120.107	374
120.157	378
120.208	375
120.259	389
120.309	395
120.359	398
120.409	417
120.459	419
120.510	435
120.560	447
120.610	447
120.660	461
120.710	464
120.760	460
120.811	465
120.861	452
120.911	455
120.961	449
121.011	432
121.061	434
121.113	424
121.163	409
121.213	409
121.263	395
121.313	394
121.364	395
121.414	387
121.464	393
121.514	395
121.564	394
121.614	402
121.665	400
121.715	412
121.765	421
121.815	419
121.865	433
121.915	438
121.966	437
122.017	448
122.067	439
122.117	452
122.167	453
122.218	444
122.268	450
122.318	445
122.368	434
122.418	438
122.468	423
122.519	425
122.569	420
122.619	405
122.669	409
122.719	402
122.769	394
122.820	397
122.870	388
122.921	395
122.971	398
123.021	393
123.072	406
123.122	410
123.172	412
123.222	426
123.272	423
123.322	441
123.373	448
123.423	443
123.473	460
123.523	458
123.573	456
123.624	462
123.674	447
123.724	453
123.774	445
123.825	427
123.875	428
123.926	415
123.976	402
124.026	399
124.076	385
124.126	387
124.176	383
124.227	376
124.277	383
124.327	387
124.377	388
124.427	403
124.478	402
124.528	425
124.578	435
124.628	438
124.678	457
124.729	461
124.780	465
124.830	474
124.880	459
124.930	471
124.980	466
125.030	448
125.081	449
125.131	434
125.181	419
125.231	412
125.281	394
125.332	391
125.382	383
125.432	370
125.482	375
125.532	379
125.582	376
125.634	386
125.684	386
125.734	406
125.784	417
125.834	422
125.885	443
125.935	445
125.985	458
126.035	469
126.085	460
126.135	474
126.186	471
126.236	461
126.286	461
126.336	445
126.386	436
126.436	430
126.487	411
126.538	409
126.588	400
126.638	386
126.688	388
126.739	383
126.789	380
126.839	386
126.889	381
126.939	397
126.989	404
127.040	405
127.090	422
127.140	423
127.190	436
127.240	446
127.290	445
127.341	456
127.391	457
127.442	450
127.492	458
127.542	443
127.593	448
127.643	446
127.693	430
127.743	433
127.793	425
127.843	413
127.894	413
127.944	400
127.994	401
128.044	401
128.094	391
128.144	400
128.195	399
128.245	395
128.296	404
128.346	400
128.396	410
128.447	417
128.497	415
128.547	429
128.597	434
128.647	432
128.697	446
128.748	436
128.798	450
128.848	454
128.898	442
128.948	454
128.998	448
129.049	441
129.099	442
129.149	424
129.200	427
129.250	421
129.301	406
129.351	407
129.401	401
129.451	390
129.501	392
129.551	382
129.602	389
129.652	393
129.702	389
129.752	405
129.802	410
129.853	413
129.903	430
129.953	428
130.003	446
130.053	455
130.104	449
130.155	466
130.205	465
130.255	460
130.305	464
130.355	446
130.405	450
130.456	442
130.506	424
130.556	420
130.606	409
130.656	394
130.707	391
130.757	377
130.807	380
130.857	379
130.907	374
130.957	385
131.009	391
131.059	395
131.109	411
131.159	414
131.209	434
131.259	446
131.310	446
131.360	464
131.410	466
131.460	466
131.510	472
131.561	458
131.611	465
131.661	456
131.711	436
131.761	437
131.811	422
131.862	409
131.913	404
131.963	386
132.013	389
132.063	386
132.113	377
132.164	384
132.214	386
132.264	388
132.314	400
132.364	398
132.415	418
132.465	426
132.515	427
132.565	445
132.615	447
132.665	453
132.716	461
132.766	450
132.817	461
132.867	458
132.917	446
132.968	448
133.018	437
133.068	430
133.118	427
133.168	411
133.218	414
133.269	408
133.319	396
133.369	401
133.419	397
133.469	393
133.519	399
133.570	390
133.620	403
133.670	408
133.721	403
133.771	417
133.822	419
133.872	425
133.922	434
133.972	428
134.022	445
134.072	447
134.123	443
134.173	453
134.223	445
134.273	450
134.323	450
134.373	436
134.424	443
134.474	435
134.524	423
134.574	423
134.625	407
134.676	406
134.726	403
134.776	391
134.826	395
134.876	392
134.926	386
134.977	394
135.027	388
135.077	400
135.127	409
135.177	409
135.227	426
135.278	433
135.328	435
135.378	452
135.428	446
135.478	461
135.530	466
135.580	456
135.630	464
135.680	458
135.730	444
135.780	446
135.831	425
135.881	420
135.931	413
135.981	399
136.031	395
136.081	387
136.132	376
136.182	381
136.232	373
136.282	384
136.332	390
136.383	390
136.434	407
136.484	417
136.534	424
136.584	442
136.634	440
136.685	459
136.735	467
136.785	459
136.835	472
136.885	469
136.936	458
136.986	460
137.036	440
137.086	439
137.136	429
137.186	408
137.237	407
137.288	397
137.338	384
137.388	385
137.438	376
137.488	381
137.539	385
137.589	382
137.639	397
137.689	405
137.739	408
137.790	424
137.840	425
137.890	444
137.940	451
137.990	449
138.040	461
138.091	460
138.141	458
138.192	461
138.242	445
138.292	450
138.342	443
138.393	427
138.443	428
138.493	419
138.543	408
138.593	407
138.644	395
138.694	399
138.744	397
138.794	389
138.844	398
138.894	399
138.945	398
138.995	408
139.045	406
139.096	419
139.146	424
139.197	420
139.247	435
139.297	437
139.347	438
139.397	449
139.447	439
139.498	451
139.548	450
139.598	441
139.648	448
139.698	440
139.748	434
139.799	436
139.849	420
139.899	424
139.949	417
140.000	405
140.051	408
140.101	403
140.151	396
140.201	398
140.251	388
140.301	398
140.352	400
140.402	396
140.452	409
140.502	413
140.552	418
140.602	430
140.653	429
140.703	446
140.753	450
140.803	449
140.853	461
140.905	453
140.955	458
141.005	459
141.055	445
141.105	447
141.155	438
141.206	422
141.256	421
141.306	407
141.356	396
141.406	396
141.456	381
141.507	385
141.557	383
141.607	379
141.657	389
141.707	386
141.758	400
141.809	412
141.859	413
141.909	434
141.959	444
142.009	446
142.060	462
142.110	456
142.160	470
142.210	471
142.260	457
142.310	465
142.361	456
142.411	439
142.461	437
142.511	414
142.561	411
142.612	403
142.662	388
142.713	387
142.763	381
142.813	373
142.863	381
142.914	375
142.964	386
143.014	398
143.064	400
143.114	419
143.165	428
143.215	435
143.265	451
143.315	445
143.365	464
143.415	468
143.466	461
143.516	467
143.566	461
143.617	449
143.667	448
143.717	429
143.768	429
143.818	420
143.868	402
143.918	405
143.968	397
144.019	386
144.069	391
144.119	382
144.169	390
144.219	395
144.269	391
144.320	406
144.370	412
144.420	415
144.470	428
144.521	427
144.571	442
144.622	446
144.672	442
144.722	453
144.772	451
144.822	447
144.873	452
144.923	438
144.973	446
145.023	440
145.073	426
145.123	430
145.174	423
145.224	413
145.274	414
145.324	400
145.374	407
145.425	403
145.476	394
145.526	401
145.576	399
145.626	398
145.676	406
145.727	400
145.777	413
145.827	419
145.877	416
145.927	432
145.977	433
146.028	437
146.078	448
146.128	439
146.178	453
146.228	455
146.278	446
146.330	454
146.380	446
146.430	441
146.480	439
146.530	422
146.581	425
146.631	417
146.681	401
146.731	402
146.781	397
146.831	388
146.882	390
146.932	382
146.982	391
147.032	396
147.082	393
147.133	409
147.183	415
147.234	424
147.284	436
147.334	436
147.384	455
147.435	460
147.485	456
147.535	468
147.585	458
147.635	462
147.685	460
147.736	442
147.786	444
147.836	432
147.886	413
147.936	411
147.987	399
148.037	390
148.088	386
148.138	373
148.188	380
148.238	381
148.289	380
148.339	392
148.389	399
148.439	406
148.489	422
148.539	424
148.590	444
148.640	452
148.690	454
148.740	468
148.790	459
148.841	469
148.891	468
148.941	452
148.992	457
149.042	446
149.092	429
149.143	426
149.193	408
149.243	403
149.293	398
149.343	384
149.393	387
149.444	385
149.494	379
149.544	388
149.594	388
149.644	398
149.695	409
149.745	408
149.795	427
149.845	434
149.896	435
149.946	450
149.997	445
150.047	456
150.097	459
150.147	450
150.197	457
150.248	451
150.298	440
150.348	441
150.398	423
150.448	426
150.498	420
150.549	407
150.599	410
150.649	405
150.699	396
150.749	401
150.800	391
150.851	400
150.901	403
150.951	398
151.001	410
151.051	413
151.102	413
151.152	424
151.202	421
151.252	434
151.302	438
151.352	433
151.403	446
151.453	446
151.503	443
151.553	449
151.603	440
151.653	446
151.705	445
151.755	430
151.805	435
151.855	429
151.905	419
151.956	419
152.006	405
152.056	408
152.106	404
152.156	393
152.206	398
152.257	396
152.307	392
152.357	400
152.407	394
152.457	410
152.507	415
152.558	414
152.609	430
152.659	435
152.709	440
152.759	452
152.810	447
152.860	460
152.910	461
152.960	451
153.010	459
153.060	449
153.111	444
153.161	439
153.211	421
153.261	420
153.311	410
153.361	396
153.412	396
153.462	390
153.513	380
153.563	384
153.613	376
153.664	389
153.714	395
153.764	395
153.814	413
153.864	421
153.914	428
153.965	445
154.015	444
154.065	462
154.115	467
154.165	462
154.216	472
154.266	459
154.316	460
154.366	456
154.417	438
154.467	436
154.518	424
154.568	407
154.618	403
154.668	395
154.718	384
154.768	383
154.819	372
154.869	382
154.919	385
154.969	384
155.019	399
155.070	403
155.120	416
155.170	431
155.220	431
155.270	451
155.321	457
155.372	456
155.422	467
155.472	457
155.522	462
155.572	462
155.622	445
155.673	448
155.723	438
155.773	422
155.823	420
155.873	402
155.924	401
155.974	398
156.024	385
156.074	391
156.124	391
156.174	387
156.226	397
156.276	392
156.326	404
156.376	415
156.426	410
156.477	429
156.527	434
156.577	435
156.627	446
156.677	439
156.727	451
156.778	452
156.828	443
156.878	450
156.928	446
156.978	436
157.028	438
157.079	422
157.130	428
157.180	424
157.230	410
157.280	415
157.331	409
157.381	400
157.431	405
157.481	395
157.531	400
157.581	403
157.632	398
157.682	408
157.732	410
157.782	411
157.832	420
157.882	416
157.933	431
157.983	436
158.034	432
158.084	447
158.134	448
158.185	448
158.235	453
158.285	445
158.335	452
158.385	449
158.435	435
158.486	439
158.536	430
158.586	418
158.636	417
158.686	401
158.736	403
158.787	398
158.837	385
158.888	391
158.938	390
158.988	386
159.039	396
159.089	391
159.139	410
159.189	418
159.239	419
159.289	436
159.340	442
159.390	447
159.440	461
159.490	453
159.540	467
159.590	466
159.641	454
159.691	460
159.741	448
159.792	437
159.842	433
159.893	414
159.943	411
159.993	402
160.043	386
160.093	387
160.143	383
160.194	376
160.244	384
160.294	380
160.344	393
160.394	402
160.445	403
160.495	423
160.545	429
160.595	440
160.645	453
160.696	448
160.747	466
160.797	467
160.847	458
160.897	467
160.947	455
160.997	450
161.048	445
161.098	428
161.148	426
161.198	415
161.248	398
161.299	399
161.349	393
161.399	384
161.449	388
161.499	380
161.549	391
161.601	396
161.651	396
161.701	411
161.751	415
161.801	423
161.851	435
161.902	432
161.952	448
162.002	452
162.052	448
162.102	457
162.153	447
162.203	450
162.253	450
162.303	434
162.353	440
162.403	432
162.454	420
162.505	422
162.555	407
162.605	406
162.655	407
162.705	395
162.756	403
162.806	401
162.856	395
162.906	404
162.956	399
163.007	407
163.057	414
163.107	409
163.157	423
163.207	427
163.257	425
163.308	437
163.358	430
163.409	442
163.459	447
163.509	436
163.560	449
163.610	448
163.660	441
163.710	445
163.760	431
163.810	434
163.861	431
163.911	417
163.961	420
164.011	412
164.061	401
164.111	403
164.162	392
164.212	395
164.262	396
164.313	390
164.363	400
164.414	403
164.464	402
164.514	416
164.564	413
164.614	432
164.664	441
164.715	436
164.765	455
164.815	456
164.865	455
164.915	463
164.965	449
165.016	458
165.066	453
165.116	436
165.166	437
165.217	426
165.268	411
165.318	408
165.368	392
165.418	392
165.468	387
165.518	377
165.569	384
165.619	386
165.669	385
165.719	399
165.769	397
165.819	417
165.870	427
165.920	430
165.970	449
166.020	454
166.070	458
166.122	468
166.172	459
166.222	469
166.272	465
166.322	451
166.372	451
166.423	439
166.473	424
166.523	419
166.573	402
166.623	401
166.673	393
166.724	381
166.774	385
166.824	383
166.874	382
166.924	392
166.975	389
167.026	406
167.076	415
167.126	415
167.176	433
167.226	440
167.277	444
167.327	457
167.377	449
167.427	462
167.477	460
167.528	450
167.578	456
167.628	445
167.678	437
167.728	435
167.778	417
167.829	420
167.880	412
167.930	400
167.980	403
168.030	399
168.080	393
168.131	399
168.181	390
168.231	402
168.281	407
168.331	405
168.382	416
168.432	419
168.482	422
168.532	431
168.582	428
168.632	441
168.683	444
168.733	437
168.784	447
168.834	443
168.884	444
168.934	446
168.985	433
169.035	440
169.085	436
169.135	426
169.185	429
169.236	415
169.286	416
169.336	414
169.386	400
169.436	407
169.486	403
169.537	396
169.587	402
169.637	395
169.688	401
169.738	408
169.789	401
169.839	417
169.889	422
169.939	421
169.989	436
170.039	432
170.090	446
170.140	452
170.190	447
170.240	458
170.290	455
170.340	448
170.391	452
170.441	435
170.491	437
170.541	431
170.592	413
170.643	415
170.693	406
170.743	393
170.793	393
170.843	380
170.893	384
170.944	389
170.994	384
171.044	397
171.094	403
171.144	405
171.194	422
171.245	420
171.295	440
171.345	450
171.395	448
171.445	464
171.497	465
171.547	460
171.597	467
171.647	450
171.697	455
171.747	447
171.798	428
171.848	427
171.898	415
171.948	401
171.998	397
172.048	384
172.099	384
172.149	383
172.199	377
172.249	387
172.299	392
172.350	393
172.401	409
172.451	409
172.501	428
172.551	439
172.601	438
172.652	455
172.702	459
172.752	457
172.802	466
172.852	451
172.902	461
172.953	455
173.003	437
173.053	439
173.103	429
173.153	416
173.204	413
173.254	396
173.305	400
173.355	395
173.405	384
173.455	393
173.506	393
173.556	392
173.606	403
173.656	402
173.706	415
173.757	423
173.807	421
173.857	435
173.907	438
173.957	442
174.007	449
174.058	441
174.108	452
174.158	450
174.209	438
174.259	446
174.309	438
174.360	434
174.410	433
174.460	418
174.510	424
174.560	419
174.611	407
174.661	412
174.711	407
174.761	402
174.811	406
174.861	396
174.912	406
174.962	407
175.012	403
175.062	413
175.113	415
175.163	416
175.214	425
175.264	419
175.314	436
175.364	438
175.414	435
175.465	447
175.515	444
175.565	446
175.615	451
175.665	438
175.715	447
175.766	442
175.816	428
175.866	433
175.916	415
175.966	416
176.017	413
176.068	398
176.118	401
176.168	398
176.218	388
176.268	394
176.319	391
176.369	396
176.419	403
176.469	400
176.519	418
176.569	424
176.620	426
176.670	442
176.720	436
176.770	454
176.820	460
176.870	453
176.922	464
176.972	461
177.022	448
177.072	451
177.122	433
177.173	432
177.223	425
177.273	404
177.323	405
177.373	397
177.423	385
177.474	387
177.524	378
177.574	380
177.624	389
177.674	387
177.725	402
177.775	411
177.826	415
177.876	432
177.926	430
177.976	449
178.027	458
178.077	454
178.127	468
178.177	465
178.227	459
178.277	461
178.328	443
178.378	444
178.428	436
178.478	418
178.528	417
178.579	407
178.629	394
178.680	394
178.730	383
178.780	386
178.830	390
178.881	385
178.931	397
178.981	402
179.031	403
179.081	419
179.131	417
179.182	434
179.232	443
179.282	441
179.332	453
179.382	453
179.433	450
179.483	456
179.533	444
179.584	449
179.634	445
179.684	430
179.735	433
179.785	425
179.835	416
179.885	415
179.935	403
179.985	408
180.036	405
180.086	395
180.136	403
180.186	403
180.236	401
180.287	407
180.337	403
180.387	415
180.437	419
180.488	414
180.538	428
180.589	431
180.639	431
180.689	440
180.739	433
180.789	446
180.840	447
180.890	439
180.940	447
180.990	442
181.040	440
181.090	441
181.141	425
181.191	432
181.241	426
181.291	412
181.341	415
181.392	407
181.443	400
181.493	402
181.543	391
181.593	398
181.643	398
181.694	392
181.744	405
181.794	407
181.844	413
181.894	422
181.944	420
181.995	439
182.045	444
182.095	441
182.145	456
182.195	447
182.245	456
182.297	461
182.347	448
182.397	452
182.447	444
182.497	430
182.548	429
182.598	415
182.648	406
182.698	403
182.748	387
182.798	390
182.849	386
182.899	379
182.949	388
182.999	387
183.049	394
183.099	406
183.150	405
183.201	425
183.251	435
183.301	436
183.351	454
183.402	449
183.452	464
183.502	469
183.552	458
183.602	465
183.652	458
183.703	444
183.753	442
183.803	424
183.853	420
183.903	412
183.953	394
184.004	396
184.054	389
184.105	379
184.155	386
184.205	380
184.256	389
184.306	397
184.356	397
184.406	414
184.456	423
184.506	425
184.557	441
184.607	438
184.657	454
184.707	459
184.757	452
184.808	461
184.858	457
184.908	448
184.958	449
185.009	432
185.059	434
185.110	428
185.160	410
185.210	415
185.260	407
185.310	397
185.360	401
185.411	390
185.461	397
185.511	400
185.561	397
185.611	407
185.662	410
185.712	412
185.762	421
185.812	418
185.862	432
185.913	435
185.964	431
186.014	444
186.064	443
186.114	441
186.164	447
186.214	434
186.265	445
186.315	443
186.365	431
186.415	437
186.465	431
186.516	422
186.566	424
186.616	408
186.666	415
186.716	411
186.766	401
186.818	406
186.868	402
186.918	398
186.968	403
187.018	396
187.069	408
187.119	411
187.169	407
187.219	422
187.269	425
187.319	429
187.370	439
187.420	436
187.470	450
187.520	452
187.570	448
187.620	456
187.671	450
187.722	445
187.772	447
187.822	431
187.872	433
187.923	425
187.973	408
188.023	410
188.073	401
188.123	393
188.173	393
188.224	383
188.274	390
188.324	391
188.374	388
188.424	403
188.474	408
188.525	414
188.575	428
188.626	431
188.676	447
188.726	454
188.777	449
188.827	465
188.877	458
188.927	461
188.977	463
189.027	448
189.078	449
189.128	440
189.178	423
189.228	420
189.278	407
189.328	396
189.379	393
189.429	378
189.480	384
189.530	383
189.580	381
189.631	390
189.681	395
189.731	401
189.781	415
189.831	416
189.881	436
189.932	444
189.982	445
190.032	462
190.082	455
190.132	464
190.182	465
190.233	452
190.283	459
190.333	449
190.384	433
190.434	433
190.485	415
190.535	410
190.585	406
190.635	389
190.685	395
190.735	390
190.786	384
190.836	393
190.886	386
190.936	397
190.986	407
191.037	407
191.087	422
191.137	428
191.187	428
191.237	443
191.288	439
191.339	450
191.389	454
191.439	443
191.489	453
191.539	449
191.589	439
191.640	442
191.690	425
191.740	428
191.790	426
191.840	410
191.891	417
191.941	411
191.991	402
192.041	407
192.091	397
192.141	403
192.193	407
192.243	398
192.293	410
192.343	412
192.393	410
192.443	420
192.494	415
192.544	426
192.594	431
192.644	428
192.694	439
192.745	439
192.795	436
192.845	445
192.895	437
192.945	446
192.995	445
193.046	434
193.097	440
193.147	434
193.197	425
193.247	426
193.297	412
193.348	414
193.398	411
193.448	398
193.498	402
193.548	400
193.599	393
193.649	399
193.699	393
193.749	405
193.799	410
193.849	405
193.900	423
193.950	429
194.001	433
194.051	445
194.101	439
194.152	456
194.202	459
194.252	450
194.302	459
194.352	452
194.402	444
194.453	444
194.503	427
194.553	428
194.603	418
194.653	401
194.703	402
194.754	395
194.804	387
194.854	388
194.905	379
194.955	389
195.006	393
195.056	394
195.106	407
195.156	415
195.206	422
195.256	437
195.307	437
195.357	455
195.407	460
195.457	455
195.507	467
195.557	459
195.608	457
195.658	457
195.708	442
195.758	441
195.809	429
195.860	416
195.910	411
195.960	401
196.010	391
196.060	390
196.110	379
196.161	386
196.211	389
196.261	387
196.311	400
196.361	406
196.411	412
196.462	425
196.512	427
196.562	443
196.612	450
196.662	446
196.714	461
196.764	453
196.814	457
196.864	458
196.914	443
196.964	447
197.015	439
197.065	423
197.115	425
197.165	407
197.215	406
197.265	405
197.316	392
197.366	399
197.416	397
197.466	392
197.516	401
197.567	395
197.618	405
197.668	415
197.718	412
197.768	426
197.818	431
197.869	429
197.919	441
197.969	434
198.019	443
198.069	446
198.120	437
198.170	446
198.220	442
198.270	433
198.320	438
198.370	423
198.421	428
198.472	427
198.522	416
198.572	420
198.622	415
198.672	406
198.723	412
198.773	401
198.823	405
198.873	408
198.923	401
198.974	410
199.024	410
199.074	408
199.124	418
199.174	411
199.224	424
199.275	429
199.325	424
199.376	439
199.426	441
199.476	440
199.526	448
199.577	442
199.627	448
199.677	447
199.727	434
199.777	442
199.828	435
199.878	426
199.928	425
199.978	409
200.028	412
200.078	406
200.129	393
200.179	399
200.229	395
200.280	390
200.330	398
200.381	392
200.431	404
200.481	412
200.531	411
200.581	427
200.631	433
200.682	437
200.732	451
200.782	442
200.832	460
200.882	462
200.932	449
200.983	459
201.033	451
201.083	441
201.133	440
201.184	423
201.235	421
201.285	412
201.335	396
201.385	396
201.435	390
201.485	381
201.536	386
201.586	381
201.636	392
201.686	399
201.736	400
201.786	415
201.837	423
201.887	432
201.937	444
201.987	442
202.037	459
202.089	463
202.139	456
202.189	465
202.239	458
202.289	453
202.339	449
202.390	430
202.440	432
202.490	421
202.540	405
202.590	405
202.640	401
202.691	389
202.741	391
202.791	382
202.841	392
202.891	395
202.942	393
202.993	408
203.043	414
203.093	418
203.143	432
203.193	430
203.244	445
203.294	449
203.344	445
203.394	455
203.444	447
203.494	448
203.545	449
203.595	434
203.645	440
203.695	433
203.745	419
203.796	423
203.846	413
203.897	408
203.947	409
203.997	398
204.047	404
204.098	405
204.148	399
204.198	407
204.248	407
204.298	409
204.349	417
204.399	414
204.449	424
204.499	427
204.549	424
204.599	435
204.650	428
204.700	437
204.750	442
204.801	432
204.851	443
204.901	441
204.952	432
205.002	440
205.052	425
205.102	432
205.152	431
205.203	417
205.253	424
205.303	419
205.353	409
205.403	412
205.453	400
205.504	404
205.554	405
205.604	397
205.654	406
205.705	407
205.755	404
205.806	415
205.856	409
205.906	421
205.956	429
206.006	428
206.057	442
206.107	445
206.157	445
206.207	453
206.257	444
206.307	454
206.358	451
206.408	437
206.458	442
206.508	434
206.558	421
206.609	420
206.660	404
206.710	404
206.760	399
206.810	386
206.860	392
206.911	391
206.961	386
207.011	397
207.061	393
207.111	408
207.161	417
207.212	417
207.262	435
207.312	442
207.362	444
207.412	458
207.462	450
207.514	464
207.564	464
207.614	452
207.664	456
207.714	447
207.765	433
207.815	431
207.865	413
207.915	412
207.965	403
208.015	389
208.066	391
208.116	387
208.166	381
208.216	390
208.266	385
208.317	399
208.367	407
208.418	408
208.468	425
208.518	431
208.568	438
208.619	450
208.669	447
208.719	460
208.769	461
208.819	453
208.869	458
208.920	451
208.970	440
209.020	440
209.070	422
209.120	424
209.171	416
209.221	402
209.272	405
209.322	398
209.372	393
209.422	397
209.473	389
209.523	401
209.573	405
209.623	403
209.673	416
209.723	419
209.774	424
209.824	433
209.874	428
209.924	442
209.974	444
210.025	438
210.075	447
210.125	441
210.176	441
210.226	443
210.276	431
210.327	437
210.377	432
210.427	421
210.477	426
210.527	418
210.577	414
210.628	415
210.678	403
210.728	411
210.778	410
210.828	401
210.879	409
210.929	407
210.979	408
211.029	414
211.080	407
211.130	419
211.181	422
211.231	419
211.281	431
211.331	429
211.381	435
211.432	442
211.482	435
211.532	447
211.582	447
211.632	440
211.682	447
211.733	434
211.783	438
211.833	436
211.883	422
211.933	425
211.984	417
212.035	403
212.085	408
212.135	396
212.185	396
212.235	398
212.286	389
212.336	399
212.386	402
212.436	400
212.486	414
212.536	411
212.587	425
212.637	437
212.687	435
212.737	451
212.787	455
212.837	451
212.889	461
212.939	447
212.989	456
213.039	452
213.089	437
213.140	438
213.190	427
213.240	413
213.290	411
213.340	397
213.390	396
213.441	392
213.491	384
213.541	389
213.591	391
213.641	389
213.691	402
213.742	400
213.793	418
213.843	428
213.893	426
213.943	445
213.994	449
214.044	452
214.094	462
214.144	451
214.194	462
214.244	457
214.295	442
214.345	447
214.395	435
214.445	423
214.495	421
214.545	403
214.596	405
214.646	400
214.697	390
214.747	394
214.797	394
214.848	391
214.898	401
214.948	396
214.998	412
215.048	418
215.098	417
215.149	433
215.199	436
215.249	438
215.299	448
215.349	441
215.400	451
215.450	450
215.500	441
215.550	446
215.601	438
215.651	432
215.702	432
215.752	418
215.802	422
215.852	418
215.902	406
215.952	412
216.003	407
216.053	404
216.103	409
216.153	400
216.203	410
216.254	413
216.304	408
216.354	418
216.404	419
216.454	420
216.505	427
216.556	419
216.606	432
216.656	435
216.706	428
216.756	440
216.806	437
216.857	437
216.907	442
216.957	431
217.007	440
217.057	438
217.108	426
217.158	434
217.208	425
217.258	422
217.308	421
217.358	408
217.410	413
217.460	409
217.510	401
217.560	406
217.610	402
217.661	402
217.711	405
217.761	401
217.811	413
217.861	418
217.911	416
217.962	430
218.012	427
218.062	440
218.112	447
218.162	441
218.212	454
218.263	452
218.314	446
218.364	452
218.414	435
218.464	438
218.515	434
218.565	417
218.615	418
218.665	410
218.715	399
218.765	399
218.816	385
218.866	390
218.916	393
218.966	386
219.016	400
219.066	405
219.117	408
219.167	421
219.218	418
219.268	436
219.318	447
219.369	442
219.419	458
219.469	458
219.519	453
219.569	460
219.619	445
219.670	446
219.720	443
219.770	425
219.820	426
219.870	417
219.920	403
219.971	404
220.021	389
220.072	392
220.122	393
220.172	385
220.223	397
220.273	400
220.323	402
220.373	415
220.423	413
220.473	427
220.524	435
220.574	432
220.624	448
220.674	449
220.724	446
220.774	453
220.825	443
220.875	448
220.925	445
220.976	429
221.026	435
221.077	427
221.127	417
221.177	419
221.227	406
221.277	410
221.327	409
221.378	400
221.428	408
221.478	407
221.528	402
221.578	412
221.629	403
221.679	417
221.729	421
221.779	414
221.829	427
221.880	427
221.931	426
221.981	435
222.031	428
222.081	440
222.131	440
222.181	430
222.232	441
222.282	438
222.332	434
222.382	439
222.432	426
222.483	433
222.533	430
222.583	416
222.633	423
222.683	415
222.733	410
222.785	412
222.835	401
222.885	406
222.935	405
222.985	398
223.035	407
223.086	408
223.136	407
223.186	418
223.236	412
223.286	428
223.337	433
