#Creator: pendulumdriveEventBuffer
#Creation time: Tue Apr  4 18:02:05 2017
#Time	Pos
#[s]	[au]
0.050	414
0.100	403
0.150	413
0.200	413
0.251	408
0.301	417
0.351	417
0.401	423
0.451	426
0.501	422
0.553	435
0.603	439
0.653	436
0.703	447
0.753	443
0.804	452
0.854	453
0.904	443
0.954	454
1.004	452
1.054	442
1.105	448
1.155	438
1.205	440
1.255	436
1.305	420
1.355	427
1.406	422
1.457	413
1.507	416
1.557	407
1.607	411
1.658	410
1.708	402
1.758	412
1.808	413
1.858	410
1.908	420
1.959	413
2.009	429
2.059	433
2.109	427
2.159	443
2.209	446
2.260	445
2.310	454
2.361	442
2.411	457
2.461	456
2.512	446
2.562	454
2.612	448
2.662	442
2.712	442
2.762	428
2.813	433
2.863	427
2.913	413
2.963	418
3.013	413
3.064	406
3.114	408
3.164	398
3.214	408
3.265	409
3.315	402
3.366	414
3.416	417
3.466	418
3.516	428
3.566	422
3.616	439
3.667	444
3.717	438
3.767	453
3.817	454
3.867	454
3.918	460
3.968	447
4.018	458
4.068	455
4.118	441
4.169	448
4.220	440
4.270	433
4.320	432
4.370	415
4.420	420
4.470	415
4.521	403
4.571	408
4.621	405
4.671	401
4.721	406
4.772	399
4.822	410
4.872	413
4.922	410
4.972	424
5.022	428
5.074	433
5.124	442
5.174	434
5.224	452
5.274	455
5.325	450
5.375	460
5.425	457
5.475	458
5.525	459
5.575	444
5.626	451
5.676	445
5.726	432
5.776	435
5.826	426
5.876	420
5.927	417
5.978	403
6.028	408
6.078	406
6.128	398
6.179	404
6.229	403
6.279	406
6.329	411
6.379	409
6.429	421
6.480	426
6.530	424
6.580	438
6.630	443
6.680	449
6.730	454
6.781	445
6.831	460
6.882	460
6.932	453
6.982	460
7.033	454
7.083	452
7.133	448
7.183	433
7.233	438
7.283	431
7.334	419
7.384	421
7.434	415
7.484	411
7.534	408
7.584	397
7.635	406
7.685	406
7.736	401
7.786	411
7.836	412
7.887	418
7.937	424
7.987	419
8.037	434
8.087	438
8.137	439
8.188	449
8.238	445
8.288	455
8.338	458
8.388	447
8.438	458
8.489	455
8.539	448
8.589	450
8.640	439
8.690	441
8.741	437
8.791	420
8.841	426
8.891	421
8.941	412
8.991	415
9.042	403
9.092	411
9.142	410
9.192	403
9.242	412
9.293	413
9.343	413
9.393	420
9.443	413
9.493	429
9.544	433
9.595	428
9.645	442
9.695	444
9.745	443
9.795	451
9.845	439
9.896	453
9.946	453
9.996	442
10.046	451
10.096	447
10.147	440
10.197	442
10.247	425
10.297	434
10.347	430
10.397	416
10.449	423
10.499	419
10.549	412
10.599	416
10.649	404
10.699	414
10.750	414
10.800	409
10.850	417
10.900	419
10.950	418
11.001	426
11.051	418
11.101	433
11.151	436
11.201	429
11.251	443
11.302	444
11.353	444
11.403	450
11.453	438
11.503	451
11.553	450
11.604	439
11.654	447
11.704	443
11.754	438
11.804	440
11.855	424
11.905	432
11.955	428
12.005	416
12.055	422
12.105	418
12.156	413
12.206	416
12.257	405
12.307	415
12.357	415
12.408	410
12.458	419
12.508	419
12.558	421
12.608	427
12.658	420
12.709	436
12.759	439
12.809	434
12.859	447
12.909	445
12.959	448
13.010	453
13.060	441
13.110	453
13.161	452
13.211	441
13.262	448
13.312	441
13.362	436
13.412	437
13.462	419
13.512	427
13.563	423
13.613	410
13.663	416
13.713	411
13.763	409
13.813	411
13.864	402
13.914	412
13.964	413
14.014	409
14.065	419
14.116	425
14.166	427
14.216	433
14.266	429
14.316	443
14.366	445
14.417	443
14.467	454
14.517	447
14.567	457
14.617	458
14.667	445
14.718	454
14.768	451
14.818	438
14.868	443
14.918	431
14.970	432
15.020	427
15.070	414
15.120	418
15.170	414
15.220	405
15.271	409
15.321	406
15.371	408
15.421	409
15.471	402
15.521	415
15.572	417
15.622	417
15.672	427
15.722	423
15.772	439
15.823	444
15.874	438
15.924	452
15.974	454
16.024	450
16.074	459
16.125	447
16.175	457
16.225	455
16.275	440
16.325	447
16.376	442
16.426	432
16.476	432
16.526	416
16.576	422
16.626	417
16.677	405
16.728	410
16.778	408
16.828	401
16.878	409
16.928	401
16.979	412
17.029	415
17.079	409
17.129	423
17.179	427
17.230	428
17.280	438
17.330	433
17.380	448
17.430	451
17.480	444
17.531	457
17.581	455
17.632	452
17.682	456
17.732	441
17.782	450
17.833	446
17.883	434
17.933	438
17.983	431
18.033	424
18.084	424
18.134	408
18.184	416
18.234	413
18.284	404
18.334	411
18.385	409
18.435	408
18.485	414
18.536	406
18.586	419
18.637	423
18.687	419
18.737	432
18.787	433
18.837	436
18.887	443
18.938	435
18.988	450
19.038	451
19.088	444
19.138	453
19.188	450
19.239	448
19.289	450
19.339	435
19.389	444
19.440	440
19.491	426
19.541	432
19.591	426
19.641	420
19.691	422
19.741	408
19.792	416
19.842	415
19.892	406
19.942	414
19.992	413
20.042	412
20.093	418
20.143	413
20.193	424
20.243	427
20.293	423
20.345	435
20.395	436
20.445	438
20.495	445
20.545	435
20.595	450
20.646	451
20.696	444
20.746	452
20.796	447
20.846	448
20.896	447
20.947	433
20.997	441
21.047	436
21.097	425
21.147	430
21.198	423
21.249	421
21.299	419
21.349	406
21.399	415
21.449	413
21.500	408
21.550	414
21.600	414
21.650	416
21.700	420
21.750	413
21.801	426
21.851	429
21.901	428
21.951	439
22.001	436
22.052	446
22.102	449
22.153	439
22.203	453
22.253	453
22.303	448
22.354	452
22.404	443
22.454	448
22.504	445
22.554	429
22.605	437
22.655	431
22.705	421
22.755	424
22.805	411
22.855	418
22.906	414
22.956	402
23.006	411
23.057	410
23.107	406
23.157	414
23.208	407
23.258	419
23.308	423
23.358	419
23.408	432
23.459	435
23.509	436
23.559	446
23.609	436
23.659	453
23.709	455
23.760	445
23.810	457
23.860	453
23.910	449
23.961	452
24.011	436
24.062	444
24.112	439
24.162	425
24.212	430
24.262	423
24.313	416
24.363	416
24.413	403
24.463	411
24.513	409
24.563	400
24.614	410
24.664	410
24.714	409
24.764	417
24.814	411
24.865	426
24.916	430
24.966	428
25.016	441
25.066	443
25.116	445
25.167	452
25.217	441
25.267	456
25.317	457
25.367	448
25.417	455
25.468	450
25.518	445
25.568	445
25.618	428
25.668	436
25.718	431
25.770	418
25.820	422
25.870	415
25.920	410
25.970	412
26.021	400
26.071	409
26.121	410
26.171	402
26.221	414
26.271	415
26.322	418
26.372	425
26.422	420
26.472	434
26.522	438
26.573	433
26.623	447
26.674	447
26.724	450
26.774	455
26.824	443
26.875	456
26.925	453
26.975	443
27.025	449
27.075	443
27.125	439
27.176	437
27.226	424
27.276	428
27.326	424
27.376	412
27.427	417
27.477	412
27.528	409
27.578	411
27.628	403
27.678	412
27.729	414
27.779	409
27.829	420
27.879	421
27.929	425
27.979	432
28.030	426
28.080	440
28.130	443
28.180	438
28.230	450
28.281	446
28.331	453
28.381	454
28.432	440
28.482	452
28.532	449
28.583	440
28.633	444
28.683	435
28.733	436
28.783	432
28.833	419
28.884	424
28.934	420
28.984	411
29.034	415
29.084	411
29.135	413
29.185	413
29.235	404
29.285	415
29.336	417
29.386	414
29.437	424
29.487	423
29.537	431
29.587	436
29.637	429
29.688	443
29.738	446
29.788	444
29.838	451
29.888	439
29.938	454
29.989	453
30.039	441
30.089	450
30.139	446
30.189	440
30.240	441
30.291	425
30.341	432
30.391	428
30.441	413
30.491	421
30.542	416
30.592	410
30.642	413
30.692	404
30.742	413
30.792	413
30.843	406
30.893	417
30.943	419
30.993	419
31.043	428
31.093	422
31.145	436
31.195	440
31.245	434
31.295	448
31.345	448
31.396	448
31.446	454
31.496	441
31.546	454
31.596	452
31.646	439
31.697	447
31.747	442
31.797	435
31.847	436
31.897	420
31.947	427
31.998	423
32.049	411
32.099	416
32.149	413
32.199	408
32.250	411
32.300	402
32.350	413
32.400	415
32.450	409
32.500	421
32.551	423
32.601	425
32.651	432
32.701	427
32.751	441
32.801	445
32.852	439
32.902	451
32.953	450
33.003	452
33.053	454
33.104	440
33.154	452
33.204	449
33.254	438
33.304	443
33.354	436
33.405	432
33.455	431
33.505	416
33.555	422
33.605	418
33.656	408
33.706	414
33.756	411
33.806	408
33.857	412
33.907	404
33.958	415
34.008	418
34.058	416
34.108	425
34.158	427
34.208	432
34.259	439
34.309	431
34.359	447
34.409	448
34.459	443
34.510	453
34.560	451
34.610	453
34.660	453
34.710	440
34.761	449
34.812	445
34.862	434
34.912	438
34.962	430
35.012	428
35.062	425
35.113	411
35.163	418
35.213	414
35.263	407
35.313	412
35.364	410
35.414	412
35.464	414
35.514	406
35.564	419
35.614	421
35.666	421
35.716	431
35.766	430
35.816	440
35.866	444
35.917	435
35.967	451
36.017	451
36.067	448
36.117	455
36.167	445
36.218	453
36.268	451
36.318	438
36.368	445
36.418	439
36.468	430
36.519	432
36.570	423
36.620	423
36.670	420
36.720	405
36.771	414
36.821	411
36.871	406
36.921	412
36.971	403
37.021	415
37.072	416
37.122	410
37.172	423
37.222	426
37.272	427
37.322	437
37.373	428
37.423	446
37.474	448
37.524	442
37.574	454
37.625	454
37.675	450
37.725	454
37.775	440
37.825	451
37.875	447
37.926	433
37.976	439
38.026	434
38.076	424
38.126	426
38.176	410
38.227	418
38.277	415
38.328	405
38.378	412
38.428	410
38.479	406
38.529	414
38.579	405
38.629	418
38.679	422
38.729	415
38.780	430
38.830	433
38.880	435
38.930	443
38.980	434
39.030	450
39.081	453
39.131	445
39.181	456
39.232	453
39.282	450
39.333	452
39.383	438
39.433	446
39.483	442
39.533	430
39.583	433
39.634	427
39.684	420
39.734	420
39.784	407
39.834	414
39.885	412
39.935	403
39.985	411
40.035	411
40.085	409
40.136	416
40.187	409
40.237	423
40.287	427
40.337	423
40.387	437
40.437	438
40.488	442
40.538	449
40.588	437
40.638	454
40.688	454
40.739	448
40.789	455
40.839	450
40.889	448
40.939	448
40.989	435
41.041	440
41.091	435
41.141	422
41.191	426
41.241	421
41.291	414
41.342	416
41.392	404
41.442	412
41.492	410
41.542	405
41.593	413
41.643	413
41.693	416
41.743	421
41.793	418
41.843	430
41.894	435
41.945	433
41.995	444
42.045	447
42.095	450
42.145	454
42.196	442
42.246	456
42.296	455
42.346	446
42.396	453
42.447	444
42.497	446
42.547	443
42.597	426
42.647	434
42.697	429
42.748	418
42.798	422
42.849	415
42.899	416
42.949	415
43.000	405
43.050	413
43.100	413
43.150	408
43.200	417
43.250	415
43.301	424
43.351	428
43.401	423
43.451	436
43.501	439
43.551	436
43.602	447
43.652	439
43.702	453
43.753	454
43.803	442
43.854	454
43.904	451
43.954	445
44.004	449
44.054	431
44.104	442
44.155	437
44.205	424
44.255	430
44.305	425
44.355	416
44.405	419
44.456	406
44.506	416
44.556	414
44.606	407
44.657	415
44.708	415
44.758	414
44.808	421
44.858	414
44.908	428
44.958	432
45.009	427
45.059	440
45.109	442
45.159	441
45.209	449
45.259	438
45.310	453
45.360	454
45.410	444
45.460	453
45.510	449
45.562	444
45.612	445
45.662	433
45.712	438
45.762	434
45.812	421
45.863	426
45.913	421
45.963	416
46.013	417
46.063	405
46.113	415
46.164	414
46.214	407
46.264	416
46.314	417
46.364	417
46.415	424
46.466	415
46.516	432
46.566	435
46.616	430
46.666	442
46.717	444
46.767	448
46.817	452
46.867	441
46.917	454
46.968	454
47.018	443
47.068	451
47.118	447
47.168	444
47.218	443
47.269	427
47.320	435
47.370	430
47.420	417
47.470	423
47.520	419
47.571	412
47.621	416
47.671	405
47.721	414
47.771	414
47.822	407
47.872	417
47.922	419
47.972	420
48.022	428
48.072	421
48.123	436
48.173	439
48.224	435
48.274	448
48.324	447
48.374	450
48.425	454
48.475	444
48.525	455
48.575	454
48.625	444
48.676	450
48.726	442
48.776	441
48.826	438
48.876	422
48.926	429
48.977	425
49.027	412
49.077	419
49.128	414
49.178	412
49.229	412
49.279	403
49.329	413
49.379	414
49.429	409
49.479	420
49.530	421
49.580	428
49.630	432
49.680	427
49.730	442
49.780	445
49.831	444
49.881	453
49.931	447
49.981	456
50.032	457
50.083	445
50.133	455
50.183	451
50.233	441
50.283	445
50.333	435
50.384	437
50.434	431
50.484	417
50.534	423
50.584	418
50.634	409
50.685	413
50.735	403
50.785	411
50.835	412
50.885	405
50.937	415
50.987	417
51.037	416
51.087	426
51.137	423
51.187	436
51.238	441
51.288	434
51.338	450
51.388	451
51.438	449
51.488	457
51.539	444
51.589	458
51.639	456
51.689	444
51.739	450
51.790	446
51.841	437
51.891	438
51.941	422
51.991	428
52.041	423
52.092	410
52.142	416
52.192	413
52.242	405
52.292	410
52.342	403
52.393	412
52.443	414
52.493	409
52.543	421
52.593	423
52.644	425
52.694	434
52.745	429
52.795	445
52.845	448
52.895	443
52.946	455
52.996	455
53.046	454
53.096	458
53.146	444
53.197	455
53.247	451
53.297	440
53.347	444
53.397	436
53.447	429
53.498	429
53.548	412
53.598	420
53.649	416
53.699	405
53.749	411
53.800	409
53.850	406
53.900	411
53.950	405
54.000	416
54.051	420
54.101	416
54.151	429
54.201	431
54.251	435
54.301	444
54.352	437
54.402	452
54.452	454
54.502	448
54.553	457
54.603	455
54.654	454
54.704	455
54.754	441
54.804	448
54.854	444
54.905	432
54.955	434
55.005	427
55.055	422
55.105	421
55.155	408
55.206	414
55.256	411
55.306	404
55.356	411
55.406	410
55.457	411
55.508	416
55.558	410
55.608	423
55.658	427
55.708	424
55.759	437
55.809	443
55.859	445
55.909	451
55.959	440
56.009	456
56.060	456
56.110	449
56.160	457
56.210	447
56.260	452
56.310	449
56.362	434
56.412	441
56.462	435
56.512	424
56.562	427
56.613	419
56.663	418
56.713	416
56.763	405
56.813	413
56.863	411
56.914	406
56.964	414
57.014	413
57.064	419
57.114	422
57.165	418
57.215	431
57.266	435
57.316	432
57.366	444
57.416	441
57.467	451
57.517	454
57.567	444
57.617	456
57.667	455
57.717	448
57.768	454
57.818	442
57.868	446
57.918	442
57.968	428
58.019	434
58.069	428
58.120	420
58.170	421
58.220	407
58.270	415
58.321	414
58.371	404
58.421	413
58.471	413
58.521	409
58.571	418
58.622	411
58.672	425
58.722	428
58.772	424
58.822	438
58.873	441
58.923	441
58.973	450
59.024	438
59.074	455
59.124	455
59.175	447
59.225	456
59.275	452
59.325	448
59.375	448
59.425	432
59.476	440
59.526	436
59.576	422
59.626	427
59.676	421
59.727	416
59.777	417
59.827	404
59.877	414
59.928	412
59.978	406
60.029	414
60.079	416
60.129	416
60.179	423
60.229	415
60.280	431
60.330	435
60.380	429
60.430	444
60.480	444
60.530	448
60.581	453
60.631	440
60.681	455
60.731	455
60.781	445
60.832	453
60.883	447
60.933	443
60.983	443
61.033	427
61.083	435
61.134	430
61.184	419
61.234	422
61.284	419
61.334	413
61.384	415
61.435	406
61.485	414
61.535	414
61.585	408
61.635	418
61.685	419
61.737	420
61.787	428
61.837	420
61.887	435
61.937	438
61.988	436
62.038	446
62.088	446
62.138	450
62.188	454
62.238	442
62.289	454
62.339	452
62.389	442
62.439	449
62.489	446
62.539	442
62.590	439
62.641	426
62.691	432
62.741	427
62.791	417
62.842	421
62.892	415
62.942	416
62.992	415
63.042	405
63.092	414
63.143	415
63.193	409
63.243	420
63.293	419
63.343	425
63.393	430
63.444	424
63.494	437
63.545	441
63.595	438
63.645	448
63.696	443
63.746	452
63.796	453
63.846	443
63.896	453
63.946	449
63.997	440
64.047	446
64.097	431
64.147	438
64.197	434
64.248	421
64.298	427
64.348	422
64.398	413
64.449	416
64.499	407
64.550	413
64.600	413
64.650	404
64.700	414
64.750	415
64.800	413
64.851	422
64.901	415
64.951	430
65.001	434
65.051	427
65.102	442
65.152	444
65.202	442
65.252	452
65.302	440
65.353	454
65.404	454
65.454	443
65.504	451
65.554	447
65.604	440
65.654	442
65.705	425
65.755	434
65.805	429
65.855	416
65.905	421
65.956	417
66.006	410
66.056	414
66.106	402
66.156	412
66.206	412
66.258	405
66.308	416
66.358	418
66.408	418
66.458	426
66.509	420
66.559	435
66.609	438
66.659	433
66.709	447
66.759	447
66.810	448
66.860	454
66.910	442
66.960	454
67.010	453
67.060	444
67.111	448
67.162	443
67.212	437
67.262	438
67.312	422
67.363	429
67.413	423
67.463	410
67.513	417
67.563	413
67.613	408
67.664	412
67.714	401
67.764	413
67.814	413
67.864	409
67.914	420
67.965	421
68.015	425
68.066	432
68.116	426
68.166	441
68.217	444
68.267	437
68.317	451
68.367	450
68.417	452
68.467	454
68.518	444
68.568	453
68.618	449
68.668	438
68.718	444
68.768	436
68.819	432
68.869	431
68.920	418
68.970	423
69.020	419
69.071	408
69.121	414
69.171	411
69.221	408
69.271	412
69.321	406
69.372	415
69.422	418
69.472	416
69.522	423
69.572	425
69.622	432
69.673	436
69.723	430
69.773	445
69.824	447
69.874	440
69.925	452
69.975	447
70.025	453
70.075	453
70.125	440
70.175	450
70.226	446
70.276	436
70.326	439
70.376	431
70.426	432
70.477	427
70.527	413
70.577	420
70.627	417
70.677	408
70.728	414
70.779	412
70.829	412
70.879	414
70.929	406
70.979	418
71.029	420
71.080	418
71.130	428
71.180	427
71.230	436
71.280	440
71.331	433
71.381	447
71.431	449
71.481	445
71.531	453
71.581	445
71.633	453
71.683	452
71.733	440
71.783	447
71.833	442
71.883	433
71.934	436
71.984	423
72.034	428
72.084	424
72.134	410
72.185	417
72.235	415
72.285	408
72.335	413
72.385	402
72.435	414
72.486	415
72.537	409
72.587	420
72.637	423
72.687	423
72.737	432
72.788	427
72.838	440
72.888	444
72.938	436
72.988	450
73.039	451
73.089	448
73.139	454
73.189	440
73.239	453
73.289	450
73.340	439
73.390	444
73.441	438
73.491	430
73.541	431
73.592	417
73.642	423
73.692	419
73.742	408
73.792	413
73.842	411
73.893	408
73.943	411
73.993	404
74.043	415
74.093	417
74.143	412
74.194	424
74.244	427
74.294	428
74.345	438
74.395	429
74.446	447
74.496	449
74.546	442
74.596	455
74.646	453
74.696	452
74.747	455
74.797	440
74.847	451
74.897	447
74.947	433
74.997	439
75.048	432
75.098	426
75.148	424
75.198	408
75.249	417
75.300	413
75.350	403
75.400	411
75.450	409
75.500	408
75.550	413
75.601	406
75.651	419
75.701	422
75.751	417
75.801	432
75.851	433
75.902	436
75.952	445
76.002	438
76.052	453
76.102	454
76.154	446
76.204	457
76.254	452
76.304	450
76.354	452
76.404	437
76.455	445
76.505	439
76.555	427
76.605	430
76.655	423
76.705	420
76.756	417
76.806	404
76.856	412
76.906	410
76.956	402
77.007	411
77.058	415
77.108	412
77.158	417
77.208	413
77.258	425
77.309	429
77.359	426
77.409	439
77.459	437
77.509	448
77.560	451
77.610	442
77.660	455
77.710	454
77.760	448
77.810	454
77.861	446
77.912	449
77.962	445
78.012	432
78.062	437
78.112	431
78.163	421
78.213	424
78.263	415
78.313	416
78.363	414
78.414	402
78.464	411
78.514	411
78.564	406
78.614	414
78.664	414
78.715	420
78.765	424
78.816	418
78.866	433
78.916	435
78.966	436
79.017	445
79.067	439
79.117	451
79.167	453
79.217	444
79.268	454
79.318	452
79.368	448
79.418	449
79.468	437
79.518	444
79.569	439
79.619	425
79.669	431
79.720	425
79.770	417
79.821	420
79.871	407
79.921	415
79.971	413
80.021	404
80.071	412
80.122	413
80.172	410
80.222	419
80.272	413
80.322	426
80.372	430
80.423	424
80.473	437
80.523	439
80.573	440
80.624	448
80.675	437
80.725	453
80.775	453
80.825	443
80.875	452
80.925	449
80.976	444
81.026	446
81.076	429
81.126	439
81.176	434
81.226	421
81.277	427
81.327	421
81.377	416
81.427	417
81.477	404
81.529	414
81.579	413
81.629	405
81.679	414
81.729	415
81.779	414
81.830	422
81.880	417
81.930	429
81.980	433
82.030	430
82.080	442
82.131	442
82.181	445
82.231	451
82.281	439
82.331	454
82.382	453
82.433	444
82.483	451
82.533	446
82.583	444
82.633	443
82.684	428
82.734	434
82.784	430
82.834	419
82.884	423
82.934	417
82.985	412
83.035	414
83.085	403
83.135	412
83.185	412
83.236	406
83.286	416
83.337	416
83.387	417
83.437	425
83.487	419
83.538	434
83.588	438
83.638	432
83.688	447
83.738	446
83.789	452
83.839	455
83.889	444
83.939	456
83.989	454
84.039	445
84.090	450
84.140	439
84.190	441
84.241	437
84.291	423
84.341	428
84.392	422
84.442	412
84.492	416
84.542	411
84.592	410
84.643	410
84.693	401
84.743	411
84.793	412
84.843	408
84.893	419
84.944	415
84.994	427
85.044	433
85.094	425
85.145	442
85.195	446
85.246	442
85.296	454
85.346	447
85.396	457
85.446	457
85.497	446
85.547	454
85.597	450
85.647	442
85.697	444
85.747	427
85.798	434
85.848	429
85.898	416
85.948	420
85.998	415
86.049	406
86.100	411
86.150	399
86.200	409
86.250	410
86.300	404
86.351	414
86.401	417
86.451	417
86.501	426
86.551	418
86.601	436
86.652	440
86.702	435
86.752	449
86.802	450
86.852	450
86.902	456
86.954	444
87.004	456
87.054	454
87.104	442
87.154	449
87.205	442
87.255	434
87.305	435
87.355	421
87.405	426
87.455	421
87.506	409
87.556	415
87.606	411
87.656	408
87.706	410
87.757	401
87.807	412
87.858	415
87.908	408
87.958	421
88.008	423
88.059	424
88.109	434
88.159	428
88.209	443
88.259	447
88.309	440
88.360	453
88.410	451
88.460	451
88.510	455
88.560	444
88.611	452
88.661	449
88.712	435
88.762	443
88.812	436
88.862	428
88.913	429
88.963	415
89.013	420
89.063	417
89.113	405
89.163	412
89.214	409
89.264	408
89.314	412
89.364	404
89.414	416
89.465	419
89.515	414
89.565	428
89.616	429
89.666	433
89.716	441
89.767	433
89.817	448
89.867	452
89.917	445
89.967	456
90.017	452
90.068	453
90.118	454
90.168	441
90.218	448
90.268	444
90.319	431
90.369	435
90.419	427
90.469	424
90.520	420
90.570	409
90.621	414
90.671	411
90.721	402
90.771	409
90.821	407
90.872	409
90.922	413
90.972	408
91.022	421
91.072	425
91.122	422
91.173	436
91.223	435
91.273	444
91.323	449
91.373	444
91.424	455
91.475	457
91.525	451
91.575	457
91.625	449
91.675	452
91.726	450
91.776	434
91.826	440
91.876	434
91.926	424
91.976	425
92.027	415
92.077	416
92.127	412
92.177	401
92.227	408
92.277	407
92.329	402
92.379	410
92.429	409
92.479	417
92.529	420
92.580	416
92.630	431
92.680	434
92.730	434
92.780	447
92.830	437
92.881	455
92.931	456
92.981	446
93.031	459
93.081	456
93.131	452
93.182	454
93.233	438
93.283	445
93.333	440
93.383	425
93.434	429
93.484	423
93.534	413
93.584	415
93.634	402
93.684	409
93.735	407
93.785	398
93.835	409
93.885	409
93.935	408
93.985	417
94.036	411
94.086	426
94.137	431
94.187	428
94.237	443
94.288	445
94.338	448
94.388	455
94.438	444
94.488	459
94.538	459
94.589	449
94.639	456
94.689	450
94.739	445
94.789	444
94.840	427
94.890	434
94.940	429
94.990	416
95.041	419
95.091	413
95.142	408
95.192	409
95.242	400
95.292	408
95.342	409
95.392	402
95.443	414
95.493	416
95.543	418
95.593	427
95.643	421
95.694	437
95.744	442
95.794	439
95.844	451
95.894	451
95.945	453
95.996	458
96.046	446
96.096	458
96.146	454
96.196	443
96.246	448
96.297	440
96.347	436
96.397	433
96.447	417
96.497	424
96.548	419
96.598	409
96.648	412
96.698	409
96.748	406
96.798	409
96.850	401
96.900	412
96.950	415
97.000	410
97.050	422
97.101	424
97.151	430
97.201	437
97.251	432
97.301	446
97.351	449
97.402	445
97.452	456
97.502	454
97.552	456
97.602	457
97.652	443
97.703	452
97.754	447
97.804	436
97.854	439
97.904	435
97.955	428
98.005	424
98.055	410
98.105	416
98.155	412
98.205	405
98.256	409
98.306	407
98.356	409
98.406	411
98.456	406
98.506	417
98.557	421
98.607	419
98.658	432
98.708	433
98.758	441
98.809	445
98.859	439
98.909	453
98.959	455
99.009	452
99.059	458
99.110	447
99.160	455
99.210	453
99.260	439
99.310	445
99.360	438
99.411	428
99.461	430
99.512	415
99.562	420
99.612	416
99.663	403
99.713	410
99.763	407
99.813	403
99.863	409
99.913	403
99.964	413
100.014	417
100.064	412
100.114	426
100.164	430
100.214	432
100.265	441
100.315	433
100.365	451
100.416	454
100.466	444
100.517	458
100.567	457
100.617	452
100.667	456
100.717	440
100.767	449
100.818	445
100.868	429
100.918	435
100.968	429
101.018	420
101.069	420
101.119	404
101.169	413
101.219	410
101.269	400
101.320	408
101.371	408
101.421	406
101.471	413
101.521	408
101.571	421
101.621	426
101.672	422
101.722	436
101.772	440
101.822	441
101.872	451
101.923	442
101.973	457
102.023	458
102.073	448
102.123	457
102.173	453
102.225	448
102.275	449
102.325	432
102.375	439
102.425	434
102.475	420
102.526	424
102.576	418
102.626	411
102.676	412
102.726	401
102.777	409
102.827	408
102.877	402
102.927	410
102.977	412
103.027	413
103.078	421
103.129	416
103.179	431
103.229	437
103.279	434
103.329	447
103.380	447
103.430	452
103.480	456
103.530	445
103.580	459
103.631	457
103.681	446
103.731	453
103.781	446
103.831	441
103.881	439
103.932	424
103.982	429
104.033	423
104.083	411
104.133	415
104.184	410
104.234	405
104.284	407
104.334	399
104.384	409
104.434	410
104.485	406
104.535	417
104.585	420
104.635	424
104.685	433
104.735	429
104.786	443
104.836	446
104.886	443
104.937	454
104.987	453
105.038	458
105.088	459
105.138	448
105.188	456
105.238	452
105.288	442
105.339	444
105.389	433
105.439	432
105.489	428
105.539	412
105.589	418
105.640	414
105.690	404
105.740	409
105.790	407
105.841	406
105.892	409
105.942	403
105.992	414
106.042	418
106.092	416
106.142	428
106.193	429
106.243	439
106.293	444
106.343	437
106.393	452
106.443	454
106.494	451
106.544	458
106.594	447
106.644	457
106.694	455
106.746	442
106.796	448
106.846	442
106.896	430
106.946	433
106.996	419
107.047	422
107.097	417
107.147	404
107.197	411
107.247	407
107.297	402
107.348	408
107.398	398
107.448	411
107.498	415
107.548	409
107.599	423
107.650	428
107.700	428
107.750	439
107.800	435
107.850	449
107.901	453
107.951	447
108.001	459
108.051	457
108.101	454
108.152	458
108.202	443
108.252	452
108.302	447
108.352	434
108.402	437
108.453	430
108.504	421
108.554	421
108.604	405
108.654	412
108.704	409
108.755	398
108.805	407
108.855	406
108.905	404
108.955	411
109.006	406
109.056	419
109.106	424
109.156	420
109.206	436
109.256	439
109.307	442
109.357	451
109.408	443
109.458	458
109.508	460
109.558	452
109.609	460
109.659	455
109.709	451
109.759	451
109.809	434
109.860	441
109.910	435
109.960	419
110.010	424
110.060	416
110.110	410
110.161	410
110.211	399
110.261	406
110.312	405
110.362	400
110.413	409
110.463	411
110.513	412
110.563	421
110.613	415
110.663	432
110.714	437
110.764	434
110.814	449
110.864	449
110.914	454
110.964	460
111.015	448
111.065	461
111.115	459
111.165	448
111.216	453
111.267	446
111.317	440
111.367	439
111.417	421
111.467	427
111.517	421
111.568	411
111.618	413
111.668	407
111.718	406
111.768	406
111.818	397
111.869	408
111.919	410
111.969	406
112.019	418
112.069	424
112.121	426
112.171	434
112.221	429
112.271	445
112.321	449
112.371	446
112.422	457
112.472	451
112.522	460
112.572	460
112.622	449
112.672	456
112.723	451
112.773	439
112.823	442
112.873	431
112.923	431
112.974	425
113.025	412
113.075	416
113.125	411
113.175	404
113.225	408
113.276	405
113.326	408
113.376	409
113.426	404
113.476	416
113.526	419
113.577	418
113.627	430
113.677	429
113.727	440
113.777	446
113.828	438
113.878	453
113.929	455
113.979	450
114.029	458
114.079	447
114.130	456
114.180	454
114.230	440
114.280	446
114.330	439
114.381	430
114.431	430
114.481	414
114.531	421
114.581	416
114.631	404
114.682	410
114.732	408
114.782	404
114.833	409
114.883	402
114.933	414
114.984	417
115.034	413
115.084	426
115.134	429
115.184	432
115.235	440
115.285	435
115.335	449
115.385	451
115.435	444
115.485	456
115.536	454
115.586	452
115.636	455
115.686	441
115.737	450
115.787	445
115.838	432
115.888	436
115.938	429
115.988	422
116.038	422
116.089	408
116.139	416
116.189	413
116.239	404
116.289	410
116.339	409
116.390	408
116.440	414
116.490	408
116.540	421
116.590	424
116.641	421
116.692	434
116.742	436
116.792	439
116.842	447
116.892	436
116.943	452
116.993	454
117.043	446
117.093	455
117.143	451
117.193	450
117.244	449
117.294	436
117.344	442
117.394	438
117.444	424
117.494	429
117.546	422
117.596	417
117.646	417
117.696	407
117.746	413
117.797	412
117.847	405
117.897	412
117.947	412
117.997	412
118.047	419
118.098	413
118.148	427
118.198	431
118.248	428
118.298	440
118.349	441
118.399	446
118.450	451
118.500	440
118.550	454
118.600	454
118.651	447
118.701	453
118.751	447
118.801	446
118.851	445
118.901	428
118.952	436
119.002	431
119.052	420
119.102	423
119.152	422
119.203	416
119.253	413
119.304	402
119.354	411
119.404	411
119.454	404
119.505	414
119.555	415
119.605	419
119.655	424
119.705	418
119.755	433
119.806	437
119.856	436
119.906	447
119.956	443
120.006	453
120.057	455
120.107	444
120.157	457
120.208	454
120.258	448
120.308	451
120.359	439
120.409	443
120.459	438
120.509	422
120.559	428
120.609	423
120.660	413
120.710	416
120.760	407
120.810	410
120.860	409
120.911	401
120.961	410
121.011	411
121.061	409
121.112	419
121.162	415
121.213	427
121.263	433
121.313	428
121.363	443
121.413	446
121.464	445
121.514	454
121.564	445
121.614	458
121.664	457
121.714	445
121.765	455
121.815	450
121.865	444
121.915	444
121.965	427
122.016	433
122.067	429
122.117	414
122.167	419
122.217	414
122.267	407
122.318	409
122.368	400
122.418	408
122.468	409
122.518	404
122.568	414
122.619	417
122.669	416
122.719	428
122.769	421
122.819	438
122.869	443
122.921	437
122.971	452
123.021	453
123.071	454
123.121	458
123.172	449
123.222	458
123.272	455
123.322	442
123.372	449
123.422	441
123.473	435
123.523	434
123.573	416
123.623	423
123.673	418
123.723	408
123.774	412
123.825	408
123.875	404
123.925	408
123.975	400
124.026	412
124.076	414
124.126	412
124.176	422
124.226	426
124.276	430
124.327	438
124.377	432
124.427	448
124.477	451
124.527	444
124.577	457
124.628	454
124.678	456
124.729	457
124.779	445
124.829	452
124.880	447
124.930	434
124.980	438
125.030	431
125.080	426
125.130	423
125.181	410
125.231	415
125.281	412
125.331	404
125.381	409
125.432	411
125.482	408
125.532	412
125.582	405
125.633	418
125.683	422
125.734	421
125.784	433
125.834	433
125.884	442
125.934	447
125.984	439
126.035	454
126.085	456
126.135	449
126.185	458
126.235	449
126.286	454
126.336	452
126.386	437
126.436	444
126.486	438
126.537	426
126.588	428
126.638	420
126.688	419
126.738	415
126.788	405
126.838	410
126.889	409
126.939	402
126.989	410
127.039	407
127.089	415
127.140	418
127.190	412
127.240	427
127.290	431
127.340	432
127.390	442
127.442	439
127.492	450
127.542	454
127.592	444
127.642	457
127.693	455
127.743	449
127.793	455
127.843	439
127.893	448
127.943	443
127.994	429
128.044	434
128.094	429
128.144	420
128.194	420
128.244	405
128.295	414
128.346	411
128.396	400
128.446	409
128.496	409
128.547	407
128.597	415
128.647	407
128.697	422
128.747	427
128.797	422
128.848	436
128.898	439
128.948	440
128.998	449
129.048	438
129.098	454
129.149	456
129.199	445
129.250	456
129.300	453
129.350	448
129.401	448
129.451	432
129.501	440
129.551	436
129.601	422
129.651	426
129.702	421
129.752	414
129.802	415
129.852	400
129.902	411
129.952	410
130.003	403
130.053	412
130.104	414
130.154	413
130.204	421
130.255	414
130.305	430
130.355	434
130.405	428
130.455	443
130.505	445
130.556	448
130.606	453
130.656	441
130.706	456
130.756	456
130.806	444
130.857	452
130.907	446
130.957	443
131.008	442
131.058	426
131.109	432
131.159	428
131.209	416
131.259	420
131.309	415
131.359	410
131.410	411
131.460	401
131.510	411
131.560	411
131.610	406
131.661	416
131.711	418
131.761	420
131.811	428
131.861	422
131.912	437
131.963	442
132.013	439
132.063	450
132.113	448
132.163	452
132.213	456
132.264	447
132.314	456
132.364	453
132.414	442
132.464	448
132.515	440
132.565	437
132.615	435
132.665	418
132.715	425
132.765	420
132.817	410
132.867	414
132.917	409
132.967	408
133.017	410
133.067	399
133.118	412
133.168	413
133.218	412
133.268	422
133.318	423
133.369	432
133.419	436
133.469	430
133.519	446
133.569	449
133.619	446
133.670	456
133.721	449
133.771	458
133.821	457
133.871	443
133.921	453
133.972	447
134.022	437
134.072	440
134.122	429
134.172	430
134.223	424
134.273	409
134.323	416
134.373	411
134.423	402
134.473	408
134.524	399
134.574	409
134.625	410
134.675	405
134.725	417
134.776	420
134.826	420
134.876	432
134.926	431
134.976	443
135.026	447
135.077	441
135.127	454
135.177	456
135.227	453
135.277	460
135.327	448
135.378	457
135.428	453
135.478	439
135.529	445
135.579	439
135.630	429
135.680	429
135.730	411
135.780	419
135.830	414
135.880	402
135.931	409
135.981	407
136.031	402
136.081	409
136.131	400
136.181	413
136.232	417
136.282	413
136.332	427
136.382	431
136.433	434
136.484	443
136.534	436
136.584	453
136.634	456
136.684	447
136.734	461
136.785	457
136.835	455
136.885	456
136.935	441
136.985	448
137.035	444
137.086	428
137.136	433
137.186	425
137.236	418
137.286	417
137.338	402
137.388	411
137.438	408
137.488	399
137.538	407
137.588	407
137.639	407
137.689	414
137.739	407
137.789	423
137.839	428
137.889	425
137.940	440
137.990	443
138.040	448
138.090	454
138.140	447
138.191	459
138.242	460
138.292	451
138.342	459
138.392	454
138.442	450
138.493	448
138.543	430
138.593	437
138.643	430
138.693	418
138.744	420
138.794	414
138.844	408
138.894	409
138.944	398
138.994	406
139.045	406
139.096	400
139.146	411
139.196	413
139.246	416
139.296	426
139.347	420
139.397	437
139.447	441
139.497	439
139.547	452
139.598	451
139.648	457
139.698	460
139.748	448
139.798	460
139.848	457
139.899	446
139.949	450
140.000	441
140.050	438
140.100	434
140.150	419
140.201	423
140.251	418
140.301	406
140.351	410
140.401	407
140.452	404
140.502	406
140.552	400
140.602	409
140.652	411
140.702	410
140.753	421
140.803	423
140.853	432
140.904	439
140.954	432
141.005	449
141.055	453
141.105	450
141.155	460
141.205	453
141.255	461
141.306	459
141.356	446
141.406	454
141.456	448
141.506	438
141.556	438
141.607	423
141.657	426
141.707	421
141.757	406
141.808	412
141.859	408
141.909	400
141.959	405
142.009	399
142.059	407
142.109	410
142.160	406
142.210	419
142.260	423
142.310	424
142.360	436
142.410	428
142.461	447
142.511	451
142.561	446
142.611	459
142.661	459
142.713	454
142.763	461
142.813	446
142.863	456
142.913	451
142.963	437
143.014	442
143.064	434
143.114	424
143.164	424
143.214	409
143.264	414
143.315	409
143.365	399
143.415	405
143.465	404
143.515	401
143.566	408
143.617	402
143.667	416
143.717	421
143.767	416
143.817	432
143.868	437
143.918	440
143.968	449
144.018	444
144.068	458
144.118	460
144.169	452
144.219	462
144.269	458
144.319	453
144.369	454
144.420	437
144.470	445
144.521	438
144.571	423
144.621	427
144.671	419
144.722	412
144.772	412
144.822	399
144.872	406
144.922	405
144.973	399
145.023	407
145.073	408
145.123	411
145.173	418
145.223	416
145.274	429
145.324	435
145.374	434
145.425	447
145.475	449
145.525	454
145.576	458
145.626	448
145.676	461
145.726	460
145.776	449
145.827	456
145.877	449
145.927	443
145.977	441
146.027	425
146.077	429
146.128	423
146.178	412
146.228	414
146.278	409
146.329	406
146.379	406
146.430	397
146.480	407
146.530	409
146.580	405
146.630	416
146.681	423
146.731	425
146.781	432
146.831	428
146.881	444
146.931	448
146.982	446
147.032	457
147.082	451
147.132	460
147.182	461
147.233	449
147.284	457
147.334	453
147.384	442
147.434	444
147.484	434
147.535	432
147.585	427
147.635	411
147.685	417
147.735	412
147.785	403
147.836	408
147.886	405
147.936	407
147.986	408
148.036	401
148.086	414
148.138	417
148.188	417
148.238	429
148.288	429
148.338	441
148.389	446
148.439	441
148.489	454
148.539	456
148.589	453
148.639	461
148.690	451
148.740	458
148.790	455
148.840	440
148.890	447
148.941	441
148.991	430
149.042	431
149.092	415
149.142	419
149.192	415
149.243	402
149.293	408
149.343	406
149.393	400
149.443	407
149.493	401
149.544	412
149.594	415
149.644	412
149.694	425
149.744	430
149.795	432
149.845	443
149.896	437
149.946	453
149.996	456
150.046	449
150.097	460
150.147	459
150.197	454
150.247	458
150.297	441
150.347	451
150.398	445
150.448	429
150.498	435
150.548	427
150.598	418
150.649	418
150.699	405
150.749	410
150.800	408
150.850	399
150.900	406
150.951	407
151.001	406
151.051	413
151.101	409
151.151	422
151.201	427
151.252	426
151.302	439
151.352	442
151.402	445
151.452	454
151.503	444
151.553	460
151.603	460
151.653	453
151.704	460
151.754	454
151.805	450
151.855	449
151.905	432
151.955	438
152.005	432
152.056	417
152.106	420
152.156	415
152.206	408
152.256	408
152.306	397
152.357	405
152.407	405
152.457	400
152.507	410
152.557	412
152.608	416
152.659	424
152.709	418
152.759	436
152.809	441
152.859	439
152.910	453
152.960	453
153.010	456
153.060	462
153.110	450
153.160	462
153.211	459
153.261	450
153.311	452
153.361	443
153.411	440
153.461	435
153.513	417
153.563	422
153.613	416
