#Creator: pendulumdriveEventBuffer
#Creation time: Tue Apr  4 15:26:34 2017
#Time	Pos
#[s]	[au]
0.050	418
0.100	415
0.152	406
0.202	405
0.252	394
0.302	402
0.352	402
0.402	398
0.453	406
0.503	407
0.553	413
0.603	420
0.653	415
0.704	432
0.754	436
0.804	436
0.854	448
0.904	444
0.954	454
1.005	457
1.056	445
1.106	457
1.156	454
1.206	444
1.257	449
1.307	438
1.357	438
1.407	433
1.457	418
1.507	422
1.558	416
1.608	406
1.658	408
1.708	399
1.758	404
1.808	403
1.859	397
1.909	406
1.960	409
2.010	406
2.060	417
2.111	415
2.161	428
2.211	433
2.261	427
2.311	443
2.361	447
2.412	444
2.462	454
2.512	447
2.562	456
2.612	455
2.662	441
2.713	450
2.763	445
2.814	436
2.864	437
2.914	423
2.965	426
3.015	420
3.065	406
3.115	412
3.165	408
3.215	400
3.266	405
3.316	395
3.366	406
3.416	407
3.466	402
3.516	414
3.567	417
3.617	418
3.667	429
3.718	424
3.768	439
3.819	443
3.869	435
3.919	451
3.969	451
4.019	450
4.069	454
4.120	442
4.170	452
4.220	449
4.270	436
4.320	441
4.370	435
4.421	426
4.471	426
4.521	410
4.571	416
4.622	413
4.673	401
4.723	407
4.773	405
4.823	401
4.873	406
4.923	400
4.974	411
5.024	415
5.074	412
5.124	424
5.174	427
5.225	430
5.275	439
5.325	431
5.375	447
5.425	450
5.475	442
5.527	454
5.577	453
5.627	450
5.677	452
5.727	437
5.777	446
5.828	441
5.878	428
5.928	431
5.978	424
6.028	416
6.079	416
6.129	404
6.179	409
6.229	407
6.279	399
6.329	405
6.380	403
6.431	404
6.481	410
6.531	403
6.581	419
6.631	423
6.682	420
6.732	434
6.782	437
6.832	442
6.882	449
6.933	439
6.983	454
7.033	455
7.083	448
7.133	455
7.183	447
7.234	448
7.284	445
7.335	429
7.385	436
7.435	430
7.486	416
7.536	419
7.586	412
7.636	408
7.686	407
7.736	394
7.787	403
7.837	403
7.887	397
7.937	407
7.987	409
8.037	412
8.088	419
8.138	415
8.188	431
8.239	435
8.289	434
8.340	447
8.390	444
8.440	454
8.490	458
8.540	448
8.590	459
8.641	455
8.691	447
8.741	450
8.791	438
8.841	439
8.891	433
8.942	418
8.992	421
9.042	414
9.092	404
9.143	406
9.194	399
9.244	401
9.294	401
9.344	393
9.394	404
9.444	406
9.495	404
9.545	416
9.595	413
9.645	428
9.695	434
9.745	431
9.796	447
9.846	450
9.896	450
9.946	459
9.996	450
10.048	461
10.098	459
10.148	448
10.198	453
10.248	447
10.298	436
10.349	436
10.399	418
10.449	422
10.499	416
10.549	401
10.599	405
10.650	401
10.700	392
10.750	398
10.800	391
10.850	400
10.901	403
10.952	399
11.002	414
11.052	419
11.102	422
11.152	435
11.203	429
11.253	448
11.303	452
11.353	448
11.403	461
11.454	460
11.504	458
11.554	461
11.604	445
11.654	455
11.704	449
11.755	432
11.806	436
11.856	428
11.906	417
11.956	416
12.006	402
12.057	405
12.107	401
12.157	390
12.207	397
12.257	397
12.308	396
12.358	404
12.408	398
12.458	413
12.508	419
12.558	416
12.609	434
12.659	438
12.710	442
12.760	452
12.810	442
12.860	460
12.911	461
12.961	452
13.011	461
13.061	455
13.111	451
13.162	449
13.212	431
13.262	437
13.312	429
13.362	416
13.412	417
13.463	410
13.513	402
13.563	403
13.614	392
13.664	399
13.714	399
13.765	394
13.815	404
13.865	407
13.915	410
13.965	420
14.016	416
14.066	433
14.116	438
14.166	438
14.216	450
14.266	450
14.317	456
14.367	460
14.417	448
14.467	460
14.518	456
14.569	446
14.619	449
14.669	443
14.719	436
14.769	432
14.819	416
14.870	420
14.920	413
14.970	401
15.020	405
15.070	403
15.120	400
15.171	401
15.221	395
15.271	404
15.321	408
15.371	406
15.423	418
15.473	420
15.523	429
15.573	436
15.623	432
15.673	447
15.724	450
15.774	446
15.824	457
15.874	447
15.924	458
15.974	456
16.025	444
16.075	450
16.125	443
16.175	433
16.225	434
16.276	423
16.327	422
16.377	416
16.427	402
16.477	407
16.527	403
16.578	396
16.628	401
16.678	395
16.728	404
16.778	407
16.828	402
16.879	417
16.929	420
16.979	421
17.029	433
17.079	427
17.130	445
17.180	449
17.231	445
17.281	457
17.331	456
17.381	452
17.432	457
17.482	444
17.532	452
17.582	447
17.632	431
17.682	436
17.733	429
17.783	419
17.833	419
17.883	403
17.933	409
17.984	405
18.034	395
18.084	401
18.135	401
18.185	399
18.235	405
18.286	400
18.336	414
18.386	419
18.436	416
18.486	431
18.537	435
18.587	438
18.637	448
18.687	443
18.737	457
18.787	459
18.838	451
18.888	459
18.938	455
18.988	450
19.039	450
19.089	433
19.140	439
19.190	432
19.240	418
19.290	419
19.340	413
19.391	403
19.441	404
19.491	393
19.541	400
19.591	399
19.641	393
19.692	403
19.742	406
19.792	408
19.842	417
19.893	415
19.943	430
19.994	436
20.044	432
20.094	448
20.144	451
20.194	453
20.245	460
20.295	450
20.345	461
20.395	459
20.445	445
20.495	452
20.546	443
20.596	437
20.646	434
20.696	417
20.746	420
20.798	414
20.848	401
20.898	404
20.948	399
20.998	394
21.048	399
21.099	392
21.149	401
21.199	405
21.249	403
21.299	416
21.349	420
21.400	426
21.450	436
21.500	433
21.550	449
21.600	453
21.650	450
21.702	461
21.752	458
21.802	460
21.852	461
21.902	445
21.953	453
22.003	447
22.053	433
22.103	435
22.153	428
22.203	418
22.254	414
22.304	399
22.354	404
22.404	400
22.454	392
22.505	397
22.555	399
22.606	398
22.656	405
22.706	400
22.756	415
22.807	421
22.857	421
22.907	436
22.957	437
23.007	448
23.057	454
23.108	447
23.158	462
23.208	462
23.258	455
23.308	461
23.359	451
23.409	453
23.459	448
23.510	430
23.560	435
23.610	427
23.661	414
23.711	414
23.761	407
23.811	404
23.861	401
23.911	392
23.962	398
24.012	398
24.062	394
24.112	404
24.162	401
24.213	415
24.263	421
24.313	418
24.363	435
24.414	440
24.464	442
24.515	454
24.565	445
24.615	461
24.665	462
24.715	450
24.766	461
24.816	456
24.866	448
24.916	448
24.966	430
25.016	435
25.067	428
25.117	414
25.167	415
25.217	409
25.267	400
25.318	401
25.369	390
25.419	399
25.469	399
25.519	395
25.569	405
25.620	409
25.670	409
25.720	422
25.770	417
25.820	434
25.870	440
25.921	436
25.971	452
26.021	453
26.071	455
26.121	461
26.171	449
26.223	461
26.273	457
26.323	443
26.373	449
26.423	441
26.474	432
26.524	430
26.574	413
26.624	417
26.674	411
26.724	400
26.775	403
26.825	399
26.875	396
26.925	400
26.975	393
27.025	405
27.076	409
27.127	406
27.177	420
27.227	423
27.277	430
27.328	439
27.378	434
27.428	451
27.478	454
27.528	449
27.578	460
27.629	457
27.679	457
27.729	457
27.779	442
27.829	449
27.879	443
27.930	428
27.980	431
28.031	422
28.081	416
28.131	412
28.182	397
28.232	404
28.282	401
28.332	393
28.382	400
28.432	401
28.483	400
28.533	408
28.583	403
28.633	419
28.683	425
28.734	424
28.784	438
28.834	438
28.884	448
28.935	454
28.985	446
29.036	460
29.086	460
29.136	452
29.186	458
29.236	447
29.286	449
29.337	445
29.387	429
29.437	432
29.487	426
29.537	412
29.588	413
29.638	407
29.688	402
29.738	401
29.789	391
29.839	399
29.890	399
29.940	396
29.990	407
30.040	409
30.090	416
30.140	423
30.191	422
30.241	437
30.291	443
30.341	442
30.391	455
30.442	451
30.492	461
30.542	463
30.592	449
30.642	460
30.693	455
30.744	444
30.794	447
30.844	431
30.894	433
30.944	426
30.994	409
31.045	413
31.095	407
31.145	396
31.195	399
31.245	389
31.296	397
31.346	398
31.396	392
31.446	405
31.496	409
31.546	410
31.598	423
31.648	420
31.698	438
31.748	445
31.798	441
31.849	458
31.899	460
31.949	458
31.999	465
32.049	453
32.099	463
32.150	459
32.200	444
32.250	447
32.300	438
32.350	427
32.400	425
32.451	406
32.502	410
32.552	403
32.602	390
32.652	396
32.703	393
32.753	388
32.803	396
32.853	391
32.903	404
32.953	410
33.004	409
33.054	425
33.104	431
33.154	437
33.204	449
33.254	443
33.305	462
33.355	465
33.406	456
33.456	468
33.506	464
33.557	460
33.607	460
33.657	440
33.707	446
33.757	437
33.807	422
33.858	421
33.908	411
33.958	402
34.008	400
34.058	387
34.108	392
34.159	391
34.209	385
34.259	395
34.310	398
34.360	400
34.411	411
34.461	410
34.511	428
34.561	436
34.611	435
34.661	452
34.712	455
34.762	462
34.812	467
34.862	456
34.912	469
34.962	466
35.013	454
35.063	458
35.113	447
35.163	440
35.214	434
35.265	415
35.315	418
35.365	410
35.415	396
35.465	398
35.515	393
35.566	388
35.616	391
35.666	384
35.716	397
35.766	401
35.817	400
35.867	414
35.917	420
35.967	430
36.017	439
36.067	436
36.119	455
36.169	460
36.219	457
36.269	468
36.319	459
36.369	467
36.420	465
36.470	449
36.520	455
36.570	446
36.620	432
36.671	431
36.721	415
36.771	414
36.821	408
36.871	391
36.921	397
36.972	393
37.023	386
37.073	393
37.123	394
37.173	398
37.223	404
37.274	402
37.324	418
37.374	425
37.424	428
37.474	443
37.525	439
37.575	457
37.625	462
37.675	455
37.725	468
37.775	466
37.826	461
37.876	463
37.927	447
37.977	452
38.027	444
38.078	426
38.128	429
38.178	419
38.228	407
38.278	406
38.328	392
38.379	396
38.429	393
38.479	384
38.529	394
38.579	395
38.629	394
38.680	406
38.730	404
38.780	421
38.831	429
38.881	426
38.932	445
38.982	450
39.032	453
39.082	463
39.132	452
39.182	467
39.233	467
39.283	454
39.333	461
39.383	454
39.433	445
39.483	442
39.534	424
39.584	426
39.634	418
39.684	403
39.735	405
39.786	399
39.836	392
39.886	394
39.936	385
39.986	395
40.036	399
40.087	395
40.137	409
40.187	415
40.237	419
40.287	431
40.337	429
40.388	446
40.438	452
40.488	448
40.538	463
40.588	461
40.640	462
40.690	465
40.740	449
40.790	459
40.840	453
40.890	438
40.941	440
40.991	429
41.041	420
41.091	417
41.141	400
41.191	404
41.242	400
41.292	389
41.342	395
41.392	395
41.442	393
41.493	400
41.544	396
41.594	411
41.644	418
41.694	418
41.744	433
41.795	437
41.845	444
41.895	453
41.945	450
41.995	463
42.046	463
42.096	454
42.146	464
42.196	457
42.246	454
42.296	452
42.347	435
42.398	438
42.448	430
42.498	414
42.548	416
42.598	407
42.649	400
42.699	400
42.749	388
42.799	396
42.849	396
42.900	392
42.950	401
43.000	405
43.050	410
43.100	419
43.150	417
43.201	434
43.251	440
43.302	439
43.352	454
43.402	452
43.452	461
43.503	464
43.553	452
43.603	463
43.653	459
43.703	448
43.754	451
43.804	437
43.854	436
43.904	429
43.954	412
44.004	415
44.055	408
44.105	398
44.155	400
44.206	397
44.256	396
44.306	397
44.357	391
44.407	402
44.457	406
44.507	406
44.557	420
44.608	419
44.658	434
44.708	441
44.758	437
44.808	454
44.858	457
44.909	454
44.959	464
45.009	451
45.059	463
45.110	459
45.161	446
45.211	449
45.261	442
45.311	431
45.361	429
45.411	411
45.462	415
45.512	408
45.562	394
45.612	400
45.662	396
45.712	391
45.763	397
45.813	390
45.863	402
45.913	408
45.963	405
46.015	421
46.065	427
46.115	430
46.165	443
46.215	438
46.265	455
46.316	460
46.366	452
46.416	465
46.466	462
46.516	458
46.566	460
46.617	444
46.667	450
46.717	442
46.767	426
46.817	428
46.868	419
46.919	409
46.969	407
47.019	394
47.069	398
47.119	395
47.170	388
47.220	396
47.270	398
47.320	398
47.370	408
47.420	404
47.471	421
47.521	429
47.571	427
47.621	445
47.671	449
47.722	454
47.772	461
47.823	453
47.873	465
47.923	464
47.973	453
48.024	459
48.074	452
48.124	446
48.174	441
48.224	423
48.274	426
48.325	418
48.375	404
48.425	406
48.475	400
48.525	394
48.576	396
48.626	386
48.676	396
48.727	400
48.777	396
48.827	408
48.878	413
48.928	420
48.978	431
49.028	426
49.078	446
49.129	451
49.179	448
49.229	462
49.279	458
49.329	462
49.379	464
49.430	453
49.480	458
49.530	453
49.580	438
49.631	441
49.681	430
49.732	421
49.782	418
49.832	402
49.882	406
49.932	401
49.983	392
50.033	396
50.083	400
50.133	394
50.183	400
50.233	397
50.284	410
50.334	417
50.384	418
50.434	432
50.485	433
50.535	444
50.586	452
50.636	445
50.686	462
50.736	463
50.786	456
50.837	464
50.887	453
50.937	457
50.987	453
51.037	435
51.087	439
51.138	431
51.188	416
51.238	418
51.288	409
51.338	404
51.390	402
51.440	389
51.490	397
51.540	397
51.590	393
51.640	401
51.691	404
51.741	410
51.791	417
51.841	415
51.891	432
51.941	437
51.992	437
52.042	451
52.092	443
52.142	460
52.192	462
52.242	453
52.294	462
52.344	458
52.394	451
52.444	452
52.494	435
52.545	439
52.595	431
52.645	417
52.695	419
52.745	411
52.795	402
52.846	403
52.896	393
52.946	398
52.996	399
53.046	392
53.097	402
53.147	405
53.198	407
53.248	418
53.298	414
53.348	431
53.399	438
53.449	433
53.499	450
53.549	453
53.599	452
53.649	460
53.700	451
53.750	461
53.800	459
53.850	445
53.900	451
53.951	443
54.001	435
54.051	433
54.102	416
54.152	420
54.202	414
54.253	400
54.303	405
54.353	401
54.403	396
54.453	400
54.503	391
54.554	404
54.604	407
54.654	403
54.704	417
54.754	421
54.805	426
54.855	436
54.905	429
54.955	448
55.006	452
55.056	445
55.107	459
55.157	457
55.207	456
55.257	458
55.307	442
55.358	451
55.408	446
55.458	432
55.508	435
55.558	426
55.608	419
55.659	416
55.709	402
55.759	407
55.809	404
55.859	394
55.910	402
55.961	401
56.011	401
56.061	407
56.111	402
56.161	416
56.212	422
56.262	419
56.312	433
56.362	436
56.412	444
56.462	450
56.513	441
56.563	456
56.613	457
56.663	450
56.713	457
56.763	447
56.815	450
56.865	447
56.915	431
56.965	437
57.015	430
57.066	418
57.116	419
57.166	413
57.216	409
57.266	407
57.316	397
57.367	403
57.417	403
57.467	398
57.517	407
57.567	407
57.617	413
57.668	419
57.719	416
57.769	430
57.819	435
57.869	434
57.920	446
57.970	443
58.020	453
58.070	455
58.120	445
58.170	457
58.221	454
58.271	446
58.321	449
58.371	437
58.421	440
58.471	435
58.522	419
58.572	424
58.623	418
58.673	408
58.723	410
58.774	399
58.824	405
58.874	404
58.924	395
58.974	406
59.024	407
59.075	405
59.125	416
59.175	412
59.225	426
59.275	432
59.326	429
59.376	443
59.426	446
59.476	445
59.527	455
59.577	443
59.628	457
59.678	457
59.728	444
59.778	452
59.828	447
59.878	438
59.929	439
59.979	422
60.029	427
60.079	422
60.129	408
60.180	412
60.230	407
60.280	400
60.330	403
60.381	394
60.431	404
60.482	405
60.532	401
60.582	413
60.632	416
60.682	417
60.732	428
60.783	422
60.833	439
60.883	444
60.933	441
60.983	453
61.034	453
61.084	453
61.134	457
61.184	444
61.234	454
61.285	451
61.336	437
61.386	442
61.436	435
61.486	427
61.536	425
61.586	409
61.637	415
61.687	411
61.737	400
61.787	405
61.837	403
61.888	398
61.938	405
61.988	397
62.038	410
62.088	414
62.138	411
62.190	425
62.240	427
62.290	432
62.340	441
62.390	435
62.441	451
62.491	454
62.541	448
62.591	457
62.641	454
62.691	453
62.742	453
62.792	436
62.842	445
62.892	440
62.942	427
62.992	429
63.043	421
63.094	416
63.144	414
63.194	400
63.244	407
63.295	404
63.345	396
63.395	404
63.445	404
63.495	403
63.545	411
63.596	406
63.646	421
63.696	425
63.746	424
63.796	436
63.846	435
63.897	445
63.947	450
63.998	440
64.048	456
64.098	455
64.149	446
64.199	454
64.249	445
64.299	448
64.349	444
64.399	428
64.450	434
64.500	428
64.550	416
64.600	419
64.650	412
64.700	410
64.751	408
64.801	397
64.851	406
64.902	405
64.952	401
65.003	410
65.053	410
65.103	416
65.153	421
65.203	418
65.253	431
65.304	435
65.354	435
65.404	445
65.454	439
65.504	452
65.554	454
65.605	444
65.655	454
65.705	451
65.755	443
65.806	447
65.857	431
65.907	439
65.957	434
66.007	417
66.057	424
66.107	418
66.158	410
66.208	412
66.258	399
66.308	407
66.358	406
66.409	398
66.459	407
66.509	409
66.559	407
66.609	416
66.659	411
66.711	426
66.761	431
66.811	428
66.861	441
66.911	444
66.961	444
67.012	453
67.062	440
67.112	455
67.162	454
67.212	444
67.263	451
67.313	446
67.363	438
67.413	440
67.463	422
67.513	429
67.564	423
67.615	410
67.665	415
67.715	409
67.765	403
67.815	405
67.866	395
67.916	405
67.966	407
68.016	401
68.066	412
68.117	415
68.167	417
68.217	426
68.267	421
68.317	437
68.367	441
68.418	437
68.468	451
68.519	451
68.569	451
68.619	457
68.670	444
68.720	455
68.770	451
68.820	438
68.870	443
68.920	436
68.971	429
69.021	428
69.071	411
69.121	417
69.171	412
69.221	401
69.272	405
69.322	402
69.372	400
69.423	404
69.473	396
69.524	408
69.574	411
69.624	408
69.674	422
69.724	426
69.774	431
69.825	439
69.875	432
69.925	449
69.975	452
70.025	448
70.075	457
70.126	453
70.176	456
70.226	455
70.276	441
70.327	448
70.378	442
70.428	429
70.478	431
70.528	425
70.578	417
70.628	414
70.679	398
70.729	406
70.779	402
70.829	395
70.879	402
70.929	402
70.980	404
71.030	409
71.080	402
71.130	419
71.180	424
71.232	422
71.282	437
71.332	438
71.382	448
71.432	452
71.482	445
71.533	458
71.583	458
71.633	450
71.683	457
71.733	447
71.783	450
71.834	446
71.884	429
71.934	434
71.984	427
72.034	414
72.085	416
72.136	407
72.186	406
72.236	404
72.286	394
72.336	401
72.387	401
72.437	397
72.487	407
72.537	403
72.587	416
72.638	422
72.688	418
72.738	434
72.788	439
72.838	439
72.888	450
72.939	441
72.990	457
73.040	458
73.090	447
73.140	458
73.190	453
73.241	447
73.291	447
73.341	431
73.391	436
73.441	430
73.492	417
73.542	419
73.592	413
73.642	403
73.692	406
73.742	396
73.793	402
73.843	403
73.894	396
73.944	407
73.994	409
74.044	410
74.095	420
74.145	415
74.195	430
74.245	436
74.295	434
74.346	447
74.396	449
74.446	449
74.496	457
74.546	444
74.596	458
74.647	455
74.697	444
74.747	450
74.798	444
74.848	436
74.898	434
74.949	417
74.999	423
75.049	418
75.099	404
75.149	410
75.200	405
75.250	401
75.300	404
75.350	397
75.400	406
75.450	409
75.501	404
75.551	416
75.601	420
75.651	423
75.702	432
75.753	426
75.803	443
75.853	446
75.903	441
75.953	454
76.003	453
76.054	452
76.104	455
76.154	441
76.204	451
76.254	446
76.304	434
76.355	438
76.405	430
76.455	424
76.505	423
76.555	408
76.607	414
76.657	410
76.707	401
76.757	406
76.807	403
76.857	403
76.908	408
76.958	401
77.008	414
77.058	418
77.108	416
77.158	427
77.209	429
77.259	436
77.309	441
77.359	434
77.409	449
77.460	452
77.511	444
77.561	454
77.611	450
77.661	451
77.711	450
77.762	437
77.812	442
77.862	437
77.912	426
77.962	428
78.012	419
78.063	417
78.113	414
78.163	401
78.213	408
78.263	406
78.314	400
78.364	406
78.415	407
78.465	409
78.515	414
78.565	409
78.616	422
78.666	426
78.716	426
78.766	437
78.816	435
78.866	446
78.917	450
78.967	443
79.017	455
79.067	454
79.117	449
79.168	453
79.218	439
79.268	447
79.319	442
79.369	426
79.419	433
79.470	426
79.520	414
79.570	417
79.620	407
79.670	409
79.721	407
79.771	396
79.821	404
79.871	404
79.921	401
79.971	410
80.022	404
80.072	417
80.122	423
80.172	419
80.223	433
80.273	438
80.324	438
80.374	449
80.424	438
80.474	455
80.524	456
80.575	448
80.625	456
80.675	452
80.725	448
80.775	447
80.825	430
80.876	437
80.926	431
80.976	416
81.026	420
81.077	414
81.127	405
81.178	408
81.228	393
81.278	404
81.328	403
81.378	395
81.429	406
81.479	409
81.529	408
81.579	418
81.629	414
81.679	430
81.730	436
81.780	432
81.830	447
81.880	450
81.930	450
81.982	457
82.032	446
82.082	458
82.132	457
82.182	444
82.232	451
82.283	444
82.333	436
82.383	435
82.433	416
82.483	423
82.533	416
82.584	403
82.634	407
82.684	403
82.734	398
82.784	401
82.834	392
82.886	403
82.936	406
82.986	403
83.036	415
83.086	420
83.137	424
83.187	433
83.237	430
83.287	445
83.337	450
83.387	443
83.438	458
83.488	456
83.538	458
83.588	459
83.638	445
83.689	454
83.739	448
83.790	433
83.840	437
83.890	429
83.940	420
83.991	419
84.041	404
84.091	408
84.141	404
84.191	394
84.241	400
84.292	399
84.342	397
84.392	404
84.442	399
84.492	414
84.543	418
84.593	418
84.643	431
84.694	435
84.744	440
84.794	450
84.845	443
84.895	457
84.945	458
84.995	451
85.045	460
85.095	451
85.146	453
85.196	450
85.246	434
85.296	439
85.346	431
85.397	420
85.447	421
85.497	412
85.547	408
85.598	406
85.648	393
85.699	402
85.749	401
85.799	396
85.849	405
85.899	407
85.950	412
86.000	417
86.050	415
86.100	429
86.150	434
86.200	435
86.251	447
86.301	439
86.351	455
86.401	456
86.451	447
86.502	459
86.553	456
86.603	448
86.653	451
86.703	435
86.753	442
86.804	435
86.854	418
86.904	425
86.954	418
87.004	408
87.054	410
87.105	399
87.155	405
87.205	403
87.255	395
87.305	405
87.355	407
87.407	406
87.457	416
87.507	410
87.557	425
87.607	431
87.658	425
87.708	442
87.758	445
87.808	446
87.858	453
87.908	442
87.959	456
88.009	455
88.059	442
88.109	451
88.159	446
88.209	439
88.260	439
88.311	425
88.361	429
88.411	424
88.461	411
88.512	415
88.562	410
88.612	403
88.662	407
88.712	398
88.762	406
88.813	407
88.863	402
88.913	413
88.963	415
89.013	418
89.063	427
89.114	420
89.164	437
89.215	441
89.265	435
89.315	449
89.366	449
89.416	450
89.466	455
89.516	441
89.566	453
89.616	451
89.667	438
89.717	444
89.767	437
89.817	430
89.867	429
89.918	412
89.968	419
90.018	415
90.068	403
90.119	409
90.169	406
90.220	401
90.270	406
90.320	400
90.370	409
90.420	413
90.470	410
90.521	421
90.571	425
90.621	428
90.671	437
90.721	430
90.772	446
90.822	449
90.872	444
90.922	456
90.973	453
91.023	453
91.074	454
91.124	442
91.174	448
91.224	443
91.274	430
91.324	434
91.375	426
91.425	420
91.475	418
91.525	404
91.575	410
91.626	406
91.676	399
91.726	404
91.776	408
91.826	404
91.877	408
91.928	404
91.978	417
92.028	421
92.078	420
92.128	433
92.178	438
92.229	443
92.279	449
92.329	441
92.379	456
92.429	457
92.480	450
92.530	458
92.580	447
92.630	452
92.680	449
92.730	432
92.782	437
92.832	430
92.882	417
92.932	419
92.982	412
93.033	408
93.083	405
93.133	397
93.183	402
93.233	402
93.283	396
93.334	405
93.384	406
93.434	413
93.484	418
93.534	416
93.584	431
93.635	436
93.686	436
93.736	449
93.786	445
93.836	457
93.887	459
93.937	449
93.987	461
94.037	456
94.087	449
94.137	451
94.188	434
94.238	440
94.288	433
94.338	418
94.388	421
94.438	413
94.489	404
94.539	405
94.590	393
94.640	400
94.690	400
94.741	393
94.791	403
94.841	406
94.891	405
94.941	417
94.991	415
95.042	430
95.092	436
95.142	432
95.192	449
95.242	452
95.292	454
95.343	460
95.393	449
95.443	462
95.494	459
95.544	446
95.595	453
95.645	446
95.695	436
95.745	435
95.795	417
95.845	421
95.896	415
95.946	401
95.996	406
96.046	401
96.096	396
96.146	400
96.197	392
96.247	402
96.297	406
96.347	403
96.398	415
96.449	420
96.499	424
96.549	435
96.599	429
96.649	447
96.699	452
96.750	448
96.800	460
96.850	458
96.900	458
96.950	460
97.001	446
97.051	453
97.101	447
97.151	434
97.201	436
97.251	427
97.303	420
97.353	418
97.403	403
97.453	407
97.503	403
97.553	394
97.604	401
97.654	399
97.704	400
97.754	405
97.804	401
97.855	415
97.905	421
97.955	419
98.005	433
98.055	435
98.105	443
98.156	450
98.207	443
98.257	457
98.307	458
98.357	451
98.407	459
98.458	454
98.508	452
98.558	449
98.608	434
98.658	438
98.709	432
98.759	419
98.809	421
98.859	413
98.909	410
98.959	407
99.010	394
99.060	402
99.111	402
99.161	397
99.211	406
99.262	408
99.312	412
99.362	418
99.412	413
99.462	430
99.512	434
99.563	434
99.613	446
99.663	443
99.713	454
99.763	456
99.813	448
99.864	458
99.914	455
99.964	446
100.015	450
100.065	439
100.116	441
100.166	435
100.216	420
100.266	424
100.316	418
100.366	408
100.417	410
100.467	399
100.517	405
100.567	403
100.617	397
100.667	405
100.718	408
100.768	406
100.818	416
100.868	410
100.919	426
100.970	432
101.020	429
101.070	442
101.120	446
101.170	444
101.220	454
101.271	442
101.321	457
101.371	456
101.421	444
101.471	452
101.521	447
101.572	439
101.622	439
101.672	425
101.722	428
101.772	423
101.824	410
101.874	413
101.924	408
101.974	401
102.024	405
102.074	397
102.125	404
102.175	406
102.225	401
102.275	413
102.325	415
102.375	418
102.426	428
102.476	423
102.526	439
102.576	444
102.626	439
102.677	453
102.728	453
102.778	453
102.828	457
102.878	445
102.928	455
102.979	451
103.029	437
103.079	443
103.129	435
103.179	426
103.230	426
103.280	410
103.330	415
103.380	410
103.430	400
103.480	404
103.531	402
103.582	400
103.632	404
103.682	399
103.732	409
103.782	414
103.833	410
103.883	425
103.933	428
103.983	433
104.033	442
104.084	437
104.134	453
104.184	455
104.234	449
104.284	459
104.334	455
104.385	455
104.435	456
104.486	441
104.536	446
104.586	440
104.636	427
104.687	428
104.737	420
104.787	412
104.837	411
104.887	398
104.938	404
104.988	401
105.038	395
105.088	401
105.138	402
105.188	402
105.239	411
105.289	409
105.339	423
105.390	428
105.440	428
105.490	441
105.541	444
105.591	451
105.641	457
105.691	446
105.741	461
105.792	460
105.842	450
105.892	457
105.942	447
105.992	448
106.042	442
106.093	427
106.143	429
106.193	422
106.243	410
106.294	410
106.345	405
106.395	400
106.445	399
106.495	390
106.545	399
106.595	401
106.646	398
106.696	409
106.746	411
106.796	420
106.846	427
106.896	424
106.947	441
106.997	447
107.047	446
107.097	458
107.147	453
107.199	463
107.249	463
107.299	451
107.349	459
107.399	454
107.449	443
107.500	444
107.550	427
107.600	429
107.650	422
107.700	406
107.750	410
107.801	404
107.851	396
107.901	399
107.951	389
108.001	398
108.052	400
108.103	395
108.153	409
108.203	412
108.253	413
108.303	427
108.354	422
108.404	441
108.454	447
108.504	444
108.554	458
108.604	459
108.655	457
108.705	463
108.755	448
108.805	459
108.855	455
108.906	440
108.956	444
109.007	435
109.057	425
109.107	423
109.157	406
109.208	411
109.258	405
109.308	393
109.358	400
109.408	398
109.458	394
109.509	401
109.559	397
109.609	408
109.659	414
109.709	411
109.760	426
109.810	431
109.860	434
109.911	446
109.961	439
110.011	456
110.062	459
110.112	451
110.162	461
110.212	458
110.262	454
110.313	455
110.363	441
110.413	444
110.463	437
110.513	424
110.563	425
110.614	417
110.664	410
110.714	410
110.764	397
110.815	403
110.865	402
110.916	394
110.966	403
111.016	405
111.066	406
111.116	414
111.167	408
111.217	425
111.267	431
111.317	428
111.367	442
111.417	444
111.468	448
111.518	454
111.568	445
111.618	457
111.669	457
111.719	446
111.770	453
111.820	446
111.870	441
111.920	439
111.970	421
112.021	428
112.071	423
112.121	409
112.171	415
112.221	409
112.271	404
112.322	407
112.372	398
112.422	406
112.472	408
112.522	404
112.574	414
112.624	415
112.674	420
112.724	427
112.774	422
112.824	436
112.875	441
112.925	437
112.975	448
113.025	447
113.075	451
113.125	453
113.176	440
113.226	451
113.276	448
113.326	438
113.376	442
113.426	433
113.478	432
113.528	429
113.578	414
113.628	421
113.678	416
113.729	408
113.779	411
113.829	407
113.879	408
113.929	409
113.979	402
114.030	411
114.080	413
114.130	410
114.180	422
114.230	415
114.281	430
114.331	435
114.382	426
114.432	443
114.482	444
114.532	444
114.583	452
114.633	443
114.683	453
114.733	451
114.783	441
114.833	448
114.884	443
114.934	433
114.984	436
115.034	421
115.084	427
115.135	421
115.185	409
115.235	414
115.286	410
115.336	402
115.386	408
115.437	398
115.487	408
115.537	409
115.587	405
115.637	415
115.687	418
115.738	418
115.788	429
115.838	421
115.888	439
115.938	444
115.989	438
116.039	451
116.089	452
116.139	450
116.190	456
116.240	442
116.291	454
116.341	450
116.391	438
116.441	442
116.491	434
116.542	427
116.592	425
116.642	408
116.692	415
116.742	410
116.792	399
116.843	404
116.893	402
116.943	398
116.993	404
117.043	397
117.094	410
117.145	414
117.195	411
117.245	425
117.295	430
117.345	433
117.396	443
117.446	439
117.496	453
117.546	457
117.596	450
117.646	460
117.697	456
117.747	456
117.797	454
117.847	440
117.897	445
117.947	439
117.999	424
118.049	427
118.099	419
118.149	410
118.199	409
118.250	397
118.300	401
118.350	400
118.400	392
118.450	401
118.500	401
118.551	402
118.601	411
118.651	407
118.701	423
118.751	429
118.801	427
118.852	443
118.903	446
118.953	452
119.003	459
119.053	449
119.104	463
119.154	461
119.204	452
119.254	457
119.304	449
119.354	444
119.405	441
119.455	423
119.505	427
119.555	420
119.605	408
119.655	409
119.706	404
119.756	398
119.807	399
119.857	390
119.907	399
119.958	401
120.008	399
120.058	410
120.108	413
120.158	420
120.208	429
120.259	427
120.309	442
120.359	447
120.409	448
120.459	458
120.510	452
120.560	462
120.610	462
120.660	449
120.711	457
120.761	452
120.812	440
120.862	442
120.912	429
120.962	428
121.012	422
121.062	406
121.113	411
121.163	406
121.213	396
121.263	401
121.313	399
121.364	400
121.414	403
121.464	397
121.514	411
121.565	415
121.615	416
121.666	427
121.716	429
121.766	440
121.816	445
121.866	439
121.916	453
121.967	454
122.017	451
122.067	458
122.117	445
122.167	454
122.218	451
122.268	437
122.318	442
122.368	436
122.418	425
122.469	425
122.520	411
122.570	416
122.620	412
122.670	398
122.720	407
122.770	405
122.821	401
122.871	407
122.921	402
122.971	413
123.021	416
123.072	413
123.122	425
123.172	428
123.222	428
123.272	439
123.322	432
123.374	447
123.424	449
123.474	440
123.524	453
123.574	450
123.625	446
123.675	449
123.725	435
123.775	444
123.825	440
123.875	428
123.926	432
123.976	426
124.026	420
124.076	419
124.126	408
124.176	414
124.227	412
124.278	403
124.328	411
124.378	411
124.428	408
124.479	414
124.529	409
124.579	420
124.629	423
124.679	420
124.729	431
124.780	432
124.830	434
124.880	441
124.930	431
124.980	447
125.030	447
125.081	439
125.131	449
125.182	445
125.232	444
125.282	445
125.333	432
125.383	440
125.433	435
125.483	426
125.533	428
125.583	423
125.634	418
125.684	418
125.734	404
125.784	413
125.834	412
125.884	404
125.935	412
125.985	410
126.035	410
126.086	416
126.136	411
126.187	423
126.237	426
126.287	422
126.337	435
126.387	435
126.437	438
126.488	446
126.538	436
126.588	451
126.638	451
126.688	444
126.738	451
126.789	443
126.839	446
126.889	444
126.939	430
126.990	436
127.041	431
127.091	417
127.141	422
127.191	415
127.241	412
127.291	411
127.342	399
127.392	407
127.442	406
127.492	400
127.542	409
127.593	410
127.643	414
127.693	419
127.743	415
127.793	429
127.843	434
127.895	432
127.945	445
127.995	442
128.045	452
128.095	455
128.145	448
128.196	457
128.246	454
128.296	448
128.346	450
128.396	435
128.447	441
128.497	436
128.547	422
128.597	425
128.647	418
128.697	408
128.748	410
128.799	397
128.849	404
128.899	403
128.949	394
128.999	404
129.050	406
129.100	404
129.150	414
129.200	410
129.250	425
129.301	432
129.351	429
129.401	444
129.451	447
129.501	448
129.551	457
129.602	445
129.652	460
129.703	459
129.753	447
129.803	454
129.854	449
129.904	440
129.954	440
130.004	421
130.054	427
130.104	420
130.155	406
130.205	410
130.255	405
130.305	398
130.355	401
130.405	393
130.456	401
130.506	404
130.556	399
130.607	412
130.657	415
130.708	418
130.758	429
130.808	424
130.858	443
130.908	448
130.958	443
131.009	458
131.059	457
131.109	458
131.159	461
131.209	448
131.259	457
131.310	452
131.360	438
131.410	441
131.460	433
131.511	424
131.562	422
131.612	406
131.662	410
131.712	405
131.762	394
131.812	400
131.863	399
131.913	396
131.963	403
132.013	398
132.063	410
132.113	415
132.164	414
132.214	428
132.264	433
132.314	438
132.364	447
132.416	442
132.466	457
132.516	459
132.566	451
132.616	462
132.666	456
132.717	455
132.767	454
132.817	436
132.867	443
132.917	437
132.967	421
133.018	423
133.068	415
133.118	409
133.168	407
133.218	396
133.269	402
133.320	400
133.370	394
133.420	402
133.470	404
133.520	408
133.571	414
133.621	412
133.671	426
133.721	432
133.771	431
133.822	444
133.872	444
133.922	453
133.972	457
134.022	446
134.072	459
134.123	457
134.174	449
134.224	454
134.274	443
134.324	442
134.374	438
134.425	422
134.475	427
134.525	420
134.575	408
134.625	410
134.676	406
134.726	403
134.776	403
134.826	395
134.876	404
134.926	406
134.977	403
135.027	414
135.078	415
135.128	424
135.178	429
135.228	426
135.279	440
135.329	444
135.379	442
135.429	453
135.479	446
135.530	457
135.580	456
135.630	446
135.680	453
135.730	448
135.780	440
135.831	441
135.881	424
135.931	431
135.982	425
136.032	410
136.082	415
136.133	411
136.183	404
136.233	407
136.283	397
136.333	406
136.384	407
136.434	402
136.484	413
136.534	415
136.584	416
136.634	425
136.685	421
136.735	435
136.785	440
136.835	434
136.886	448
136.937	449
136.987	448
137.037	454
137.087	442
137.137	453
137.187	451
137.238	438
137.288	444
137.338	438
137.388	430
137.438	431
137.488	416
137.539	421
137.589	417
137.639	406
137.689	411
137.739	407
137.791	403
137.841	408
137.891	400
137.941	410
137.991	413
138.041	407
138.092	421
138.142	423
138.192	426
138.242	434
138.292	428
138.342	443
138.393	446
138.443	440
138.493	452
138.543	450
138.593	450
138.644	453
138.695	439
138.745	448
138.795	445
138.845	432
138.895	437
138.946	429
138.996	422
139.046	422
139.096	407
139.146	414
139.196	411
139.247	400
139.297	407
139.347	405
139.397	404
139.447	409
139.498	403
139.548	415
139.599	419
139.649	416
139.699	429
139.749	431
139.800	436
139.850	444
139.900	437
139.950	451
140.000	453
140.050	448
140.101	456
140.151	451
140.201	450
140.251	450
140.301	436
140.352	442
140.402	436
140.452	424
140.503	426
140.553	419
140.603	412
140.654	412
140.704	399
140.754	405
140.804	404
140.854	396
140.905	405
140.955	406
141.005	408
141.055	415
141.105	411
141.155	424
141.206	430
141.256	429
141.306	442
141.356	439
141.407	450
141.457	455
141.508	446
141.558	459
141.608	457
141.658	449
141.708	455
141.759	443
141.809	445
141.859	440
141.909	424
141.959	429
142.009	422
142.060	409
142.110	412
142.160	405
142.210	404
142.261	402
142.311	393
142.362	401
142.412	403
142.462	400
142.512	410
142.562	413
142.613	421
142.663	427
142.713	424
142.763	440
142.813	446
142.863	444
142.914	456
142.964	447
143.014	461
143.064	460
143.114	449
143.166	457
143.216	453
143.266	443
143.316	443
143.366	427
143.416	431
143.467	424
143.517	409
143.567	413
143.617	407
143.667	398
143.717	401
143.768	392
143.818	400
143.868	402
143.918	397
143.968	409
144.018	413
144.070	414
144.120	425
144.170	422
144.220	438
144.270	444
144.321	439
144.371	455
144.421	455
144.471	454
144.521	460
144.571	450
144.622	458
144.672	455
144.722	442
144.772	446
144.822	438
144.873	428
144.923	427
144.974	409
145.024	416
145.074	411
145.124	400
145.175	404
145.225	401
145.275	397
145.325	403
145.375	396
145.425	408
145.476	412
145.526	410
145.576	423
145.626	428
145.676	431
145.727	441
145.777	434
145.827	450
145.878	454
145.928	449
145.978	457
146.029	454
146.079	453
146.129	455
146.179	442
146.229	447
146.279	441
146.330	426
146.380	431
146.430	423
146.480	416
146.530	413
146.581	401
146.631	406
146.681	404
146.731	396
146.782	404
146.832	403
146.883	404
146.933	411
146.983	406
147.033	420
147.083	426
147.134	423
147.184	438
147.234	439
147.284	444
147.334	451
147.384	443
147.435	457
147.485	457
147.535	447
147.585	456
147.635	451
147.686	448
147.737	445
147.787	429
147.837	433
147.887	427
147.937	412
147.988	417
148.038	411
148.088	406
148.138	405
148.188	395
148.238	402
148.289	403
148.339	398
148.389	408
148.439	411
148.489	416
148.539	423
148.591	419
148.641	435
148.691	440
148.741	437
148.791	451
148.842	447
148.892	457
148.942	459
148.992	448
149.042	459
149.092	455
149.143	446
149.193	448
149.243	431
149.293	436
149.343	430
149.393	413
149.444	417
149.495	411
149.545	402
149.595	403
149.645	395
149.696	399
149.746	400
149.796	394
149.846	405
149.896	408
149.946	410
149.997	421
150.047	418
150.097	434
150.147	441
150.197	438
150.247	453
150.298	456
150.348	456
150.399	463
150.449	453
150.499	462
150.550	460
150.600	445
150.650	450
150.700	442
150.750	431
150.800	429
150.851	412
150.901	415
150.951	409
151.001	394
151.051	400
151.102	397
151.152	392
151.202	396
151.252	392
151.303	403
151.353	407
151.404	406
151.454	421
151.504	428
151.554	432
151.604	444
151.654	438
151.705	457
151.755	462
151.805	454
151.855	467
151.905	464
151.956	460
152.006	462
152.056	443
152.106	451
152.157	443
152.207	426
152.258	427
152.308	417
152.358	406
152.408	404
152.458	392
152.508	395
152.559	393
152.609	385
152.659	394
152.709	396
152.759	398
152.810	407
152.860	406
152.910	423
152.960	431
153.010	430
153.061	448
153.112	452
153.162	458
153.212	466
153.262	458
153.312	470
153.362	468
153.413	456
153.463	462
153.513	453
153.563	446
153.613	440
153.664	424
153.714	424
153.764	415
153.814	400
153.864	401
153.914	395
153.966	389
154.016	392
154.066	384
154.116	393
154.166	398
154.217	396
154.267	410
154.317	415
154.367	423
154.417	435
154.467	433
154.518	452
154.568	458
154.618	456
154.668	468
154.718	467
154.768	469
154.819	468
154.870	456
154.920	460
154.970	452
155.020	439
155.071	437
155.121	425
155.171	418
155.221	412
155.271	396
155.321	399
155.372	394
155.422	386
155.472	392
155.522	393
155.572	394
155.622	400
155.673	397
155.723	413
155.774	421
155.824	422
155.874	438
155.925	441
155.975	453
156.025	460
156.075	453
156.125	468
156.175	468
156.226	462
156.276	466
156.326	454
156.376	456
156.426	450
156.476	431
156.527	434
156.577	424
156.627	410
156.678	410
156.728	399
156.779	398
156.829	394
156.879	386
156.929	393
156.979	394
157.029	392
157.080	403
157.130	400
157.180	417
157.230	425
157.280	424
157.330	441
157.381	447
157.431	449
157.481	462
157.531	450
157.582	468
157.633	468
157.683	457
157.733	464
157.783	458
157.833	447
157.883	447
157.934	426
157.984	430
158.034	422
158.084	407
158.134	408
158.185	401
158.235	392
158.285	395
158.335	386
158.385	394
158.435	397
158.487	393
158.537	406
158.587	412
158.637	416
158.687	427
158.737	424
158.788	443
158.838	450
158.888	448
158.938	461
158.988	461
159.039	462
159.089	466
159.139	452
159.189	462
159.239	456
159.289	441
159.340	444
159.391	434
159.441	424
159.491	421
159.541	406
159.591	408
159.642	402
159.692	390
159.742	397
159.792	395
159.842	392
159.893	399
159.943	396
159.993	408
160.043	415
160.093	414
160.143	430
160.194	434
160.244	441
160.295	450
160.345	446
160.395	460
160.446	463
160.496	453
160.546	464
160.596	458
160.646	457
160.696	454
160.747	439
160.797	442
160.847	434
160.897	419
160.947	421
160.997	413
161.048	404
161.098	405
161.148	392
161.199	398
161.249	398
161.300	391
161.350	402
161.400	405
161.450	408
161.500	416
161.550	414
161.601	429
161.651	436
161.701	434
161.751	449
161.801	447
161.851	457
161.902	460
161.952	448
162.002	461
162.052	459
162.103	452
162.154	452
162.204	442
162.254	441
162.304	436
162.354	419
162.404	422
162.455	415
162.505	406
162.555	407
162.605	402
162.655	401
162.705	401
162.756	394
162.806	404
162.856	406
162.906	405
162.956	416
163.008	415
163.058	428
163.108	434
163.158	432
163.208	446
163.258	449
163.309	446
163.359	458
163.409	447
163.459	459
163.509	458
163.559	445
163.610	452
163.660	446
163.710	436
163.760	437
163.810	420
163.861	425
163.912	420
163.962	407
164.012	410
164.062	407
164.112	400
164.163	403
164.213	395
164.263	405
164.313	407
164.363	403
164.414	415
164.464	418
164.514	419
164.564	431
164.614	426
164.664	442
164.715	447
164.766	440
164.816	454
164.866	455
164.916	452
164.966	458
165.017	445
165.067	453
165.117	449
165.167	435
165.217	440
165.268	433
165.318	424
165.368	424
165.418	407
165.468	413
165.518	409
165.569	400
165.619	404
165.670	403
165.720	398
165.770	406
165.820	400
165.871	412
165.921	417
165.971	414
166.021	427
166.071	431
166.122	435
166.172	444
166.222	438
166.272	453
166.322	455
166.372	449
166.423	458
166.473	454
166.523	452
166.574	453
166.624	438
166.674	443
166.725	438
166.775	422
166.825	426
166.875	419
166.925	411
166.976	410
167.026	396
167.076	404
167.126	402
167.176	395
167.226	403
167.277	404
167.327	405
167.377	413
167.427	410
167.478	424
167.529	430
167.579	430
167.629	443
167.679	445
167.729	451
167.779	457
167.830	448
167.880	462
167.930	460
167.980	452
168.030	456
168.080	447
168.131	445
168.181	441
168.231	426
168.281	427
168.331	420
168.383	406
168.433	408
168.483	403
168.533	398
168.583	399
168.633	390
168.684	399
168.734	401
168.784	398
168.834	411
168.884	415
168.934	422
168.985	431
169.035	426
169.085	445
169.135	451
169.185	451
169.236	462
169.287	455
169.337	465
169.387	465
169.437	451
169.487	459
169.538	453
169.588	441
169.638	441
169.688	429
169.738	425
169.788	417
169.839	401
169.889	404
169.939	399
169.989	391
170.039	394
170.090	391
170.140	396
170.191	398
170.241	396
170.291	410
170.341	415
170.392	418
170.442	434
170.492	431
170.542	450
170.592	456
170.642	451
170.693	466
170.743	466
170.793	463
170.843	468
170.893	455
170.944	460
170.994	454
171.044	436
171.095	439
171.145	429
171.195	416
171.246	414
171.296	396
171.346	400
171.396	395
171.446	384
171.497	391
171.547	391
171.597	390
171.647	399
171.697	395
171.747	411
171.798	419
171.848	418
171.898	437
171.948	443
171.999	448
172.049	460
172.100	452
172.150	469
172.200	471
172.250	461
172.300	468
172.351	463
172.401	453
172.451	452
172.501	432
172.551	435
172.601	426
172.652	408
172.702	410
172.752	402
172.802	392
172.853	393
172.903	384
172.954	391
173.004	393
173.054	390
173.104	401
173.154	407
173.205	410
173.255	423
173.305	423
173.355	441
173.405	449
173.455	446
173.506	462
173.556	463
173.606	466
173.656	470
173.706	459
173.758	466
173.808	461
173.858	446
173.908	448
173.958	438
174.008	427
174.059	423
174.109	405
174.159	407
174.209	401
174.259	390
174.309	393
174.360	391
174.410	388
174.460	395
174.510	391
174.560	404
174.610	411
174.662	412
174.712	427
174.762	433
174.812	441
174.862	451
174.913	445
174.963	463
175.013	466
175.063	459
175.113	469
175.163	462
175.214	461
175.264	459
175.314	440
175.364	445
175.414	436
175.465	422
175.515	420
175.566	411
175.616	402
175.666	401
175.716	390
175.767	394
175.817	393
175.867	388
175.917	398
175.967	405
176.017	405
176.068	414
176.118	413
176.168	430
176.218	437
176.268	437
176.319	452
176.369	450
176.419	461
176.470	464
176.520	455
176.570	466
176.621	462
176.671	452
176.721	454
176.771	443
176.821	442
176.871	434
176.922	416
176.972	420
177.022	413
177.072	401
177.122	404
177.173	399
177.223	398
177.273	399
177.323	392
177.374	403
177.424	406
177.475	405
177.525	418
177.575	415
177.625	431
177.675	437
177.726	434
177.776	449
177.826	452
177.876	450
177.926	459
177.976	448
178.027	459
178.077	457
178.127	445
178.177	451
178.227	444
178.278	434
178.329	434
178.379	417
178.429	423
178.479	417
178.529	405
178.580	410
178.630	407
178.680	400
178.730	405
178.780	396
178.830	408
178.881	411
178.931	407
178.981	419
179.031	422
179.081	424
179.131	433
179.183	426
179.233	442
179.283	446
179.333	440
179.383	452
179.434	451
179.484	448
179.534	452
179.584	439
179.634	448
179.684	444
179.735	433
179.785	438
179.835	431
179.885	424
179.935	425
179.985	410
180.036	418
180.087	415
180.137	404
180.187	412
180.237	410
180.288	408
180.338	412
180.388	406
180.438	417
180.488	419
180.538	416
180.589	426
180.639	429
180.689	430
180.739	438
180.789	429
180.839	443
180.890	445
180.940	438
180.991	449
181.041	447
181.091	446
181.142	448
181.192	432
181.242	444
181.292	439
181.342	428
181.392	433
181.443	427
181.493	422
181.543	422
181.593	409
181.643	416
181.694	415
181.744	405
181.794	412
181.844	410
181.895	409
181.945	414
181.996	406
182.046	419
182.096	421
182.146	419
182.196	429
182.246	431
182.297	434
182.347	441
182.397	435
182.447	447
182.497	449
182.548	443
182.598	451
182.648	449
182.698	448
182.749	448
182.799	433
182.850	442
182.900	436
182.950	426
183.000	428
183.050	425
183.100	417
183.151	416
183.201	402
183.251	410
183.301	408
183.351	402
183.402	409
183.452	407
183.502	410
183.552	414
183.602	409
183.653	423
183.704	428
183.754	424
183.804	438
183.854	438
183.904	446
183.954	450
184.005	441
184.055	456
184.105	455
184.155	448
184.205	454
184.256	445
184.306	448
184.356	444
184.406	428
184.456	433
184.506	426
184.558	414
184.608	417
184.658	407
184.708	408
184.758	405
184.809	395
184.859	403
184.909	403
184.959	398
185.009	409
185.059	403
185.110	417
185.160	422
185.210	422
185.260	435
185.310	439
185.360	440
185.411	451
185.462	443
185.512	459
185.562	460
185.612	451
185.663	459
185.713	455
185.763	447
185.813	448
185.863	430
185.913	436
185.964	430
186.014	414
186.064	417
186.114	411
186.164	402
186.214	403
186.265	393
186.315	400
186.366	400
186.416	394
186.466	405
186.517	409
186.567	410
186.617	420
186.667	416
186.717	434
186.767	440
186.818	437
186.868	452
186.918	454
186.968	455
187.018	462
187.068	449
187.119	461
187.169	458
187.219	447
187.270	450
187.320	443
187.371	434
187.421	431
187.471	414
187.521	418
187.571	411
187.621	401
187.672	403
187.722	399
187.772	396
187.822	400
187.872	393
187.922	404
187.973	408
188.023	406
188.073	419
188.123	423
188.174	428
188.225	439
188.275	434
188.325	450
188.375	455
188.425	451
188.475	461
188.526	458
188.576	458
188.626	458
188.676	443
188.726	451
188.777	445
188.827	431
188.877	433
188.927	425
188.977	416
189.027	415
189.079	400
189.129	406
189.179	403
189.229	395
189.279	402
189.329	403
189.380	403
189.430	409
189.480	404
189.530	419
189.580	423
189.631	423
189.681	436
189.731	436
189.781	446
189.831	451
189.881	444
189.932	457
189.983	457
190.033	449
190.083	456
190.133	445
190.183	449
190.234	446
190.284	430
190.334	435
190.384	429
190.434	418
190.485	419
190.535	413
190.585	410
190.635	408
190.685	398
190.735	405
190.786	406
190.836	401
190.887	410
190.937	411
190.987	416
191.038	421
191.088	418
191.138	432
191.188	436
191.238	434
191.288	445
191.339	439
191.389	451
191.439	453
191.489	443
191.539	454
191.589	451
191.640	444
191.690	447
191.740	433
191.791	439
191.841	435
191.892	420
191.942	426
191.992	420
192.042	412
192.092	414
192.142	403
192.193	410
192.243	409
192.293	400
192.343	411
192.393	411
192.443	410
192.494	418
192.544	413
192.594	426
192.644	429
192.695	424
192.746	438
192.796	440
192.846	440
192.896	447
192.946	439
192.996	451
193.047	451
193.097	441
193.147	449
193.197	445
193.247	440
193.297	441
193.348	425
193.398	433
193.448	429
193.498	416
193.548	422
193.600	416
193.650	410
193.700	413
193.750	400
193.800	411
193.850	410
193.901	404
193.951	413
194.001	415
194.051	414
194.101	422
194.151	417
194.202	431
194.252	434
194.302	429
194.352	442
194.402	442
194.453	444
194.504	451
194.554	438
194.604	451
194.654	450
194.704	440
194.755	447
194.805	442
194.855	437
194.905	436
194.955	420
195.006	428
195.056	423
195.106	412
195.156	417
195.206	412
195.256	408
195.307	409
195.358	399
195.408	410
195.458	410
195.508	405
195.558	415
195.609	417
195.659	420
195.709	428
195.759	421
195.809	436
195.860	441
195.910	436
195.960	448
196.010	447
196.060	449
196.110	454
196.161	441
196.211	452
196.262	449
196.312	438
196.362	444
196.412	437
196.463	430
196.513	429
196.563	414
196.613	420
196.663	416
196.714	404
196.764	410
196.814	407
