#Creator: pendulumdriveEventBuffer
#Creation time: Tue Apr  4 15:26:34 2017
#Time	Pos
#[s]	[au]
0.051	471
0.101	471
0.151	457
0.201	448
0.251	435
0.301	412
0.352	409
0.402	395
0.452	378
0.502	377
0.552	374
0.602	366
0.653	368
0.703	365
0.753	377
0.803	386
0.853	392
0.905	410
0.955	419
1.005	436
1.055	450
1.105	450
1.155	474
1.206	481
1.256	480
1.306	491
1.356	479
1.406	487
1.456	480
1.507	460
1.557	460
1.607	446
1.657	427
1.707	419
1.758	399
1.809	392
1.859	382
1.909	367
1.959	368
2.009	366
2.060	360
2.110	371
2.160	369
2.210	388
2.260	398
2.310	405
2.361	426
2.411	439
2.461	446
2.511	466
2.561	463
2.612	485
2.663	490
2.713	480
2.763	491
2.813	485
2.863	474
2.914	470
2.964	443
3.014	444
3.064	429
3.114	405
3.165	402
3.215	390
3.265	375
3.315	372
3.365	361
3.415	366
3.466	367
3.516	365
3.567	380
3.617	389
3.667	397
3.717	415
3.768	418
3.818	443
3.868	456
3.918	457
3.968	478
4.019	483
4.069	486
4.119	492
4.169	476
4.219	484
4.269	476
4.320	457
4.370	454
4.420	439
4.471	423
4.521	413
4.571	393
4.622	389
4.672	380
4.722	365
4.772	369
4.822	367
4.873	366
4.923	376
4.973	375
5.023	393
5.073	404
5.123	410
5.174	432
5.224	442
5.274	454
5.324	469
5.375	464
5.426	485
5.476	488
5.526	478
5.576	487
5.626	477
5.676	470
5.727	463
5.777	439
5.827	438
5.877	424
5.927	403
5.977	400
6.028	388
6.078	377
6.128	374
6.178	364
6.228	371
6.280	373
6.330	373
6.380	386
6.430	395
6.480	404
6.530	420
6.581	422
6.631	446
6.681	457
6.731	458
6.781	477
6.831	476
6.882	484
6.932	486
6.982	472
7.032	477
7.082	469
7.133	451
7.184	449
7.234	433
7.284	422
7.334	412
7.384	392
7.435	392
7.485	383
7.535	371
7.585	375
7.635	378
7.685	376
7.736	383
7.786	384
7.836	400
7.886	410
7.936	416
7.987	434
8.037	438
8.088	456
8.138	465
8.188	461
8.238	478
8.289	479
8.339	472
8.389	478
8.439	463
8.489	465
8.539	456
8.590	435
8.640	435
8.690	423
8.740	407
8.790	403
8.841	387
8.891	388
8.941	382
8.992	372
9.042	380
9.092	382
9.143	381
9.193	394
9.243	395
9.293	412
9.343	422
9.394	425
9.444	443
9.494	451
9.544	455
9.594	468
9.644	457
9.695	476
9.745	475
9.795	461
9.845	469
9.896	461
9.946	448
9.997	446
10.047	426
10.097	426
10.147	416
10.197	398
10.248	399
10.298	391
10.348	382
10.398	385
10.448	377
10.498	386
10.549	390
10.599	389
10.649	403
10.699	410
10.749	416
10.800	430
10.851	429
10.901	448
10.951	456
11.001	452
11.051	468
11.102	466
11.152	467
11.202	471
11.252	455
11.302	462
11.352	455
11.403	437
11.453	438
11.503	427
11.553	416
11.603	412
11.653	393
11.705	397
11.755	392
11.805	382
11.855	388
11.905	389
11.956	388
12.006	396
12.056	394
12.106	410
12.156	417
12.206	419
12.257	435
12.307	441
12.357	449
12.407	458
12.457	452
12.507	467
12.558	468
12.609	458
12.659	466
12.709	459
12.759	454
12.810	450
12.860	432
12.910	433
12.960	424
13.010	408
13.060	408
13.111	402
13.161	393
13.211	392
13.261	383
13.311	390
13.362	391
13.412	388
13.462	400
13.513	407
13.563	411
13.613	422
13.664	420
13.714	440
13.764	446
13.814	446
13.864	460
13.914	455
13.965	467
14.015	469
14.065	456
14.115	465
14.165	459
14.216	447
14.266	446
14.316	433
14.366	428
14.417	420
14.467	405
14.518	405
14.568	398
14.618	388
14.668	390
14.718	383
14.768	388
14.819	392
14.869	388
14.919	402
14.969	408
15.019	411
15.070	427
15.120	427
15.170	444
15.220	452
15.270	448
15.321	465
15.372	468
15.422	464
15.472	470
15.522	459
15.572	464
15.622	458
15.673	440
15.723	443
15.773	431
15.823	417
15.873	415
15.924	399
15.974	399
16.024	393
16.074	380
16.124	386
16.175	385
16.226	381
16.276	392
16.326	387
16.376	405
16.426	414
16.477	413
16.527	433
16.577	441
16.627	445
16.677	459
16.727	453
16.778	471
16.828	473
16.878	462
16.928	473
16.978	466
17.028	456
17.080	455
17.130	434
17.180	436
17.230	426
17.280	407
17.331	406
17.381	397
17.431	385
17.481	386
17.531	374
17.581	383
17.632	384
17.682	380
17.732	394
17.782	399
17.832	406
17.882	420
17.933	420
17.984	442
18.034	451
18.084	450
18.134	468
18.185	471
18.235	472
18.285	478
18.335	462
18.385	472
18.435	465
18.486	448
18.536	449
18.586	435
18.636	424
18.686	416
18.736	396
18.787	397
18.837	389
18.888	375
18.938	380
18.988	378
19.039	376
19.089	384
19.139	383
19.189	398
19.239	408
19.289	410
19.340	431
19.390	439
19.440	450
19.490	463
19.540	459
19.590	477
19.641	479
19.691	470
19.741	479
19.792	471
19.842	466
19.893	461
19.943	438
19.993	440
20.043	427
20.093	406
20.143	404
20.194	393
20.244	380
20.294	380
20.344	368
20.394	375
20.445	376
20.495	376
20.545	387
20.595	397
20.645	405
20.696	419
20.747	421
20.797	444
20.847	453
20.897	457
20.947	474
20.997	469
21.048	483
21.098	485
21.148	471
21.198	478
21.248	469
21.299	454
21.349	451
21.399	431
21.449	426
21.499	414
21.549	392
21.601	391
21.651	383
21.701	372
21.751	374
21.801	367
21.851	374
21.902	379
21.952	379
22.002	396
22.052	407
22.102	412
22.153	432
22.203	429
22.253	457
22.303	468
22.353	464
22.403	483
22.454	484
22.505	480
22.555	484
22.605	466
22.655	472
22.706	461
22.756	439
22.806	437
22.856	423
22.906	405
22.956	400
23.007	380
23.057	382
23.107	375
23.157	365
23.207	371
23.257	374
23.308	374
23.358	387
23.409	388
23.459	408
23.509	421
23.560	426
23.610	447
23.660	457
23.710	464
23.760	479
23.810	472
23.861	488
23.911	488
23.961	474
24.011	480
24.061	470
24.111	456
24.162	449
24.212	425
24.262	422
24.313	410
24.363	389
24.414	387
24.464	379
24.514	368
24.564	370
24.614	362
24.664	373
24.715	379
24.765	380
24.815	398
24.865	408
24.915	418
24.965	436
25.016	438
25.066	462
25.116	472
25.166	469
25.217	486
25.268	484
25.318	485
25.368	485
25.418	465
25.468	470
25.518	459
25.569	438
25.619	434
25.669	418
25.719	404
25.769	396
25.819	377
25.870	377
25.920	372
25.970	365
26.020	370
26.070	373
26.122	376
26.172	389
26.222	391
26.272	412
26.322	424
26.372	429
26.423	451
26.473	459
26.523	470
26.573	481
26.623	475
26.674	489
26.724	487
26.774	475
26.824	478
26.874	463
26.924	457
26.975	445
27.026	419
27.076	418
27.126	404
27.176	387
27.226	384
27.277	383
27.327	368
27.377	369
27.427	362
27.477	375
27.528	381
27.578	384
27.628	401
27.678	412
27.728	426
27.778	441
27.829	442
27.879	465
27.930	473
27.980	473
28.030	488
28.080	477
28.131	488
28.181	484
28.231	466
28.281	467
28.331	454
28.382	434
28.432	429
28.482	413
28.532	402
28.582	392
28.632	373
28.683	374
28.733	370
28.784	362
28.834	370
28.884	377
28.934	381
28.985	391
29.035	396
29.085	416
29.135	429
29.185	434
29.236	456
29.286	459
29.336	477
29.386	484
29.436	476
29.486	490
29.537	486
29.587	476
29.637	475
29.688	451
29.738	454
29.789	440
29.839	416
29.889	413
29.939	400
29.989	384
30.039	379
30.090	366
30.140	369
30.190	368
30.240	364
30.290	375
30.340	383
30.391	388
30.441	405
30.491	410
30.541	433
30.592	446
30.643	446
30.693	471
30.743	477
30.793	481
30.843	490
30.893	475
30.944	488
30.994	483
31.044	463
31.094	464
31.144	449
31.194	432
31.245	423
31.295	400
31.345	398
31.395	387
31.445	372
31.497	371
31.547	367
31.597	362
31.647	370
31.697	369
31.747	385
31.798	395
31.848	399
31.898	422
31.948	433
31.998	445
32.048	462
32.099	458
32.149	482
32.199	487
32.249	480
32.299	491
32.350	484
32.401	478
32.451	473
32.501	449
32.551	449
32.601	435
32.652	411
32.702	407
32.752	394
32.802	380
32.852	375
32.902	363
32.953	366
33.003	367
33.053	365
33.103	377
33.153	385
33.204	394
33.254	411
33.305	414
33.355	439
33.405	453
33.455	456
33.506	476
33.556	478
33.606	489
33.656	493
33.706	477
33.757	488
33.807	479
33.857	462
33.907	460
33.957	442
34.007	429
34.058	417
34.108	396
34.158	390
34.209	380
34.259	364
34.309	366
34.360	371
34.410	363
34.460	370
34.510	372
34.560	388
34.611	400
34.661	408
34.711	429
34.761	438
34.811	457
34.861	470
34.912	468
34.962	489
35.012	492
35.062	487
35.113	494
35.163	476
35.214	480
35.264	469
35.314	444
35.364	442
35.414	425
35.465	406
35.515	398
35.565	383
35.615	374
35.665	367
35.715	356
35.766	362
35.816	365
35.866	364
35.916	379
35.966	383
36.018	403
36.068	418
36.118	425
36.168	449
36.218	462
36.268	470
36.319	487
36.369	479
36.419	498
36.469	498
36.519	482
36.569	488
36.620	476
36.670	460
36.720	452
36.770	424
36.820	420
36.870	405
36.922	382
36.972	379
37.022	369
37.072	357
37.122	359
37.173	354
37.223	363
37.273	371
37.323	373
37.373	394
37.423	407
37.474	419
37.524	440
37.574	443
37.624	470
37.674	482
37.725	478
37.775	499
37.826	498
37.876	494
37.926	495
37.976	475
38.027	475
38.077	462
38.127	438
38.177	431
38.227	413
38.277	393
38.328	384
38.378	367
38.428	364
38.478	358
38.528	350
38.579	359
38.629	363
38.680	368
38.730	385
38.780	390
38.830	415
38.881	431
38.931	437
38.981	463
39.031	473
39.081	485
39.131	497
39.182	488
39.232	503
39.282	499
39.332	482
39.382	484
39.433	468
39.483	452
39.533	440
39.584	410
39.634	407
39.684	392
39.735	372
39.785	368
39.835	360
39.885	352
39.935	355
39.986	352
40.036	366
40.086	377
40.136	384
40.186	404
40.236	419
40.287	435
40.337	455
40.387	457
40.437	483
40.488	492
40.538	490
40.589	503
40.639	497
40.689	497
40.739	491
40.789	468
40.840	466
40.890	449
40.940	424
40.990	416
41.040	399
41.090	384
41.141	373
41.191	356
41.241	357
41.291	355
41.341	348
41.392	360
41.443	375
41.493	378
41.543	396
41.593	401
41.643	428
41.694	445
41.744	452
41.794	476
41.844	475
41.894	497
41.944	502
41.995	489
42.045	502
42.095	495
42.145	480
42.195	475
42.245	447
42.297	442
42.347	426
42.397	399
42.447	393
42.497	379
42.548	362
42.598	360
42.648	351
42.698	354
42.748	357
42.798	357
42.849	374
42.899	387
42.949	396
42.999	418
43.049	423
43.099	453
43.150	468
43.201	468
43.251	493
43.301	499
43.351	497
43.402	505
43.452	488
43.502	493
43.552	482
43.602	454
43.652	453
43.703	434
43.753	412
43.803	401
43.853	377
43.903	373
43.954	364
44.004	349
44.054	353
44.105	354
44.155	354
44.205	368
44.256	372
44.306	393
44.356	410
44.406	416
44.456	444
44.506	458
44.557	469
44.607	488
44.657	485
44.707	503
44.757	505
44.808	493
44.858	498
44.908	485
44.958	471
45.009	462
45.059	433
45.110	428
45.160	411
45.210	386
45.260	380
45.310	369
45.360	355
45.411	355
45.461	347
45.511	356
45.561	363
45.611	365
45.662	385
45.712	399
45.762	413
45.812	434
45.862	437
45.913	466
45.964	480
46.014	482
46.064	500
46.114	499
46.164	502
46.214	501
46.265	483
46.315	483
46.365	469
46.415	446
46.465	438
46.516	419
46.566	400
46.616	389
46.666	368
46.716	365
46.766	359
46.818	348
46.868	355
46.918	359
46.968	364
47.018	379
47.069	383
47.119	408
47.169	424
47.219	433
47.269	457
47.319	466
47.370	483
47.420	494
47.470	485
47.520	504
47.570	501
47.620	488
47.671	489
47.722	472
47.772	460
47.822	447
47.872	420
47.923	413
47.973	398
48.023	377
48.073	372
48.123	370
48.173	353
48.224	356
48.274	352
48.324	363
48.374	373
48.424	378
48.474	398
48.525	411
48.575	429
48.626	447
48.676	451
48.726	477
48.777	487
48.827	487
48.877	502
48.927	489
48.977	500
49.027	493
49.078	473
49.128	471
49.178	455
49.228	433
49.278	424
49.328	399
49.379	392
49.429	379
49.480	362
49.530	361
49.580	357
49.631	350
49.681	360
49.731	367
49.781	377
49.831	390
49.881	395
49.932	421
49.982	437
50.032	446
50.082	469
50.132	467
50.182	492
50.233	499
50.283	491
50.333	502
50.384	496
50.434	482
50.485	479
50.535	451
50.585	450
50.635	433
50.685	406
50.735	401
50.786	386
50.836	368
50.886	365
50.936	352
50.986	356
51.037	358
51.087	355
51.137	371
51.187	382
51.237	390
51.288	412
51.339	419
51.389	445
51.439	461
51.489	462
51.539	487
51.589	493
51.640	495
51.690	503
51.740	488
51.790	495
51.840	485
51.891	462
51.941	460
51.991	441
52.041	420
52.091	409
52.141	384
52.193	381
52.243	369
52.293	355
52.343	356
52.393	355
52.443	354
52.494	364
52.544	367
52.594	387
52.644	402
52.694	411
52.745	436
52.795	450
52.845	464
52.895	481
52.945	478
52.995	500
53.046	503
53.097	491
53.147	501
53.197	489
53.247	478
53.298	468
53.348	439
53.398	435
53.448	418
53.498	393
53.548	387
53.599	374
53.649	360
53.699	357
53.749	348
53.799	355
53.849	359
53.900	362
53.950	379
54.001	392
54.051	404
54.101	426
54.152	432
54.202	460
54.252	474
54.302	478
54.352	497
54.402	496
54.453	504
54.503	504
54.553	482
54.603	489
54.653	475
54.703	453
54.754	446
54.804	425
54.854	406
54.905	395
54.955	373
55.006	369
55.056	360
55.106	348
55.156	353
55.206	364
55.256	360
55.307	372
55.357	376
55.407	399
55.457	415
55.507	426
55.557	450
55.608	458
55.658	480
55.708	492
55.758	487
55.809	505
55.860	503
55.910	494
55.960	494
56.010	473
56.060	470
56.110	455
56.161	428
56.211	421
56.261	404
56.311	384
56.361	375
56.411	359
56.462	357
56.512	354
56.562	348
56.612	358
56.662	366
56.714	372
56.764	391
56.814	399
56.864	423
56.914	441
56.964	448
57.015	472
57.065	483
57.115	489
57.165	502
57.215	493
57.266	504
57.316	498
57.366	476
57.416	478
57.466	462
57.516	441
57.567	431
57.618	403
57.668	398
57.718	384
57.768	364
57.818	362
57.869	357
57.919	348
57.969	356
58.019	357
58.069	371
58.120	384
58.170	391
58.220	414
58.270	430
58.320	442
58.370	464
58.421	461
58.471	489
58.522	497
58.572	491
58.622	503
58.672	497
58.723	488
58.773	484
58.823	460
58.873	456
58.923	440
58.974	415
59.024	407
59.074	392
59.124	373
59.174	369
59.224	356
59.275	358
59.325	358
59.376	356
59.426	368
59.476	378
59.526	386
59.577	405
59.627	411
59.677	438
59.727	453
59.777	459
59.828	480
59.878	486
59.928	493
59.978	500
60.028	484
60.078	495
60.129	488
60.179	469
60.229	464
60.280	447
60.330	429
60.381	418
60.431	393
60.481	389
60.531	377
60.581	362
60.631	363
60.682	361
60.732	357
60.782	366
60.832	367
60.882	384
60.932	397
60.983	404
61.033	427
61.083	439
61.133	454
61.184	470
61.235	467
61.285	490
61.335	494
61.385	486
61.435	496
61.485	485
61.536	480
61.586	472
61.636	449
61.686	444
61.736	428
61.786	405
61.837	400
61.887	387
61.937	370
61.987	369
62.037	357
62.089	363
62.139	366
62.189	365
62.239	379
62.289	391
62.339	400
62.390	417
62.440	420
62.490	446
62.540	459
62.590	463
62.640	482
62.691	478
62.741	493
62.791	494
62.841	479
62.891	486
62.942	476
62.993	459
63.043	454
63.093	434
63.143	424
63.193	411
63.244	388
63.294	386
63.344	377
63.394	364
63.444	367
63.494	367
63.545	368
63.595	375
63.645	376
63.695	394
63.745	406
63.796	414
63.846	434
63.897	439
63.947	461
63.997	472
64.047	468
64.098	488
64.148	488
64.198	484
64.248	488
64.298	469
64.349	473
64.399	462
64.449	438
64.499	436
64.549	421
64.599	402
64.650	396
64.700	378
64.750	377
64.801	372
64.851	362
64.901	369
64.952	372
65.002	374
65.052	388
65.102	389
65.152	411
65.203	423
65.253	428
65.303	450
65.353	461
65.403	467
65.453	481
65.504	471
65.554	489
65.604	488
65.654	473
65.705	479
65.755	467
65.806	453
65.856	446
65.906	422
65.956	420
66.006	407
66.057	389
66.107	386
66.157	378
66.207	368
66.257	371
66.307	365
66.358	375
66.408	382
66.458	385
66.508	401
66.558	411
66.610	422
66.660	439
66.710	438
66.760	463
66.810	471
66.860	470
66.911	485
66.961	483
67.011	483
67.061	483
67.111	464
67.161	467
67.212	456
67.262	437
67.312	432
67.362	417
67.412	402
67.462	395
67.514	376
67.564	378
67.614	374
67.664	365
67.714	373
67.765	377
67.815	380
67.865	393
67.915	393
67.965	415
68.015	427
68.066	432
68.116	453
68.166	459
68.216	471
68.266	480
68.317	472
68.367	487
68.418	485
68.468	473
68.518	474
68.568	461
68.619	452
68.669	443
68.719	421
68.769	418
68.819	405
68.869	388
68.920	385
68.970	378
69.020	368
69.070	372
69.120	367
69.171	377
69.221	384
69.272	386
69.322	404
69.372	413
69.422	424
69.473	442
69.523	443
69.573	464
69.623	473
69.673	473
69.723	485
69.774	476
69.824	484
69.874	481
69.924	461
69.974	466
70.025	453
70.075	434
70.125	429
70.176	413
70.226	402
70.276	393
70.327	375
70.377	377
70.427	374
70.477	366
70.527	374
70.578	379
70.628	384
70.678	394
70.728	396
70.778	417
70.828	429
70.879	436
70.929	455
70.979	455
71.029	475
71.080	482
71.130	474
71.181	488
71.231	483
71.281	473
71.331	473
71.381	451
71.432	452
71.482	440
71.532	417
71.582	415
71.632	401
71.682	385
71.733	381
71.783	368
71.833	372
71.883	371
71.933	366
71.984	378
72.035	385
72.085	389
72.135	406
72.185	410
72.235	432
72.286	445
72.336	446
72.386	469
72.436	475
72.486	480
72.536	489
72.587	477
72.637	487
72.687	481
72.737	462
72.787	463
72.837	449
72.889	432
72.939	425
72.989	403
73.039	399
73.089	388
73.140	370
73.190	373
73.240	370
73.290	364
73.340	372
73.390	371
73.441	386
73.491	396
73.541	400
73.591	420
73.641	433
73.691	444
73.742	461
73.793	460
73.843	480
73.893	486
73.943	478
73.994	490
74.044	483
74.094	478
74.144	473
74.194	449
74.244	450
74.295	435
74.345	412
74.395	408
74.445	395
74.495	382
74.546	376
74.596	365
74.646	368
74.697	368
74.747	366
74.797	377
74.848	386
74.898	394
74.948	411
74.998	412
75.048	438
75.098	452
75.149	454
75.199	476
75.249	478
75.299	488
75.349	492
75.400	480
75.450	488
75.500	480
75.550	462
75.601	460
75.651	443
75.702	428
75.752	418
75.802	396
75.852	392
75.902	381
75.952	366
76.003	367
76.053	375
76.103	362
76.153	370
76.203	371
76.254	387
76.304	400
76.354	407
76.404	428
76.454	436
76.505	456
76.556	469
76.606	465
76.656	488
76.706	491
76.756	485
76.806	494
76.857	475
76.907	480
76.957	470
77.007	446
77.057	443
77.108	427
77.158	406
77.208	399
77.258	383
77.308	376
77.358	368
77.410	359
77.460	362
77.510	365
77.560	365
77.610	378
77.661	383
77.711	402
77.761	417
77.811	421
77.861	447
77.911	459
77.962	467
78.012	484
78.062	476
78.112	496
78.162	497
78.212	480
78.263	488
78.314	477
78.364	460
78.414	454
78.464	428
78.515	423
78.565	409
78.615	386
78.665	383
78.715	373
78.765	360
78.816	363
78.866	355
78.916	365
78.966	371
79.016	374
79.066	393
79.117	406
79.167	416
79.218	436
79.268	438
79.318	466
79.369	477
79.419	476
79.469	494
79.519	495
79.569	491
79.619	493
79.670	473
79.720	476
79.770	463
79.820	439
79.870	434
79.920	417
79.971	400
80.021	391
80.072	373
80.122	371
80.172	365
80.223	357
80.273	362
80.323	366
80.373	369
80.423	385
80.473	390
80.524	411
80.574	426
80.624	432
80.674	457
80.724	466
80.774	477
80.825	490
80.875	482
80.925	497
80.976	495
81.026	480
81.077	483
81.127	469
81.177	455
81.227	445
81.277	419
81.327	414
81.378	400
81.428	380
81.478	376
81.528	368
81.578	358
81.629	362
81.679	357
81.729	368
81.779	376
81.829	382
81.880	402
81.931	415
81.981	428
82.031	447
82.081	447
82.131	474
82.181	484
82.232	481
82.282	497
82.332	493
82.382	494
82.432	489
82.483	466
82.533	469
82.583	454
82.633	432
82.683	424
82.733	407
82.785	390
82.835	382
82.885	364
82.935	365
82.985	361
83.035	356
83.086	363
83.136	372
83.186	376
83.236	392
83.286	396
83.337	422
83.387	437
83.437	444
83.487	467
83.537	469
83.587	489
83.638	496
83.689	487
83.739	499
83.789	494
83.839	479
83.890	478
83.940	455
83.990	449
84.040	434
84.090	406
84.140	403
84.191	389
84.241	370
84.291	368
84.341	365
84.391	358
84.441	360
84.492	360
84.542	373
84.593	383
84.643	392
84.693	412
84.744	415
84.794	443
84.844	458
84.894	458
84.944	484
84.994	491
85.045	492
85.095	500
85.145	483
85.195	493
85.245	484
85.295	463
85.346	459
85.396	443
85.446	421
85.497	412
85.547	387
85.598	384
85.648	373
85.698	358
85.748	359
85.798	358
85.848	354
85.899	366
85.949	369
85.999	387
86.049	401
86.099	409
86.149	433
86.200	447
86.250	458
86.300	478
86.350	475
86.401	496
86.452	500
86.502	488
86.552	498
86.602	488
86.652	476
86.702	468
86.753	441
86.803	438
86.853	421
86.903	398
86.953	391
87.003	378
87.054	362
87.104	361
87.154	349
87.204	358
87.254	362
87.306	361
87.356	379
87.406	391
87.456	403
87.506	423
87.556	428
87.607	456
87.657	470
87.707	473
87.757	493
87.807	494
87.858	499
87.908	501
87.958	480
88.008	489
88.058	476
88.108	453
88.159	449
88.210	429
88.260	411
88.310	399
88.360	377
88.410	373
88.461	364
88.511	352
88.561	356
88.611	357
88.661	358
88.712	372
88.762	376
88.812	398
88.862	414
88.912	422
88.962	447
89.013	459
89.063	474
89.114	488
89.164	482
89.214	502
89.264	502
89.315	491
89.365	495
89.415	479
89.465	470
89.515	458
89.566	429
89.616	424
89.666	407
89.716	386
89.766	379
89.816	369
89.867	356
89.917	355
89.968	350
90.018	358
90.068	366
90.118	370
90.169	389
90.219	403
90.269	416
90.319	438
90.369	443
90.420	469
90.470	481
90.520	483
90.570	500
90.620	489
90.670	503
90.721	499
90.771	479
90.821	480
90.872	465
90.922	443
90.973	434
91.023	415
91.073	398
91.123	387
91.173	365
91.223	364
91.274	358
91.324	349
91.374	356
91.424	365
91.474	368
91.524	381
91.575	386
91.625	411
91.675	427
91.725	436
91.776	461
91.827	463
91.877	488
91.927	497
91.977	489
92.027	505
92.077	501
92.128	488
92.178	487
92.228	463
92.278	460
92.328	443
92.378	417
92.429	409
92.479	393
92.529	373
92.579	368
92.629	352
92.681	354
92.731	353
92.781	351
92.831	363
92.881	374
92.931	380
92.982	402
93.032	406
93.082	435
93.132	453
93.182	457
93.232	482
93.283	491
93.333	496
93.383	505
93.433	490
93.483	502
93.534	494
93.585	470
93.635	469
93.685	451
93.735	430
93.785	418
93.836	393
93.886	385
93.936	372
93.986	356
94.036	355
94.086	353
94.137	348
94.187	358
94.237	361
94.287	378
94.337	392
94.388	400
94.438	427
94.489	442
94.539	456
94.589	476
94.639	475
94.690	499
94.740	504
94.790	495
94.840	506
94.890	496
94.941	487
94.991	478
95.041	450
95.091	446
95.141	427
95.191	401
95.242	392
95.292	378
95.342	360
95.393	356
95.443	345
95.493	349
95.544	353
95.594	354
95.644	370
95.694	383
95.744	396
95.795	417
95.845	425
95.895	454
95.945	470
95.995	474
96.045	497
96.096	499
96.146	508
96.196	509
96.246	489
96.297	497
96.347	484
96.398	462
96.448	455
96.498	433
96.548	414
96.598	400
96.649	377
96.699	369
96.749	359
96.799	345
96.849	348
96.899	359
96.950	352
97.000	363
97.050	369
97.100	391
97.150	408
97.202	417
97.252	446
97.302	459
97.352	478
97.402	493
97.452	491
97.503	509
97.553	510
97.603	500
97.653	503
97.703	482
97.753	480
97.804	464
97.854	435
97.904	426
97.954	407
98.004	384
98.054	375
98.106	367
98.156	352
98.206	348
98.256	341
98.306	350
98.357	357
98.407	361
98.457	383
98.507	397
98.557	417
98.607	436
98.658	442
98.708	472
98.758	485
98.808	492
98.858	508
98.909	495
98.959	512
99.010	507
99.060	484
99.110	487
99.160	471
99.211	446
99.261	435
99.311	407
99.361	398
99.411	382
99.461	360
99.512	357
99.562	351
99.612	340
99.662	348
99.712	349
99.763	363
99.813	376
99.864	384
99.914	409
99.964	426
100.014	440
100.065	464
100.115	467
100.165	493
100.215	503
100.265	494
100.315	511
100.366	506
100.416	497
100.466	492
100.516	464
100.566	463
100.617	445
100.667	416
100.717	407
100.768	390
100.818	369
100.868	363
100.919	349
100.969	349
101.019	349
101.069	346
101.119	359
101.170	370
101.220	380
101.270	401
101.320	407
101.370	437
101.420	455
101.471	461
101.521	486
101.571	493
101.621	502
101.672	510
101.722	493
101.773	505
101.823	496
101.873	472
101.923	470
101.973	451
102.024	432
102.074	416
102.124	391
102.174	383
102.224	369
102.274	352
102.325	352
102.375	350
102.425	346
102.475	356
102.525	358
102.576	378
102.627	393
102.677	401
102.727	428
102.777	443
102.827	461
102.878	479
102.928	479
102.978	502
103.028	506
103.078	500
103.128	508
103.179	494
103.229	489
103.279	477
103.329	449
103.379	444
103.429	425
103.481	400
103.531	391
103.581	375
103.631	360
103.681	356
103.732	345
103.782	349
103.832	353
103.882	354
103.932	371
103.982	390
104.033	400
104.083	419
104.133	427
104.183	455
104.233	471
104.283	477
104.334	497
104.385	490
104.435	509
104.485	509
104.535	492
104.586	496
104.636	483
104.686	461
104.736	454
104.786	430
104.836	416
104.887	400
104.937	376
104.987	370
105.037	360
105.087	348
105.138	350
105.188	351
105.238	356
105.289	365
105.339	370
105.389	393
105.440	409
105.490	422
105.540	446
105.590	454
105.640	479
105.690	491
105.741	489
105.791	507
105.841	506
105.891	500
105.941	500
105.992	478
106.042	477
106.092	461
106.142	434
106.193	426
106.243	407
106.294	386
106.344	377
106.394	357
106.444	356
106.494	352
106.544	344
106.595	354
106.645	361
106.695	366
106.745	386
106.795	394
106.846	418
106.896	436
106.946	442
106.996	471
107.046	482
107.097	489
107.148	504
107.198	496
107.248	508
107.298	504
107.348	483
107.398	484
107.449	467
107.499	449
107.549	435
107.599	407
107.649	400
107.700	384
107.750	365
107.800	360
107.850	354
107.900	346
107.950	352
108.002	350
108.052	365
108.102	378
108.152	384
108.202	410
108.253	426
108.303	441
108.353	463
108.403	465
108.453	491
108.503	500
108.554	494
108.604	509
108.654	502
108.704	498
108.754	491
108.804	463
108.855	462
108.906	444
108.956	416
109.006	408
109.056	391
109.107	372
109.157	365
109.207	351
109.257	351
109.307	350
109.357	347
109.408	360
109.458	371
109.508	380
109.558	401
109.608	408
109.658	436
109.709	453
109.759	460
109.810	484
109.860	490
109.910	501
109.961	507
110.011	495
110.061	503
110.111	495
110.161	475
110.211	469
110.262	450
110.312	433
110.362	418
110.412	391
110.462	385
110.512	372
110.563	355
110.613	354
110.664	351
110.714	348
110.764	357
110.815	360
110.865	378
110.915	393
110.965	400
111.015	426
111.065	441
111.116	460
111.166	476
111.216	475
111.266	499
111.316	503
111.366	498
111.417	506
111.467	486
111.517	490
111.568	477
111.618	453
111.669	446
111.719	427
111.769	404
111.819	394
111.869	383
111.919	365
111.970	359
112.020	348
112.070	352
112.120	355
112.170	355
112.221	372
112.271	383
112.321	400
112.371	417
112.421	423
112.472	452
112.523	466
112.573	473
112.623	493
112.673	487
112.723	506
112.773	506
112.824	491
112.874	495
112.924	481
112.974	463
113.024	455
113.075	427
113.125	420
113.175	403
113.225	380
113.275	375
113.325	363
113.377	352
113.427	353
113.477	349
113.527	358
113.577	367
113.627	370
113.678	392
113.728	407
113.778	418
113.828	442
113.878	444
113.929	473
113.979	486
114.029	481
114.079	502
114.129	503
114.179	497
114.230	498
114.281	476
114.331	477
114.381	463
114.431	436
114.482	430
114.532	412
114.582	392
114.632	382
114.682	363
114.732	362
114.783	357
114.833	348
114.883	357
114.933	362
114.983	368
115.033	385
115.084	392
115.134	415
115.185	432
115.235	439
115.285	465
115.336	477
115.386	485
115.436	499
115.486	488
115.536	505
115.586	500
115.637	482
115.687	484
115.737	468
115.787	452
115.837	440
115.887	414
115.938	406
115.988	390
116.038	371
116.089	367
116.139	359
116.190	352
116.240	355
116.290	352
116.340	366
116.390	377
116.440	384
116.491	405
116.541	421
116.591	436
116.641	456
116.691	459
116.741	484
116.792	494
116.842	491
116.892	504
116.942	497
116.993	497
117.044	490
117.094	466
117.144	465
117.194	449
117.244	424
117.294	415
117.345	397
117.395	380
117.445	372
117.495	356
117.545	357
117.595	354
117.646	350
117.696	361
117.746	375
117.796	380
117.846	396
117.898	402
117.948	429
117.998	446
118.048	453
118.098	477
118.148	475
118.199	497
118.249	503
118.299	489
118.349	502
118.399	494
118.450	479
118.500	473
118.550	452
118.600	441
118.650	425
118.700	399
118.751	393
118.802	379
118.852	362
118.902	360
118.952	359
119.002	352
119.053	359
119.103	359
119.153	375
119.203	388
119.253	396
119.304	420
119.354	431
119.404	453
119.454	469
119.504	468
119.554	492
119.605	497
119.655	497
119.706	503
119.756	485
119.806	491
119.856	480
119.907	453
119.957	451
120.007	433
120.057	410
120.107	402
120.158	383
120.208	374
120.258	365
120.308	353
120.358	356
120.408	357
120.459	356
120.509	370
120.560	375
120.610	395
120.660	410
120.710	416
120.761	443
120.811	457
120.861	466
120.911	486
120.961	480
121.012	501
121.062	502
121.112	489
121.162	495
121.212	484
121.262	469
121.313	460
121.363	432
121.413	428
121.464	411
121.514	388
121.565	383
121.615	371
121.665	357
121.715	358
121.765	350
121.815	359
121.866	365
121.916	366
121.966	387
122.016	401
122.066	411
122.116	433
122.167	439
122.217	465
122.267	478
122.317	478
122.368	497
122.419	497
122.469	497
122.519	498
122.569	480
122.619	481
122.669	468
122.720	444
122.770	438
122.820	419
122.870	400
122.920	391
122.970	371
123.021	368
123.071	362
123.121	352
123.171	358
123.221	363
123.273	365
123.323	380
123.373	384
123.423	408
123.473	423
123.523	430
123.574	455
123.624	465
123.674	479
123.724	492
123.774	484
123.824	500
123.875	498
123.925	484
123.975	487
124.025	472
124.075	460
124.126	448
124.177	421
124.227	416
124.277	401
124.327	380
124.377	376
124.428	367
124.478	356
124.528	360
124.578	354
124.628	367
124.678	375
124.729	380
124.779	399
124.829	413
124.879	426
124.929	445
124.980	448
125.030	473
125.081	482
125.131	483
125.181	497
125.231	488
125.282	496
125.332	491
125.382	468
125.432	471
125.482	455
125.533	434
125.583	427
125.633	409
125.683	395
125.733	385
125.783	367
125.834	367
125.884	363
125.934	356
125.985	364
126.035	374
126.085	378
126.136	391
126.186	397
126.236	419
126.286	433
126.336	441
126.387	463
126.437	463
126.487	485
126.537	491
126.587	481
126.637	496
126.688	490
126.738	479
126.788	476
126.838	455
126.889	452
126.939	437
126.990	412
127.040	407
127.090	394
127.140	378
127.190	374
127.241	360
127.291	364
127.341	365
127.391	361
127.441	374
127.491	383
127.542	390
127.592	409
127.642	416
127.692	438
127.742	451
127.794	454
127.844	477
127.894	483
127.944	484
127.994	494
128.044	479
128.095	489
128.145	482
128.195	460
128.245	460
128.295	445
128.345	427
128.396	419
128.446	394
128.496	392
128.546	382
128.596	366
128.646	368
128.698	366
128.748	363
128.798	371
128.848	372
128.898	388
128.949	400
128.999	406
129.049	428
129.099	439
129.149	450
129.199	467
129.250	464
129.300	487
129.350	490
129.400	480
129.450	492
129.501	483
129.551	476
129.602	469
129.652	444
129.702	443
129.752	429
129.803	405
129.853	401
129.903	389
129.953	374
130.003	371
130.053	360
130.104	366
130.154	368
130.204	365
130.254	380
130.304	391
130.355	398
130.405	417
130.456	421
130.506	446
130.556	459
130.606	462
130.657	481
130.707	484
130.757	489
130.807	494
130.857	477
130.907	486
130.958	477
131.008	458
131.058	454
131.108	437
131.158	421
131.209	411
131.259	388
131.309	385
131.360	375
131.410	362
131.460	365
131.511	363
131.561	363
131.611	374
131.661	375
131.711	393
131.762	406
131.812	413
131.862	435
131.912	446
131.962	460
132.012	475
132.063	471
132.113	492
132.163	493
132.213	486
132.264	492
132.314	478
132.365	475
132.415	464
132.465	439
132.515	435
132.565	420
132.616	399
132.666	392
132.716	383
132.766	369
132.816	365
132.866	355
132.917	364
132.967	367
133.017	369
133.067	384
133.117	395
133.168	409
133.219	425
133.269	430
133.319	455
133.369	468
133.419	471
133.470	490
133.520	479
133.570	498
133.620	496
133.670	479
133.720	484
133.771	471
133.821	453
133.871	446
133.921	419
133.971	415
134.021	400
134.073	380
134.123	376
134.173	367
134.223	357
134.273	361
134.324	356
134.374	368
134.424	376
134.474	379
134.524	400
134.574	414
134.625	424
134.675	446
134.725	449
134.775	475
134.825	485
134.875	482
134.926	499
134.977	496
135.027	491
135.077	491
135.127	468
135.178	470
135.228	456
135.278	432
135.328	425
135.378	408
135.428	389
135.479	382
135.529	364
135.579	363
135.629	359
135.679	352
135.730	362
135.780	369
135.830	374
135.881	391
135.931	396
135.981	421
136.032	437
136.082	444
136.132	468
136.182	478
136.232	487
136.282	498
136.333	489
136.383	501
136.433	497
136.483	479
136.533	479
136.584	462
136.634	446
136.684	434
136.734	407
136.785	401
136.835	387
136.886	368
136.936	364
136.986	359
137.036	352
137.086	357
137.136	355
137.187	370
137.237	381
137.287	389
137.337	411
137.387	425
137.438	442
137.488	461
137.538	461
137.588	488
137.638	496
137.689	491
137.740	504
137.790	497
137.840	494
137.890	487
137.940	462
137.990	460
138.041	443
138.091	418
138.141	410
138.191	393
138.241	376
138.292	369
138.342	354
138.392	356
138.442	355
138.492	352
138.542	364
138.594	374
138.644	384
138.694	402
138.744	410
138.794	435
138.845	451
138.895	458
138.945	482
138.995	484
139.045	500
139.095	504
139.146	489
139.196	501
139.246	492
139.296	473
139.346	469
139.396	445
139.447	435
139.498	420
139.548	396
139.598	388
139.648	375
139.699	360
139.749	358
139.799	359
139.849	353
139.899	359
139.949	361
140.000	379
140.050	392
140.100	402
140.150	426
140.200	431
140.250	459
140.301	474
140.351	471
140.402	496
140.452	500
140.502	496
140.553	503
140.603	484
140.653	489
140.703	477
140.753	449
140.803	446
140.854	428
140.904	407
140.954	396
141.004	375
141.054	371
141.104	362
141.155	350
141.205	355
141.256	357
141.306	358
141.356	373
141.407	378
141.457	400
141.507	416
141.557	424
141.607	450
141.657	463
141.708	471
141.758	490
141.808	483
141.858	503
141.908	503
141.958	489
142.009	494
142.059	481
142.109	465
142.160	456
142.210	426
142.261	422
142.311	406
142.361	383
142.411	378
142.461	367
142.511	354
142.562	356
142.612	349
142.662	360
142.712	367
142.762	370
142.813	391
142.863	405
142.913	417
142.963	440
143.013	445
143.064	471
143.115	483
143.165	481
143.215	501
143.265	500
143.315	497
143.365	498
143.416	479
143.466	478
143.516	463
143.566	437
143.616	432
143.667	413
143.717	394
143.767	384
143.817	364
143.867	363
143.917	357
143.969	349
144.019	357
144.069	363
144.119	368
144.169	384
144.219	389
144.270	414
144.320	430
144.370	436
144.420	463
144.470	473
144.521	486
144.571	498
144.621	489
144.671	504
144.721	501
144.771	484
144.822	486
144.873	469
144.923	455
144.973	442
145.023	414
145.074	408
145.124	392
145.174	372
145.224	368
145.274	361
145.324	352
145.375	355
145.425	353
145.475	366
145.525	376
145.575	382
145.625	404
145.676	418
145.726	434
145.777	454
145.827	455
145.877	483
145.928	493
145.978	492
146.028	504
146.078	496
146.128	499
146.178	492
146.229	467
146.279	467
146.329	451
146.379	427
146.429	418
146.479	401
146.530	384
146.580	374
146.630	356
146.681	358
146.731	355
146.782	352
146.832	362
146.882	373
146.932	379
146.982	395
147.032	402
147.083	428
147.133	443
147.183	452
147.233	475
147.283	473
147.333	496
147.384	501
147.434	488
147.484	502
147.534	494
147.585	480
147.636	475
147.686	447
147.736	444
147.786	428
147.836	400
147.886	395
147.937	381
147.987	364
148.037	362
148.087	351
148.137	356
148.187	359
148.238	359
148.288	375
148.338	387
148.388	398
148.438	418
148.490	422
148.540	451
148.590	466
148.640	467
148.690	490
148.740	496
148.791	496
148.841	502
148.891	483
148.941	493
148.991	481
149.042	459
149.092	454
149.142	435
149.192	416
149.242	405
149.292	381
149.343	378
149.394	368
149.444	353
149.494	358
149.544	358
149.594	356
149.645	370
149.695	374
149.745	393
149.795	408
149.845	415
149.896	441
149.946	454
149.996	466
150.046	483
150.096	478
150.146	498
150.197	500
150.247	487
150.298	495
150.348	484
150.398	472
150.448	462
150.499	434
150.549	431
150.599	415
150.649	391
150.699	387
150.750	375
150.800	362
150.850	361
150.900	353
150.950	361
151.000	366
151.051	368
151.101	386
151.152	399
151.202	410
151.252	430
151.302	433
151.353	461
151.403	473
151.453	474
151.503	493
151.553	493
151.604	496
151.654	497
151.704	475
151.754	482
151.804	469
151.854	445
151.905	441
151.955	423
152.005	406
152.056	397
152.106	377
152.157	373
152.207	365
152.257	356
152.307	361
152.357	365
152.407	366
152.458	380
152.508	383
152.558	405
152.608	419
152.658	427
152.708	451
152.759	459
152.809	475
152.859	486
152.909	478
152.960	497
153.011	495
153.061	482
153.111	487
153.161	471
153.211	461
153.261	451
153.312	425
153.362	421
153.412	407
153.462	387
153.512	382
153.562	377
153.613	363
153.663	363
153.713	358
153.763	367
153.813	375
153.865	378
153.915	396
153.965	407
154.015	424
154.065	439
154.115	442
154.166	467
154.216	477
154.266	480
154.316	493
154.366	482
154.416	493
154.467	490
154.517	471
154.567	472
154.617	458
154.667	439
154.718	432
154.769	413
154.819	402
154.869	391
154.919	372
154.969	372
155.020	367
155.070	359
155.120	366
155.170	365
155.220	378
155.270	389
155.321	392
155.371	415
155.421	427
155.471	438
155.521	457
155.572	456
155.622	480
155.673	487
155.723	478
155.773	494
155.823	490
155.874	481
155.924	479
155.974	453
156.024	456
156.074	442
156.125	418
156.175	413
156.225	399
156.275	384
156.325	379
156.375	366
156.426	367
156.476	366
156.526	362
156.577	373
156.627	381
156.677	386
156.728	404
156.778	408
156.828	432
156.878	446
156.928	450
156.979	472
157.029	479
157.079	484
157.129	493
157.179	476
157.229	491
157.280	484
157.330	467
157.380	465
157.430	450
157.481	434
157.531	424
157.582	402
157.632	397
157.682	386
157.732	369
157.782	370
157.833	367
157.883	362
157.933	370
157.983	368
158.033	384
158.083	395
158.134	400
158.184	422
158.234	433
158.284	448
158.334	463
158.386	461
158.436	484
158.486	489
158.536	485
158.586	493
158.636	485
158.687	480
158.737	474
158.787	450
158.837	449
158.887	435
158.937	412
158.988	407
159.038	393
159.088	380
159.138	374
159.188	361
159.238	366
159.290	366
159.340	365
159.390	377
159.440	383
159.490	394
159.541	411
159.591	414
159.641	440
159.691	454
159.741	459
159.791	478
159.842	480
159.892	491
159.942	494
159.992	481
160.042	489
160.093	481
160.143	464
160.194	460
160.244	443
160.294	428
160.344	417
160.395	393
160.445	390
160.495	380
160.545	367
160.595	367
160.645	370
160.696	362
160.746	371
160.796	370
160.846	389
160.896	401
160.947	409
160.997	429
161.048	439
161.098	456
161.148	470
161.198	468
161.249	488
161.299	491
161.349	485
161.399	493
161.449	474
161.499	478
161.550	468
161.600	443
161.650	442
161.700	427
161.750	405
161.801	399
161.851	383
161.901	377
161.952	371
162.002	360
162.052	365
162.103	367
162.153	366
162.203	381
162.253	387
162.303	405
162.354	418
162.404	425
162.454	447
162.504	459
162.554	465
162.604	482
162.655	476
162.705	494
162.755	494
162.805	478
162.856	485
162.906	474
162.957	458
163.007	453
163.057	425
163.107	424
163.157	409
163.208	389
163.258	385
163.308	375
163.358	363
163.408	366
163.458	358
163.509	369
163.559	375
163.609	378
163.659	395
163.709	407
163.760	416
163.811	436
163.861	438
163.911	463
163.961	475
164.011	474
164.062	490
164.112	489
164.162	488
164.212	489
164.262	468
164.312	474
164.363	462
164.413	440
164.463	435
164.513	419
164.563	403
164.613	394
164.665	376
164.715	375
164.765	370
164.815	361
164.865	367
164.916	371
164.966	373
165.016	387
165.066	390
165.116	412
165.166	425
165.217	431
165.267	453
165.317	462
165.367	473
165.417	484
165.467	476
165.518	492
165.569	490
165.619	477
165.669	480
165.719	467
165.770	456
165.820	446
165.870	423
165.920	418
165.970	404
166.020	385
166.071	383
166.121	375
166.171	366
166.221	368
166.271	362
166.322	373
166.372	381
166.422	384
166.473	401
166.523	412
166.573	425
166.624	442
166.674	446
166.724	467
166.774	476
166.824	474
166.874	489
166.925	481
166.975	488
167.025	484
167.075	464
167.125	468
167.176	455
167.226	436
167.276	429
167.326	413
167.377	400
167.427	392
167.478	376
167.528	375
167.578	372
167.628	364
167.678	372
167.728	379
167.779	384
167.829	394
167.879	395
167.929	418
167.979	429
168.030	436
168.080	456
168.130	457
168.180	476
168.230	483
168.281	472
168.332	488
168.382	485
168.432	474
168.482	474
168.532	455
168.582	453
168.633	440
168.683	417
168.733	415
168.783	402
168.833	386
168.884	383
168.934	368
168.984	374
169.034	373
169.084	368
169.134	379
169.186	386
169.236	391
169.286	407
169.336	409
169.386	432
169.437	445
169.487	446
169.537	466
169.587	472
169.637	474
169.687	485
169.738	470
169.788	484
169.838	478
169.888	461
169.938	462
169.988	450
170.039	433
170.090	427
170.140	403
170.190	403
170.240	393
170.291	377
170.341	379
170.391	375
170.441	370
170.491	377
170.541	375
170.592	389
170.642	398
170.692	400
170.742	421
170.792	431
170.842	438
170.893	456
170.943	452
170.994	474
171.044	480
171.094	472
171.145	484
171.195	479
171.245	472
171.295	469
171.345	450
171.395	450
171.446	438
171.496	417
171.546	415
171.596	402
171.646	390
171.696	386
171.747	372
171.797	378
171.848	377
171.898	372
171.948	384
171.999	389
172.049	395
172.099	409
172.149	410
172.199	432
172.249	443
172.300	445
172.350	464
172.400	469
172.450	475
172.500	482
172.550	466
172.601	479
172.651	474
172.701	459
172.752	460
172.802	446
172.853	434
172.903	427
172.953	407
173.003	405
173.053	395
173.103	384
173.154	384
173.204	379
173.254	376
173.304	381
173.354	378
173.405	391
173.455	399
173.505	403
173.555	420
173.605	428
173.656	440
173.707	453
173.757	450
173.807	470
173.857	475
173.907	469
173.957	480
174.008	473
174.058	470
174.108	468
174.158	448
174.208	450
174.259	438
174.309	420
174.359	417
174.409	406
174.459	396
174.509	390
174.561	376
174.611	381
174.661	381
174.711	377
174.761	386
174.811	393
174.862	398
174.912	409
174.962	410
175.012	430
175.062	441
175.113	444
175.163	461
175.213	459
175.263	474
175.313	478
175.363	467
175.414	477
175.465	472
175.515	460
175.565	460
175.615	443
175.666	440
175.716	429
175.766	408
175.816	408
175.866	399
175.916	386
175.967	386
176.017	379
176.067	381
176.117	382
176.167	377
176.217	391
176.268	398
176.318	402
176.369	418
176.419	419
176.469	440
176.520	450
176.570	448
176.620	467
176.670	471
176.720	470
176.770	479
176.821	462
176.871	474
176.921	468
176.971	450
177.021	452
177.071	440
177.122	426
177.172	420
177.222	400
177.273	400
177.323	393
177.374	379
177.424	383
177.474	381
177.524	378
177.574	385
177.624	385
177.675	398
177.725	407
177.775	410
177.825	427
177.875	436
177.925	444
177.976	458
178.026	455
178.076	472
178.126	475
178.177	468
178.228	477
178.278	472
178.328	464
178.378	462
178.428	440
178.478	443
178.529	432
178.579	413
178.629	412
178.679	401
178.729	391
178.779	388
178.830	377
178.880	382
178.930	382
178.980	378
179.030	390
179.082	396
179.132	400
179.182	415
179.232	415
179.282	436
179.332	445
179.383	445
179.433	463
179.483	466
179.533	472
179.583	477
179.634	464
179.684	474
179.734	468
179.784	453
179.834	454
179.884	441
179.935	432
179.986	424
180.036	403
180.086	405
180.136	396
180.186	384
180.237	385
180.287	383
180.337	378
180.387	385
180.437	381
180.488	396
180.538	403
180.588	405
180.638	423
180.688	431
180.738	442
180.789	453
180.839	448
180.890	469
180.940	473
180.990	465
181.040	476
181.091	470
181.141	468
181.191	464
181.241	443
181.291	447
181.342	436
181.392	420
181.442	417
181.492	409
181.542	396
181.592	392
181.643	378
181.693	384
181.744	383
181.794	380
181.844	389
181.894	395
181.945	400
181.995	411
182.045	411
182.095	431
182.145	441
182.196	442
182.246	460
182.296	457
182.346	472
182.396	475
182.446	466
182.497	475
182.547	470
182.597	458
182.648	458
182.698	441
182.749	438
182.799	429
182.849	408
182.899	409
182.949	399
182.999	387
183.050	387
183.100	383
183.150	382
183.200	384
183.250	379
183.300	393
183.351	400
183.401	402
183.451	419
183.501	419
183.552	440
183.603	449
183.653	446
183.703	466
183.753	469
183.803	468
183.853	477
183.904	463
183.954	472
184.004	467
184.054	449
184.104	452
184.154	440
184.205	425
184.255	420
184.305	402
184.355	401
184.405	394
184.457	380
184.507	384
184.557	382
184.607	377
184.657	385
184.707	383
184.758	399
184.808	407
184.858	408
184.908	427
184.958	435
185.008	442
185.059	458
185.109	452
185.159	473
185.209	476
185.259	468
185.310	477
185.361	472
185.411	465
185.461	462
185.511	440
185.561	444
185.612	432
185.662	412
185.712	411
185.762	401
185.812	389
185.862	387
185.913	375
185.963	380
186.013	381
186.063	378
186.113	389
186.164	395
186.214	400
186.265	414
186.315	416
186.365	436
186.415	447
186.466	448
186.516	466
186.566	467
186.616	474
186.666	480
186.717	469
186.767	476
186.817	470
186.867	456
186.917	455
186.967	441
187.018	432
187.068	423
187.118	402
187.169	403
187.219	394
187.269	382
187.320	383
187.370	379
187.420	377
187.470	383
187.520	382
187.571	394
187.621	403
187.671	406
187.721	425
187.771	433
187.821	445
187.872	456
187.922	454
187.972	472
188.022	476
188.073	470
188.123	479
188.174	470
188.224	471
188.274	465
188.324	446
188.374	447
188.425	434
188.475	416
188.525	414
188.575	403
188.625	393
188.675	387
188.726	376
188.776	380
188.826	379
188.876	376
188.926	387
188.978	394
189.028	401
189.078	412
189.128	413
189.178	434
189.228	443
189.279	448
189.329	465
189.379	463
189.429	477
189.479	480
189.529	468
189.580	478
189.630	472
189.680	460
189.730	458
189.780	437
189.830	437
189.882	425
189.932	406
189.982	404
190.032	395
190.082	384
190.133	382
190.183	373
190.233	379
190.283	381
190.333	377
190.383	392
190.434	400
190.484	404
190.534	422
190.584	424
190.634	445
190.685	455
190.735	454
190.786	472
190.836	475
190.886	472
190.936	481
190.987	466
191.037	474
191.087	467
191.137	448
191.187	449
191.237	436
191.288	420
191.338	415
191.388	395
191.438	395
191.488	387
191.539	373
191.589	379
191.640	378
191.690	375
191.740	385
191.790	383
191.841	400
191.891	410
191.941	414
191.991	433
192.041	442
192.091	449
192.142	464
192.192	458
192.242	478
192.292	481
192.342	470
192.393	479
192.443	472
192.493	464
192.544	460
192.594	437
192.644	438
192.695	426
192.745	404
192.795	404
192.845	394
192.895	384
192.946	382
192.996	372
193.046	378
193.096	380
193.146	377
193.196	392
193.247	399
193.297	405
193.347	421
193.397	422
193.448	443
193.498	454
193.549	455
193.599	472
193.649	474
193.699	478
193.749	481
193.800	467
193.850	475
193.900	468
193.950	449
194.000	450
194.050	435
194.101	424
194.151	415
194.201	397
194.251	396
194.301	388
194.352	375
194.403	379
194.453	378
194.503	376
194.553	384
194.603	384
194.654	399
194.704	409
194.754	413
194.804	432
194.854	440
194.904	452
194.955	463
195.005	460
195.055	477
195.105	479
195.155	472
195.205	479
195.257	468
195.307	467
195.357	460
195.407	438
195.457	439
195.508	428
195.558	409
195.608	406
195.658	397
195.708	386
195.758	383
195.809	373
195.859	379
195.909	381
195.959	380
196.009	391
196.059	399
196.110	408
196.161	419
196.211	420
196.261	442
196.311	451
196.362	454
196.412	470
196.462	463
196.512	478
196.562	479
196.612	468
196.663	475
196.713	466
196.763	454
196.813	451
196.863	429
196.914	429
196.964	418
197.014	397
197.065	398
197.115	390
197.165	380
197.216	382
197.266	375
197.316	381
197.366	385
197.416	384
197.466	399
197.517	408
197.567	413
197.617	429
197.667	429
197.717	451
197.768	460
197.818	457
197.868	474
197.918	475
197.969	472
198.019	477
198.070	460
198.120	469
198.170	461
198.220	442
198.270	442
198.320	429
198.371	414
198.421	409
198.471	390
198.521	392
198.571	386
198.622	374
198.672	381
198.722	381
198.772	380
198.822	391
198.873	390
198.924	407
198.974	417
199.024	421
199.074	439
199.124	447
199.174	455
199.225	467
199.275	460
199.325	478
199.375	478
199.425	466
199.476	475
199.526	466
199.576	458
199.626	453
199.676	432
199.726	433
199.778	421
199.828	402
199.878	401
199.928	392
199.978	384
200.029	383
200.079	373
200.129	382
200.179	385
200.229	384
200.279	397
200.330	405
200.380	412
200.430	427
200.480	427
200.530	448
200.580	458
200.631	458
200.682	473
200.732	474
200.782	477
200.832	480
200.883	466
200.933	472
200.983	463
201.033	444
201.083	444
201.133	431
201.184	418
201.234	411
201.284	391
201.334	393
201.384	386
201.434	375
201.485	379
201.535	381
201.586	380
201.636	388
201.686	388
201.737	404
201.787	415
201.837	419
201.887	437
201.937	443
201.987	456
202.038	467
202.088	463
202.138	478
202.188	479
202.238	473
202.288	478
202.339	463
202.389	464
202.440	456
202.490	431
202.540	434
202.591	422
202.641	404
202.691	401
202.741	383
202.791	384
202.841	381
202.892	371
202.942	379
202.992	381
203.042	380
203.092	394
203.142	402
203.193	412
203.243	425
203.293	427
203.344	448
203.394	456
203.445	460
203.495	474
203.545	467
203.595	481
203.645	481
203.695	464
203.746	473
203.796	464
203.846	450
203.896	447
203.946	427
203.997	423
204.047	412
204.097	394
204.147	392
204.197	385
204.248	374
204.299	379
204.349	371
204.399	381
204.449	386
204.499	388
204.549	403
204.600	412
204.650	418
204.700	436
204.750	437
204.800	458
204.851	466
204.901	461
204.951	479
205.001	478
205.051	476
205.101	479
205.153	460
205.203	466
205.253	457
205.303	436
205.353	435
205.403	422
205.454	406
205.504	402
205.554	384
205.604	386
205.654	381
205.705	371
205.755	379
205.805	382
205.855	384
205.905	394
205.955	392
206.006	412
206.057	423
206.107	425
206.157	446
206.207	454
206.258	460
206.308	473
206.358	463
206.408	480
206.458	480
206.508	468
206.559	473
206.609	463
206.659	452
206.709	447
206.759	426
206.809	425
206.860	413
206.910	396
206.961	395
207.011	387
207.061	378
207.112	380
207.162	373
207.212	383
207.262	387
207.312	385
207.362	402
207.413	411
207.463	418
207.513	434
207.563	435
207.613	455
207.663	463
207.714	460
207.764	475
207.814	474
207.865	476
207.915	477
207.966	458
208.016	465
208.066	457
208.116	439
208.166	437
208.216	424
208.267	412
208.317	405
208.367	389
208.417	390
208.467	386
208.517	376
208.568	381
208.618	383
208.668	385
208.718	394
208.769	393
208.820	411
208.870	421
208.920	424
208.970	443
209.020	449
209.070	460
209.121	468
209.171	460
209.221	476
209.271	476
209.321	466
209.371	471
209.422	456
209.472	457
209.522	449
209.572	428
209.622	428
209.674	417
209.724	400
209.774	400
209.824	393
209.874	388
209.924	385
209.975	376
210.025	385
210.075	389
210.125	387
210.175	402
210.226	407
210.276	420
210.326	429
210.376	431
210.426	449
210.476	456
210.527	458
210.578	471
210.628	463
210.678	475
210.728	474
210.778	459
210.829	465
210.879	457
210.929	444
210.979	441
211.029	421
211.080	421
211.130	413
211.180	394
211.230	396
211.280	390
211.330	382
211.381	384
211.431	380
211.482	389
211.532	393
211.582	392
211.632	408
211.683	417
211.733	421
211.783	437
211.833	433
211.883	455
211.934	462
211.984	458
212.034	472
212.084	472
212.134	466
212.184	471
212.235	455
212.285	460
212.336	453
212.386	434
212.436	434
212.486	423
212.537	409
212.587	406
212.637	389
212.687	392
212.737	388
212.788	378
212.838	386
212.888	388
212.938	387
212.988	398
213.038	398
213.089	414
213.139	424
213.189	424
213.240	443
213.290	450
213.341	454
213.391	467
213.441	456
213.491	474
213.541	473
213.591	462
213.642	468
213.692	460
213.742	450
213.792	446
213.842	427
213.892	428
213.943	418
213.993	401
214.043	401
214.093	395
214.144	385
214.195	387
214.245	379
214.295	388
214.345	391
214.395	389
214.445	403
214.496	410
214.546	416
214.596	430
214.646	430
214.696	449
214.746	456
214.797	454
214.847	469
214.897	467
214.947	469
214.997	472
215.049	457
215.099	464
215.149	456
215.199	440
215.249	441
215.299	428
215.350	418
215.400	413
215.450	396
215.500	398
215.550	392
215.600	384
215.651	388
215.701	387
215.751	385
215.801	395
215.851	393
215.902	409
215.953	417
216.003	418
216.053	436
216.103	441
216.153	450
216.204	459
216.254	453
216.304	469
216.354	470
216.404	463
216.454	469
216.505	457
216.555	458
216.605	452
216.655	433
216.705	435
216.756	425
216.806	410
216.857	409
216.907	402
216.957	395
217.007	392
217.058	382
217.108	390
217.158	391
217.208	389
217.258	400
217.309	405
217.359	413
217.409	422
217.459	422
217.509	440
217.559	446
217.610	448
217.660	461
217.710	455
217.761	468
217.811	469
217.861	461
217.912	465
217.962	459
218.012	448
218.062	447
218.112	427
218.163	431
218.213	422
218.263	406
218.313	407
218.363	401
218.413	390
218.464	393
218.514	383
218.564	392
218.614	394
218.665	390
218.715	404
218.766	410
218.816	412
218.866	426
218.916	427
218.966	443
219.017	449
219.067	446
219.117	461
219.167	463
219.217	461
219.267	467
219.318	453
219.368	462
219.418	457
219.468	442
219.518	444
219.570	434
219.620	422
219.670	420
219.720	402
219.770	406
219.820	401
219.871	390
219.921	395
219.971	393
220.021	390
220.071	397
220.121	394
220.172	407
220.222	413
220.272	413
220.322	428
220.372	434
220.422	439
220.474	450
220.524	443
220.574	461
220.624	463
220.674	457
220.725	465
220.775	461
220.825	456
220.875	454
220.925	437
220.975	442
221.026	433
221.076	418
221.126	419
221.176	410
221.226	402
221.277	401
221.327	389
221.378	396
221.428	395
221.478	389
221.528	399
221.579	403
221.629	404
221.679	415
221.729	414
221.779	430
221.829	437
221.880	433
221.930	451
221.980	453
222.030	457
222.080	463
222.131	455
222.181	464
222.232	461
222.282	448
222.332	453
222.382	443
222.433	437
222.483	433
222.533	413
222.583	418
222.633	411
222.683	399
222.734	401
222.784	396
222.834	392
222.884	396
222.934	388
222.985	400
223.035	404
223.085	403
223.136	416
223.186	421
223.236	426
223.287	438
223.337	433
223.387	452
223.437	456
223.487	451
223.538	464
223.588	455
223.638	463
223.688	462
223.738	447
223.788	453
223.839	446
223.889	432
223.939	431
223.989	421
224.040	416
224.090	410
224.141	396
224.191	400
224.241	396
224.291	388
224.341	395
224.392	395
224.442	398
224.492	404
224.542	403
224.592	418
224.642	424
224.693	426
224.743	440
224.793	435
224.843	454
224.893	459
224.944	453
224.995	466
225.045	464
225.095	459
225.145	462
225.195	445
225.246	453
225.296	446
225.346	429
225.396	430
225.446	420
225.496	408
225.547	407
225.597	391
225.647	397
225.697	394
225.747	384
225.797	393
225.849	395
225.899	394
225.949	405
225.999	401
226.049	419
226.100	426
226.150	426
226.200	444
226.250	449
226.300	452
226.350	463
226.401	452
226.451	469
226.501	468
226.551	458
226.601	463
226.651	456
226.702	446
226.753	443
226.803	424
226.853	427
226.903	418
226.954	402
227.004	403
227.054	397
227.104	389
227.154	392
227.204	384
227.255	392
227.305	395
227.355	394
227.405	406
227.455	411
227.506	417
227.556	430
227.606	428
227.657	447
227.707	454
227.757	451
227.808	466
227.858	466
227.908	466
227.958	469
228.008	453
228.058	463
228.109	455
228.159	438
228.209	440
228.259	429
228.309	419
228.360	415
228.410	398
228.460	400
228.510	394
228.561	385
228.611	390
228.662	390
228.712	388
228.762	397
228.812	395
228.862	409
228.912	417
228.963	419
229.013	435
229.063	440
229.113	448
229.163	459
229.214	452
229.264	468
229.314	469
229.364	460
229.414	469
229.465	461
229.516	457
229.566	453
229.616	433
229.666	436
229.716	427
229.766	411
229.817	410
229.867	403
229.917	394
229.967	392
230.017	381
230.068	389
230.118	390
230.168	388
230.218	399
230.268	405
230.318	412
230.370	421
230.420	420
230.470	439
230.520	446
230.570	446
230.621	462
230.671	457
230.721	468
230.771	470
230.821	458
230.871	467
230.922	461
230.972	448
231.022	449
231.072	431
231.122	431
231.172	422
231.223	405
231.274	406
231.324	399
231.374	388
231.424	392
231.475	383
231.525	388
231.575	392
231.625	389
231.675	402
231.725	409
231.776	410
231.826	426
231.876	423
231.926	443
231.976	451
232.026	445
232.077	464
232.127	466
232.178	463
232.228	470
232.278	457
232.329	465
232.379	458
232.429	442
232.479	445
232.529	435
232.579	422
232.630	419
232.680	401
232.730	404
232.780	398
232.830	384
232.880	390
232.931	390
232.981	388
233.032	394
233.082	390
233.132	406
233.183	413
233.233	411
233.283	429
233.333	437
233.383	441
233.433	454
233.484	448
233.534	465
233.584	468
233.634	458
233.684	469
233.734	464
233.785	457
233.835	456
233.885	436
233.936	440
233.986	431
234.037	413
234.087	414
234.137	406
234.187	395
234.237	395
234.287	384
234.338	390
234.388	390
234.438	385
234.488	396
234.538	401
234.589	404
234.639	417
234.689	416
234.739	434
234.789	443
234.840	441
234.891	459
234.941	461
234.991	464
235.041	470
235.091	456
235.141	469
235.192	465
235.242	450
235.292	453
235.342	442
235.392	432
235.443	427
235.493	407
235.543	410
235.593	403
235.643	390
235.693	392
235.745	389
235.795	384
235.845	390
235.895	384
235.945	398
235.995	404
236.046	404
236.096	421
236.146	427
236.196	436
236.246	447
236.297	445
236.347	462
236.397	466
236.447	460
236.497	471
236.547	465
236.598	466
236.649	463
236.699	445
236.749	448
236.799	440
236.850	424
236.900	422
236.950	413
237.000	404
237.050	399
237.100	387
237.151	390
237.201	388
237.251	384
237.301	392
237.351	396
237.401	400
237.452	408
237.502	410
237.553	426
237.603	434
237.653	436
237.704	451
237.754	451
237.804	464
237.854	468
237.904	457
237.954	471
238.005	468
238.055	457
238.105	460
238.155	446
238.205	444
238.255	436
