#Creator: pendulumdriveEventBuffer
#Creation time: Tue Apr  4 15:26:34 2017
#Time	Pos
#[s]	[au]
0.050	514
0.100	502
0.150	474
0.200	467
0.251	443
0.301	418
0.351	401
0.401	372
0.451	364
0.501	349
0.552	333
0.602	333
0.652	333
0.702	330
0.752	345
0.804	349
0.854	375
0.904	395
0.954	405
1.004	438
1.054	456
1.105	473
1.155	495
1.205	493
1.255	517
1.305	520
1.355	508
1.406	515
1.456	500
1.506	486
1.556	473
1.606	439
1.657	432
1.708	409
1.758	382
1.808	372
1.858	357
1.908	340
1.959	337
2.009	328
2.059	336
2.109	344
2.159	348
2.209	370
2.260	387
2.310	404
2.360	429
2.410	441
2.460	470
2.511	487
2.561	493
2.612	512
2.662	511
2.712	518
2.762	516
2.813	493
2.863	495
2.913	478
2.963	451
3.013	440
3.064	419
3.114	393
3.164	379
3.214	357
3.264	351
3.314	341
3.365	333
3.415	337
3.465	349
3.516	348
3.566	365
3.616	374
3.667	401
3.717	420
3.767	433
3.817	462
3.867	469
3.918	495
3.968	507
4.018	499
4.068	517
4.118	514
4.168	501
4.219	500
4.269	472
4.319	467
4.369	448
4.420	419
4.470	407
4.521	387
4.571	364
4.621	356
4.671	351
4.721	338
4.772	338
4.822	335
4.872	348
4.922	360
4.972	369
5.022	393
5.073	407
5.123	433
5.173	453
5.223	462
5.274	488
5.325	499
5.375	502
5.425	516
5.475	499
5.525	512
5.575	503
5.626	478
5.676	474
5.726	454
5.776	428
5.826	415
5.876	385
5.927	377
5.977	362
6.027	346
6.077	342
6.127	339
6.179	334
6.229	345
6.279	349
6.329	369
6.379	386
6.429	396
6.480	425
6.530	444
6.580	459
6.630	483
6.680	478
6.730	507
6.781	513
6.831	503
6.881	514
6.931	503
6.981	490
7.032	480
7.083	451
7.133	443
7.183	422
7.233	392
7.283	384
7.334	367
7.384	348
7.434	345
7.484	333
7.534	339
7.584	342
7.635	342
7.685	363
7.735	378
7.785	392
7.835	417
7.886	426
7.936	458
7.987	476
8.037	477
8.087	505
8.137	509
8.188	512
8.238	516
8.288	494
8.338	501
8.388	486
8.438	459
8.489	452
8.539	429
8.589	406
8.639	391
8.689	365
8.740	359
8.790	347
8.840	334
8.891	338
8.941	341
8.991	340
9.042	357
9.092	365
9.142	389
9.192	408
9.242	420
9.293	450
9.343	465
9.393	484
9.443	501
9.493	494
9.543	516
9.594	516
9.644	504
9.694	506
9.744	488
9.795	476
9.845	459
9.896	427
9.946	419
9.996	398
10.046	372
10.096	364
10.147	353
10.197	336
10.247	337
10.297	333
10.347	342
10.397	351
10.448	358
10.498	381
10.548	399
10.598	419
10.648	442
10.699	448
10.750	480
10.800	494
10.850	499
10.900	515
10.950	502
11.001	516
11.051	510
11.101	486
11.151	485
11.201	466
11.251	438
11.302	427
11.352	403
11.402	386
11.452	369
11.502	348
11.552	344
11.604	339
11.654	330
11.704	340
11.754	351
11.804	358
11.855	375
11.905	384
11.955	413
12.005	433
12.055	448
12.105	473
12.156	475
12.206	503
12.256	513
12.306	506
12.356	519
12.406	511
12.457	498
12.508	492
12.558	460
12.608	456
12.658	434
12.709	404
12.759	393
12.809	375
12.859	353
12.909	347
12.959	331
13.010	335
13.060	336
13.110	336
13.160	353
13.210	367
13.261	380
13.311	406
13.361	415
13.412	448
13.462	468
13.512	474
13.563	501
13.613	508
13.663	512
13.713	520
13.763	504
13.813	510
13.864	497
13.914	469
13.964	463
14.014	440
14.064	416
14.115	399
14.165	372
14.215	363
14.265	349
14.316	333
14.366	334
14.417	334
14.467	334
14.517	348
14.567	354
14.617	378
14.667	398
14.718	409
14.768	441
14.818	460
14.868	478
14.918	498
14.969	495
15.019	519
15.069	522
15.119	509
15.169	515
15.220	498
15.271	484
15.321	471
15.371	440
15.421	428
15.471	406
15.521	378
15.572	367
15.622	353
15.672	336
15.722	334
15.772	326
15.823	335
15.873	343
15.923	349
15.973	372
16.023	389
16.074	408
16.125	433
16.175	441
16.225	475
16.275	492
16.325	498
16.376	517
16.426	515
16.476	521
16.526	519
16.576	497
16.626	496
16.677	477
16.727	448
16.777	437
16.827	411
16.877	388
16.927	373
16.979	351
17.029	345
17.079	336
17.129	326
17.179	333
17.230	341
17.280	344
17.330	365
17.380	376
17.430	403
17.480	425
17.531	439
17.581	469
17.631	476
17.681	502
17.731	514
17.781	505
17.832	523
17.883	519
17.933	504
17.983	501
18.033	471
18.084	464
18.134	443
18.184	412
18.234	400
18.284	379
18.334	358
18.385	348
18.435	343
18.485	330
18.535	332
18.585	331
18.635	345
18.686	359
18.736	370
18.787	396
18.837	413
18.887	440
18.938	461
18.988	468
19.038	498
19.088	509
19.138	510
19.188	523
19.239	506
19.289	517
19.339	506
19.389	477
19.439	472
19.489	450
19.540	424
19.590	408
19.640	379
19.691	368
19.741	353
19.792	336
19.842	334
19.892	333
19.942	328
19.992	342
20.042	347
20.093	370
20.143	389
20.193	402
20.243	432
20.293	452
20.344	467
20.394	492
20.444	490
20.494	516
20.544	522
20.595	511
20.646	519
20.696	506
20.746	490
20.796	479
20.846	447
20.896	438
20.947	415
20.997	385
21.047	375
21.097	357
21.147	338
21.198	337
21.248	328
21.298	333
21.348	339
21.398	342
21.448	365
21.500	382
21.550	397
21.600	424
21.650	432
21.700	468
21.750	485
21.801	489
21.851	513
21.901	516
21.951	520
22.001	521
22.052	498
22.102	501
22.152	484
22.202	456
22.252	445
22.302	421
22.353	396
22.404	381
22.454	355
22.504	349
22.554	339
22.605	328
22.655	332
22.705	338
22.755	340
22.805	359
22.855	368
22.906	396
22.956	416
23.006	431
23.056	461
23.106	476
23.156	495
23.207	510
23.257	503
23.308	523
23.358	521
23.408	507
23.459	507
23.509	483
23.559	470
23.609	452
23.659	419
23.709	408
23.760	387
23.810	360
23.860	354
23.910	348
23.960	330
24.010	332
24.061	329
24.111	342
24.161	353
24.212	363
24.262	388
24.313	407
24.363	429
24.413	453
24.463	461
24.513	492
24.563	504
24.614	506
24.664	522
24.714	506
24.764	519
24.814	510
24.864	482
24.915	480
24.965	458
25.015	430
25.065	416
25.116	393
25.167	374
25.217	358
25.267	339
25.317	337
25.367	332
25.417	328
25.468	339
25.518	343
25.568	363
25.618	382
25.668	392
25.718	424
25.769	444
25.819	458
25.869	485
25.919	485
25.969	512
26.021	520
26.071	514
26.121	521
26.171	511
26.221	494
26.271	486
26.322	453
26.372	446
26.422	424
26.472	393
26.522	383
26.573	365
26.623	344
26.673	340
26.723	329
26.773	333
26.823	337
26.874	341
26.925	359
26.975	374
27.025	388
27.075	416
27.125	426
27.176	458
27.226	478
27.276	482
27.326	508
27.376	513
27.427	517
27.477	521
27.527	502
27.577	506
27.627	491
27.677	460
27.728	454
27.778	430
27.829	404
27.879	389
27.929	362
27.979	355
28.030	343
28.080	330
28.130	333
28.180	335
28.230	336
28.281	354
28.331	362
28.381	387
28.431	407
28.481	423
28.531	452
28.582	469
28.632	485
28.683	505
28.733	498
28.783	521
28.833	522
28.884	508
28.934	510
28.984	493
29.034	476
29.084	461
29.135	427
29.185	418
29.235	396
29.285	370
29.335	360
29.385	347
29.436	332
29.486	333
29.536	328
29.587	338
29.637	349
29.688	356
29.738	381
29.788	400
29.838	417
29.888	444
29.938	452
29.989	484
30.039	499
30.089	500
30.139	519
30.189	515
30.239	519
30.290	513
30.340	486
30.390	487
30.440	467
30.491	436
30.542	425
30.592	402
30.642	380
30.692	365
30.742	343
30.792	340
30.843	334
30.893	326
30.943	336
30.993	351
31.043	352
31.093	374
31.144	384
31.194	415
31.244	436
31.294	449
31.344	479
31.396	481
31.446	508
31.496	518
31.546	510
31.596	523
31.646	516
31.697	498
31.747	494
31.797	465
31.847	453
31.897	432
31.947	400
31.998	389
32.048	370
32.098	348
32.148	342
32.198	335
32.249	328
32.300	333
32.350	334
32.400	352
32.450	367
32.500	378
32.551	407
32.601	423
32.651	452
32.701	473
32.751	477
32.801	506
32.852	514
32.902	517
32.952	525
33.002	506
33.052	513
33.103	499
33.153	467
33.204	462
33.254	439
33.304	410
33.354	395
33.405	366
33.455	357
33.505	343
33.555	329
33.605	330
33.656	331
33.706	330
33.756	346
33.806	355
33.856	379
33.906	400
33.957	412
34.007	446
34.057	465
34.108	481
34.158	504
34.208	503
34.259	524
34.309	526
34.359	512
34.409	518
34.459	501
34.510	482
34.560	469
34.610	432
34.660	424
34.710	400
34.760	370
34.811	360
34.861	346
34.911	329
34.961	328
35.012	321
35.062	332
35.113	341
35.163	349
35.213	373
35.263	393
35.313	410
35.364	440
35.414	449
35.464	483
35.514	500
35.564	502
35.614	524
35.665	522
35.715	525
35.765	522
35.815	499
35.865	495
35.917	475
35.967	444
36.017	430
36.067	405
36.117	380
36.167	365
36.218	341
36.268	335
36.318	328
36.368	320
36.418	327
36.468	337
36.519	345
36.569	367
36.619	378
36.669	409
36.719	432
36.769	444
36.821	479
36.871	492
36.921	511
36.971	524
37.021	512
37.072	531
37.122	525
37.172	506
37.222	502
37.272	477
37.322	458
37.373	437
37.423	400
37.473	390
37.523	369
37.573	345
37.624	337
37.674	338
37.725	320
37.775	325
37.825	326
37.875	343
37.926	360
37.976	372
38.026	403
38.076	423
38.126	448
38.176	474
38.227	477
38.277	511
38.327	521
38.377	522
38.427	532
38.478	511
38.528	521
38.579	506
38.629	475
38.679	467
38.729	443
38.780	411
38.830	396
38.880	375
38.930	352
38.980	340
39.030	324
39.081	324
39.131	324
39.181	323
39.231	339
39.281	351
39.332	372
39.382	395
39.432	408
39.483	444
39.533	466
39.583	481
39.634	507
39.684	503
39.734	528
39.784	532
39.834	515
39.885	524
39.935	508
39.985	486
40.035	473
40.085	439
40.135	426
40.186	402
40.236	370
40.286	360
40.336	344
40.387	326
40.437	325
40.488	319
40.538	326
40.588	336
40.638	343
40.688	368
40.739	389
40.789	408
40.839	438
40.889	448
40.939	483
40.989	501
41.040	500
41.090	526
41.140	527
41.190	526
41.240	525
41.291	497
41.342	498
41.392	479
41.442	448
41.492	433
41.542	409
41.593	380
41.643	365
41.693	341
41.743	335
41.793	327
41.843	320
41.894	326
41.944	335
41.994	341
42.044	363
42.094	374
42.144	406
42.196	430
42.246	443
42.296	477
42.346	491
42.396	507
42.447	523
42.497	513
42.547	531
42.597	526
42.647	506
42.697	503
42.748	480
42.798	460
42.848	440
42.898	404
42.948	392
42.998	371
43.049	346
43.100	339
43.150	331
43.200	320
43.250	325
43.301	326
43.351	343
43.401	359
43.451	372
43.501	400
43.551	420
43.602	444
43.652	469
43.702	475
43.752	507
43.802	518
43.853	517
43.903	531
43.953	523
44.004	519
44.054	507
44.104	476
44.155	470
44.205	447
44.255	414
44.305	399
44.355	378
44.405	352
44.456	344
44.506	328
44.556	326
44.606	326
44.656	325
44.707	339
44.757	359
44.807	369
44.857	393
44.908	407
44.958	440
45.009	463
45.059	474
45.109	503
45.159	500
45.209	526
45.259	529
45.310	512
45.360	523
45.410	510
45.460	485
45.510	476
45.561	444
45.611	429
45.661	407
45.711	375
45.761	364
45.812	348
45.863	330
45.913	328
45.963	333
46.013	328
46.063	336
46.113	344
46.164	367
46.214	387
46.264	404
46.314	433
46.364	443
46.415	479
46.465	497
46.515	499
46.565	523
46.615	525
46.665	522
46.717	525
46.767	499
46.817	500
46.867	481
46.917	447
46.968	437
47.018	412
47.068	384
47.118	370
47.168	345
47.218	339
47.269	331
47.319	321
47.369	327
47.419	334
47.469	340
47.519	362
47.570	373
47.621	403
47.671	426
47.721	438
47.771	473
47.822	489
47.872	503
47.922	520
47.972	510
48.022	530
48.072	525
48.123	508
48.173	505
48.223	484
48.273	461
48.323	444
48.373	408
48.424	397
48.474	375
48.525	349
48.575	342
48.625	333
48.676	321
48.726	326
48.776	325
48.826	341
48.876	357
48.926	368
48.977	396
49.027	417
49.077	437
49.127	466
49.177	469
49.227	504
49.278	516
49.328	513
49.379	529
49.429	523
49.479	517
49.530	509
49.580	476
49.630	473
49.680	450
49.730	418
49.780	404
49.831	382
49.881	356
49.931	346
49.981	329
50.031	328
50.081	326
50.132	323
50.182	338
50.232	351
50.283	364
50.333	390
50.384	401
50.434	436
50.484	459
50.534	470
50.584	499
50.634	507
50.685	521
50.735	529
50.785	509
50.835	524
50.885	512
50.936	487
50.986	479
51.036	452
51.086	431
51.136	410
51.187	380
51.238	367
51.288	350
51.338	331
51.388	329
51.438	327
51.488	324
51.539	334
51.589	340
51.639	364
51.689	384
51.739	398
51.790	429
51.840	450
51.890	473
51.940	495
51.990	495
52.040	522
52.092	528
52.142	520
52.192	527
52.242	501
52.292	503
52.342	485
52.393	452
52.443	440
52.493	415
52.543	386
52.593	371
52.644	359
52.694	336
52.744	330
52.794	320
52.844	325
52.894	331
52.945	336
52.996	358
53.046	379
53.096	398
53.146	423
53.197	437
53.247	470
53.297	489
53.347	499
53.397	521
53.447	510
53.498	531
53.548	529
53.598	510
53.648	508
53.698	488
53.748	460
53.799	446
53.849	411
53.900	398
53.950	376
54.000	350
54.051	341
54.101	330
54.151	320
54.201	323
54.251	322
54.301	338
54.352	354
54.402	363
54.452	394
54.502	416
54.552	435
54.602	466
54.653	474
54.703	506
54.753	519
54.804	516
54.854	533
54.905	528
54.955	519
55.005	513
55.055	479
55.105	476
55.155	452
55.206	418
55.256	403
55.306	381
55.356	354
55.406	342
55.456	326
55.507	323
55.557	321
55.607	320
55.657	333
55.708	348
55.759	360
55.809	387
55.859	401
55.909	436
55.959	460
56.009	472
56.060	503
56.110	514
56.160	524
56.210	534
56.260	518
56.310	529
56.361	517
56.411	491
56.461	482
56.511	455
56.561	431
56.613	409
56.663	377
56.713	364
56.763	346
56.813	326
56.863	323
56.914	322
56.964	317
57.014	329
57.064	335
57.114	360
57.165	382
57.215	396
57.265	430
57.315	450
57.365	476
57.415	499
57.466	498
57.517	527
57.567	532
57.617	525
57.667	532
57.717	514
57.768	505
57.818	487
57.868	453
57.918	441
57.968	415
58.019	384
58.069	369
58.119	351
58.169	330
58.219	325
58.269	316
58.320	321
58.370	327
58.421	333
58.471	355
58.521	375
58.571	395
58.622	423
58.672	434
58.722	473
58.772	493
58.822	500
58.873	526
58.923	525
58.973	535
59.023	532
59.073	509
59.123	511
59.174	492
59.224	461
59.275	447
59.325	423
59.375	392
59.425	374
59.476	346
59.526	338
59.576	327
59.626	315
59.676	320
59.727	333
59.777	332
59.827	351
59.877	364
59.927	393
59.977	417
60.028	436
60.078	468
60.128	479
60.179	508
60.229	523
60.280	515
60.330	536
60.380	533
60.430	519
60.480	515
60.530	483
60.581	476
60.631	452
60.681	416
60.731	402
60.781	377
60.831	352
60.882	340
60.932	323
60.982	320
61.032	319
61.083	317
61.134	332
61.184	346
61.234	361
61.284	388
61.334	403
61.384	438
61.435	463
61.485	472
61.535	506
61.585	518
61.635	524
61.685	536
61.736	521
61.786	530
61.836	519
61.886	489
61.936	481
61.988	455
62.038	426
62.088	407
62.138	376
62.188	361
62.238	343
62.289	323
62.339	321
62.389	319
62.439	314
62.489	328
62.539	336
62.590	361
62.640	382
62.690	398
62.740	432
62.790	455
62.841	478
62.892	503
62.942	500
62.992	531
63.042	536
63.092	524
63.143	534
63.193	518
63.243	502
63.293	487
63.343	447
63.393	438
63.444	412
63.494	380
63.544	364
63.594	346
63.644	326
63.695	320
63.745	315
63.796	318
63.846	325
63.896	333
63.946	356
63.997	377
64.047	397
64.097	427
64.147	438
64.197	478
64.248	499
64.298	506
64.348	530
64.398	530
64.448	538
64.498	536
64.549	510
64.599	512
64.649	491
64.700	456
64.750	444
64.800	415
64.851	388
64.901	368
64.951	342
65.001	332
65.051	322
65.102	312
65.152	316
65.202	325
65.252	329
65.302	351
65.352	366
65.403	396
65.453	422
65.503	440
65.553	473
65.604	487
65.654	513
65.705	528
65.755	524
65.805	540
65.855	536
65.905	518
65.956	516
66.006	482
66.056	473
66.106	449
66.156	411
66.206	396
66.257	372
66.307	344
66.357	334
66.407	319
66.457	313
66.509	315
66.559	316
66.609	331
66.659	347
66.709	362
66.759	391
66.810	413
66.860	443
66.910	469
66.960	476
67.010	512
67.060	524
67.111	527
67.161	540
67.211	521
67.261	533
67.311	519
67.361	486
67.413	479
67.463	453
67.513	420
67.563	402
67.613	375
67.664	354
67.714	338
67.764	320
67.814	317
67.864	316
67.914	312
67.965	328
68.015	337
68.065	363
68.115	386
68.165	403
68.216	437
68.266	461
68.317	480
68.367	507
68.417	506
68.467	534
68.518	539
68.568	524
68.618	534
68.668	520
68.718	497
68.768	484
68.819	447
68.869	435
68.919	408
68.969	376
69.019	362
69.070	343
69.120	324
69.171	321
69.221	313
69.271	319
69.321	326
69.372	335
69.422	358
69.472	380
69.522	400
69.572	430
69.622	445
69.673	480
69.723	501
69.773	505
69.823	530
69.873	532
69.924	533
69.974	534
70.024	506
70.075	508
70.125	488
70.175	451
70.226	441
70.276	413
70.326	384
70.376	367
70.426	341
70.477	333
70.527	324
70.577	312
70.627	319
70.677	327
70.727	332
70.778	355
70.828	368
70.878	399
70.928	424
70.979	439
71.029	474
71.080	490
71.130	510
71.180	526
71.230	515
71.280	537
71.331	533
71.381	513
71.431	512
71.481	487
71.531	466
71.581	446
71.632	408
71.682	396
71.732	374
71.782	347
71.832	337
71.883	329
71.934	314
71.984	320
72.034	320
72.084	336
72.134	352
72.185	364
72.235	394
72.285	415
72.335	440
72.385	468
72.435	474
72.486	509
72.536	521
72.586	521
72.636	535
72.686	518
72.736	526
72.788	514
72.838	483
72.888	475
72.938	451
72.988	418
73.039	402
73.089	382
73.139	356
73.189	341
73.239	325
73.289	323
73.340	321
73.390	318
73.440	333
73.490	351
73.540	365
73.590	388
73.641	402
73.692	437
73.742	460
73.792	476
73.842	503
73.893	503
73.943	529
73.993	533
74.043	519
74.093	528
74.143	515
74.194	493
74.244	481
74.294	443
74.344	434
74.394	410
74.445	376
74.495	364
74.545	346
74.596	328
74.646	325
74.696	319
74.747	324
74.797	332
74.847	340
74.897	362
74.947	382
74.997	400
75.048	430
75.098	441
75.148	476
75.198	496
75.248	499
75.299	524
75.349	527
75.399	526
75.449	529
75.500	502
75.550	505
75.601	486
75.651	454
75.701	441
75.751	415
75.801	387
75.851	372
75.902	345
75.952	339
76.002	330
76.052	320
76.102	325
76.153	332
76.203	336
76.253	358
76.303	368
76.353	399
76.404	422
76.455	436
76.505	469
76.555	486
76.605	501
76.655	519
76.705	509
76.756	530
76.806	527
76.856	510
76.906	508
76.956	487
77.007	466
77.057	448
77.107	413
77.157	401
77.207	379
77.257	353
77.309	345
77.359	335
77.409	322
77.459	326
77.509	325
77.560	340
77.610	354
77.660	366
77.710	393
77.760	414
77.810	435
77.861	462
77.911	471
77.961	500
78.011	512
78.061	512
78.111	527
78.162	520
78.213	519
78.263	510
78.313	481
78.363	475
78.414	454
78.464	424
78.514	410
78.564	386
78.614	362
78.664	351
78.715	332
78.765	332
78.815	330
78.865	324
78.915	338
78.965	351
79.016	364
79.066	387
79.117	401
79.167	432
79.217	453
79.268	465
79.318	493
79.368	502
79.418	518
79.468	524
79.518	511
79.569	521
79.619	511
79.669	490
79.719	481
79.769	451
79.819	437
79.870	416
79.920	384
79.971	374
80.021	357
80.071	338
80.122	336
80.172	339
80.222	328
80.272	337
80.322	342
80.372	363
80.423	381
80.473	394
80.523	424
80.573	440
80.623	467
80.673	487
80.724	489
80.774	514
80.824	519
80.875	514
80.925	523
80.976	502
81.026	503
81.076	486
81.126	458
81.176	447
81.226	422
81.277	394
81.327	381
81.377	365
81.427	348
81.477	339
81.528	328
81.578	331
81.628	336
81.678	338
81.728	358
81.779	375
81.830	394
81.880	416
81.930	428
81.980	460
82.030	478
82.080	490
82.131	510
82.181	503
82.231	523
82.281	522
82.331	504
82.382	507
82.432	490
82.482	468
82.532	454
82.582	420
82.632	410
82.684	388
82.734	363
82.784	354
82.834	343
82.884	328
82.934	332
82.985	328
83.035	342
83.085	353
83.135	363
83.185	387
83.236	408
83.286	425
83.336	453
83.386	458
83.436	491
83.486	505
83.537	501
83.588	522
83.638	519
83.688	514
83.738	511
83.789	480
83.839	481
83.889	461
83.939	430
83.989	417
84.039	395
84.090	370
84.140	359
84.190	340
84.240	337
84.290	333
84.340	329
84.391	339
84.441	349
84.492	358
84.542	381
84.592	391
84.643	423
84.693	445
84.743	455
84.793	485
84.843	496
84.893	510
84.944	520
84.994	506
85.044	521
85.094	513
85.144	491
85.194	487
85.245	463
85.295	444
85.345	425
85.396	392
85.446	383
85.497	365
85.547	344
85.597	340
85.647	335
85.697	328
85.747	337
85.798	340
85.848	357
85.898	375
85.948	388
85.998	415
86.048	433
86.099	457
86.149	479
86.199	479
86.249	509
86.300	516
86.351	511
86.401	522
86.451	507
86.501	506
86.551	492
86.601	462
86.652	454
86.702	431
86.752	403
86.802	389
86.852	374
86.902	352
86.953	343
87.003	330
87.053	332
87.103	335
87.153	334
87.205	353
87.255	371
87.305	384
87.355	408
87.405	420
87.455	452
87.506	471
87.556	482
87.606	505
87.656	500
87.706	521
87.757	523
87.807	505
87.857	511
87.907	496
87.957	473
88.007	462
88.058	431
88.109	418
88.159	397
88.209	369
88.259	361
88.309	348
88.360	333
88.410	333
88.460	335
88.510	338
88.560	349
88.611	356
88.661	380
88.711	399
88.761	416
88.811	444
88.861	451
88.912	483
88.962	499
89.013	497
89.063	519
89.113	520
89.163	511
89.214	514
89.264	489
89.314	488
89.364	468
89.414	437
89.465	426
89.515	404
89.565	378
89.615	367
89.665	346
89.715	342
89.766	335
89.816	328
89.867	337
89.917	346
89.967	352
90.017	375
90.068	384
90.118	413
90.168	435
90.218	446
90.268	476
90.319	491
90.369	500
90.419	516
90.469	504
90.519	520
90.569	515
90.620	493
90.670	492
90.720	472
90.771	450
90.821	435
90.872	403
90.922	393
90.972	375
91.022	353
91.072	348
91.122	341
91.173	332
91.223	338
91.273	338
91.323	355
91.373	369
91.423	379
91.474	406
91.524	425
91.574	444
91.624	468
91.675	468
91.726	500
91.776	509
91.826	504
91.876	519
91.926	512
91.976	505
92.027	497
92.077	467
92.127	463
92.177	442
92.227	413
92.277	401
92.328	382
92.378	361
92.428	353
92.478	337
92.528	338
92.580	338
92.630	336
92.680	351
92.730	365
92.780	376
92.830	399
92.881	411
92.931	440
92.981	459
93.031	468
93.081	494
93.131	500
93.182	512
93.232	517
93.282	499
93.332	511
93.382	499
93.433	476
93.484	469
93.534	446
93.584	428
93.634	410
93.684	382
93.735	373
93.785	359
93.835	342
93.885	342
93.935	347
93.985	338
94.036	349
94.086	352
94.136	374
94.186	391
94.236	405
94.287	432
94.337	445
94.388	469
94.438	486
94.488	486
94.538	510
94.589	513
94.639	507
94.689	512
94.739	491
94.789	492
94.840	476
94.890	448
94.940	439
94.990	417
95.040	392
95.090	381
95.141	367
95.191	352
95.241	346
95.292	336
95.342	341
95.392	346
95.443	352
95.493	369
95.543	383
95.593	402
95.643	422
95.694	432
95.744	462
95.794	477
95.844	488
95.894	504
95.944	493
95.995	515
96.045	513
96.095	494
96.145	496
96.196	480
96.246	458
96.297	447
96.347	416
96.397	408
96.447	389
96.497	365
96.548	360
96.598	350
96.648	337
96.698	342
96.748	340
96.798	352
96.849	363
96.899	370
96.949	395
96.999	412
97.049	428
97.101	453
97.151	458
97.201	487
97.251	498
97.301	495
97.351	513
97.402	510
97.452	504
97.502	501
97.552	474
97.602	474
97.652	455
97.703	425
97.753	417
97.803	397
97.853	376
97.903	366
97.953	349
98.005	346
98.055	344
98.105	338
98.155	349
98.205	359
98.256	366
98.306	387
98.356	396
98.406	425
98.456	443
98.506	450
98.557	479
98.607	488
98.657	499
98.707	510
98.757	498
98.808	511
98.858	503
98.909	483
98.959	480
99.009	460
99.059	441
99.110	426
99.160	396
99.210	389
99.260	373
99.310	354
99.360	351
99.411	346
99.461	340
99.511	348
99.561	349
99.611	367
99.662	380
99.712	389
99.763	416
99.813	432
99.863	451
99.913	471
99.964	471
100.014	498
100.064	506
100.114	501
100.164	511
100.214	500
100.265	496
100.315	486
100.365	460
100.415	454
100.465	434
100.516	408
100.566	397
100.616	381
100.667	362
100.717	356
100.767	342
100.818	344
100.868	346
100.918	346
100.968	361
101.018	379
101.069	384
101.119	407
101.169	415
101.219	445
101.269	462
101.319	470
101.370	492
101.420	491
101.470	508
101.520	511
101.571	494
101.621	502
101.672	491
101.722	469
101.772	462
101.822	436
101.872	422
101.923	406
101.973	379
102.023	374
102.073	361
102.123	346
102.173	347
102.224	351
102.274	348
102.324	357
102.374	361
102.424	382
102.475	398
102.526	410
102.576	436
102.626	445
102.676	471
102.726	486
102.777	483
102.827	506
102.877	507
102.927	503
102.977	505
103.027	483
103.078	485
103.128	469
103.178	441
103.228	434
103.278	414
103.328	390
103.380	381
103.430	359
103.480	356
103.530	349
103.580	339
103.631	347
103.681	353
103.731	357
103.781	375
103.831	382
103.881	408
103.932	426
103.982	434
104.032	463
104.082	476
104.132	488
104.182	502
104.233	492
104.284	511
104.334	508
104.384	489
104.434	491
104.485	475
104.535	456
104.585	443
104.635	413
104.685	406
104.735	388
104.786	366
104.836	361
104.886	353
104.936	342
104.986	347
105.037	344
105.087	357
105.137	369
105.188	375
105.238	400
105.288	416
105.339	432
105.389	455
105.439	461
105.489	486
105.539	496
105.589	494
105.640	510
105.690	504
105.740	502
105.790	496
105.840	470
105.891	469
105.941	451
105.991	423
106.041	415
106.092	395
106.142	376
106.193	367
106.243	350
106.293	349
106.343	347
106.393	342
106.443	354
106.494	363
106.544	371
106.594	390
106.644	401
106.694	427
106.745	445
106.795	454
106.845	479
106.895	486
106.945	500
106.996	508
107.047	496
107.097	508
107.147	500
107.197	479
107.247	476
107.297	455
107.348	440
107.398	423
107.448	396
107.498	388
107.548	373
107.599	354
107.649	352
107.699	351
107.749	344
107.799	350
107.849	352
107.901	369
107.951	383
108.001	394
108.051	418
108.101	431
108.152	454
108.202	472
108.252	474
108.302	498
108.352	504
108.402	501
108.453	509
108.503	491
108.553	495
108.603	483
108.653	459
108.703	451
108.754	431
108.805	406
108.855	396
108.905	381
108.955	364
109.006	356
109.056	342
109.106	346
109.156	348
109.206	348
109.256	364
109.307	375
109.357	392
109.407	410
109.457	417
109.507	447
109.557	463
109.608	472
109.658	494
109.709	487
109.759	509
109.809	510
109.860	495
109.910	501
109.960	488
110.010	468
110.060	459
110.110	430
110.161	423
110.211	404
110.261	379
110.311	371
110.361	360
110.411	346
110.462	347
110.512	340
110.563	350
110.613	358
110.663	362
110.714	384
110.764	400
110.814	414
110.864	438
110.914	444
110.964	473
111.015	487
111.065	486
111.115	506
111.165	507
111.215	504
111.265	505
111.316	484
111.366	484
111.416	467
111.467	440
111.517	431
111.568	412
111.618	388
111.668	379
111.718	358
111.768	356
111.818	348
111.869	340
111.919	348
111.969	354
112.019	358
112.069	377
112.120	384
112.170	410
112.220	428
112.270	438
112.320	465
112.371	477
112.422	488
112.472	503
112.522	493
112.572	510
112.622	507
112.672	489
112.723	489
112.773	471
112.823	455
112.873	441
112.923	411
112.974	404
113.024	387
113.074	365
113.124	360
113.174	351
113.224	344
113.276	347
113.326	346
113.376	358
113.426	370
113.476	377
113.526	401
113.577	417
113.627	434
113.677	456
113.727	461
113.777	487
113.828	497
113.878	495
113.928	509
113.978	501
114.028	502
114.078	495
114.129	469
114.180	467
114.230	450
114.280	424
114.330	413
114.381	395
114.431	376
114.481	367
114.531	350
114.581	350
114.631	348
114.682	344
114.732	355
114.782	371
114.832	372
114.882	394
114.932	403
114.983	429
115.033	446
115.084	456
115.134	480
115.184	480
115.235	501
115.285	507
115.335	495
115.385	506
115.435	497
115.485	480
115.536	474
115.586	447
115.636	440
115.686	422
115.736	394
115.786	388
115.837	373
115.887	356
115.937	353
115.988	351
116.038	346
116.089	352
116.139	355
116.189	372
116.239	386
116.289	396
116.339	420
116.390	431
116.440	456
116.490	472
116.540	473
116.590	497
116.640	501
116.691	500
116.741	507
116.791	486
116.841	494
116.892	481
116.943	454
116.993	450
117.043	431
117.093	406
117.143	396
117.193	372
117.244	367
117.294	357
117.344	345
117.394	348
117.444	350
117.494	350
117.545	366
117.595	369
117.645	394
117.695	410
117.745	417
117.797	446
117.847	461
117.897	473
117.947	492
117.997	484
118.047	506
118.098	507
118.148	491
118.198	498
118.248	485
118.298	468
118.349	458
118.399	430
118.449	423
118.499	405
118.549	380
118.599	374
118.650	363
118.701	349
118.751	350
118.801	343
118.851	353
118.901	361
118.952	364
119.002	385
119.052	399
119.102	414
119.152	437
119.203	442
119.253	471
119.303	484
119.353	484
119.403	503
119.453	502
119.504	503
119.554	501
119.605	480
119.655	481
119.705	466
119.755	442
119.806	432
119.856	413
119.906	393
119.956	383
120.006	360
120.057	359
120.107	353
120.157	344
120.207	352
120.257	358
120.307	362
120.358	379
120.408	385
120.459	409
120.509	426
120.559	436
120.609	462
120.660	472
120.710	486
120.760	498
120.810	488
120.860	505
120.911	502
120.961	487
121.011	487
121.061	468
121.111	456
121.161	442
121.212	415
121.262	407
121.312	391
121.363	368
121.413	366
121.464	358
121.514	348
121.564	352
121.614	349
121.664	363
121.714	373
121.765	379
121.815	401
121.865	415
121.915	432
121.965	452
122.015	452
122.066	480
122.116	489
122.166	488
122.216	502
122.267	496
122.318	496
122.368	490
122.418	468
122.468	467
122.518	450
122.568	426
122.619	417
122.669	401
122.719	384
122.769	375
122.819	357
122.869	358
122.920	354
122.970	352
123.020	360
123.070	367
123.120	378
123.172	393
123.222	398
123.272	425
123.322	440
123.372	450
123.422	471
123.473	470
123.523	492
123.573	498
123.623	487
123.673	499
123.723	492
123.774	478
123.824	473
123.874	447
123.924	445
123.974	428
124.025	402
124.076	396
124.126	382
124.176	365
124.226	363
124.276	350
124.327	356
124.377	359
124.427	358
124.477	373
124.527	385
124.577	394
124.628	415
124.678	420
124.728	447
124.778	462
124.828	464
124.879	486
124.929	492
124.980	492
125.030	500
125.080	481
125.130	490
125.181	480
125.231	455
125.281	453
125.331	437
125.381	416
125.432	406
125.482	384
125.532	378
125.582	367
125.632	355
125.682	357
125.733	358
125.783	356
125.833	368
125.884	370
125.934	391
125.984	406
126.035	412
126.085	437
126.135	451
126.185	464
126.235	481
126.286	476
126.336	497
126.386	499
126.436	488
126.486	495
126.536	483
126.587	472
126.637	463
126.687	436
126.737	431
126.788	414
126.838	390
126.889	385
126.939	373
126.989	360
127.039	357
127.089	349
127.140	356
127.190	362
127.240	363
127.290	383
127.340	395
127.390	409
127.441	429
127.491	432
127.541	462
127.591	475
127.641	477
127.693	497
127.743	495
127.793	501
127.843	501
127.893	478
127.943	484
127.994	471
128.044	448
128.094	441
128.144	421
128.194	402
128.244	390
128.295	370
128.345	365
128.395	357
128.445	346
128.495	352
128.545	363
128.597	358
128.647	374
128.697	379
128.747	402
128.797	419
128.848	428
128.898	455
128.948	460
128.998	484
129.048	496
129.098	490
129.149	507
129.199	504
129.249	493
129.299	493
129.349	470
129.400	466
129.450	449
129.501	422
129.551	414
129.601	397
129.651	374
129.702	367
129.752	363
129.802	346
129.852	348
129.902	344
129.952	355
130.003	365
130.053	372
130.103	393
130.153	407
130.203	428
130.254	447
130.304	453
130.355	481
130.405	491
130.455	493
130.505	509
130.556	495
130.606	508
130.656	500
130.706	476
130.756	476
130.806	458
130.857	434
130.907	422
130.957	395
131.007	386
131.057	371
131.108	353
131.158	350
131.208	347
131.259	338
131.309	349
131.359	353
131.410	369
131.460	384
131.510	393
131.560	421
131.610	439
131.661	452
131.711	476
131.761	474
131.811	502
131.861	509
131.911	501
131.962	513
132.012	504
132.062	490
132.112	484
132.163	452
132.213	450
132.264	430
132.314	400
132.364	391
132.414	374
132.464	354
132.515	350
132.565	339
132.615	341
132.665	344
132.715	344
132.765	362
132.816	375
132.866	388
132.916	412
132.966	424
133.016	452
133.067	470
133.118	475
133.168	501
133.218	505
133.268	512
133.318	516
133.369	497
133.419	504
133.469	491
133.519	465
133.569	458
133.619	435
133.670	413
133.720	397
133.770	371
133.820	364
133.870	352
133.920	338
133.972	339
134.022	341
134.072	340
134.122	355
134.172	362
134.223	385
134.273	404
134.323	416
134.373	445
134.423	461
134.473	480
134.524	498
134.574	491
134.624	516
134.674	518
134.724	506
134.774	511
134.825	493
134.876	482
134.926	466
134.976	435
135.026	426
135.077	405
135.127	378
135.177	369
135.227	357
135.277	340
135.327	340
135.378	332
135.428	342
135.478	350
135.528	356
135.578	378
135.629	397
135.679	414
135.729	436
135.780	444
135.830	475
135.880	491
135.931	494
135.981	513
136.031	503
136.081	518
136.131	513
136.181	490
136.232	491
136.282	471
136.332	448
136.382	435
136.432	411
136.483	392
136.533	376
136.583	355
136.633	350
136.684	343
136.734	334
136.785	340
136.835	351
136.885	356
136.935	371
136.985	383
137.035	408
137.086	427
137.136	441
137.186	468
137.236	471
137.286	500
137.337	510
137.387	502
137.437	518
137.487	513
137.537	499
137.588	496
137.639	467
137.689	462
137.739	442
137.789	411
137.839	402
137.889	383
137.940	361
137.990	354
138.040	339
138.090	340
138.140	340
138.191	339
138.241	353
138.291	365
138.341	377
138.391	400
138.441	408
138.493	440
138.543	459
138.593	468
138.643	494
138.693	502
138.744	507
138.794	517
138.844	500
138.894	511
138.944	500
138.994	475
139.045	470
139.095	449
139.145	425
139.195	411
139.245	383
139.295	375
139.346	360
139.397	344
139.447	343
139.497	341
139.547	338
139.598	350
139.648	354
139.698	375
139.748	392
139.798	404
139.848	431
139.899	449
139.949	465
139.999	487
140.049	482
140.099	509
140.149	514
140.200	506
140.250	512
140.301	500
140.351	488
140.401	476
140.452	446
140.502	440
140.552	419
140.602	392
140.652	382
140.702	366
140.753	349
140.803	347
140.853	337
140.903	343
140.953	347
141.003	350
141.054	369
141.104	385
141.155	400
141.205	423
141.255	431
141.306	462
141.356	479
141.406	482
141.456	505
141.506	505
141.556	513
141.607	513
141.657	489
141.707	497
141.757	482
141.807	457
141.857	448
141.908	425
141.958	405
142.008	390
142.059	368
142.109	361
142.160	351
142.210	338
142.260	343
142.310	347
142.360	348
142.410	365
142.461	372
142.511	396
142.561	415
142.611	427
142.661	454
142.712	467
142.762	484
142.812	500
142.862	492
142.912	513
142.963	512
143.014	499
143.064	501
143.114	482
143.164	470
143.214	456
143.264	426
143.315	418
143.365	398
143.415	375
143.465	366
143.515	361
143.566	345
143.616	344
143.666	339
143.716	350
143.766	359
143.816	365
143.868	389
143.918	405
143.968	424
144.018	445
144.068	450
144.118	480
144.169	492
144.219	495
144.269	511
144.319	498
144.369	511
144.420	505
144.470	483
144.520	481
144.570	463
144.620	438
144.670	427
144.721	399
144.772	388
144.822	373
144.872	355
144.922	351
144.973	346
145.023	339
145.073	347
145.123	347
145.173	367
145.223	381
145.274	390
145.324	416
145.374	434
145.424	448
145.474	472
145.524	476
145.575	499
145.625	507
145.676	499
145.726	511
145.776	504
145.827	493
145.877	487
145.927	456
145.977	454
146.027	435
146.077	407
146.128	398
146.178	382
146.228	361
146.278	356
146.328	343
146.378	346
146.429	347
146.479	345
146.529	361
146.580	375
146.630	386
146.681	408
146.731	415
146.781	445
146.831	463
146.881	466
146.931	494
146.982	499
147.032	504
147.082	512
147.132	494
147.182	503
147.232	492
147.283	468
147.333	462
147.383	441
147.433	421
147.484	407
147.535	380
147.585	374
147.635	361
147.685	347
147.735	347
147.785	347
147.836	344
147.886	357
147.936	361
147.986	383
148.036	399
148.086	408
148.137	437
148.187	450
148.237	469
148.287	487
148.337	484
148.389	507
148.439	510
148.489	500
148.539	507
148.589	493
148.639	484
148.690	470
148.740	440
148.790	434
148.840	415
148.890	390
148.941	381
148.991	367
149.041	352
149.091	349
149.141	340
149.191	347
149.242	353
149.293	356
149.343	375
149.393	390
149.443	406
149.493	428
149.544	434
149.594	465
149.644	480
149.694	483
149.744	504
149.795	493
149.845	512
149.895	509
149.945	489
149.995	492
150.045	476
150.096	454
150.146	443
150.197	421
150.247	400
150.297	389
150.347	366
150.398	361
150.448	351
150.498	340
150.548	346
150.598	357
150.649	354
150.699	369
150.749	376
150.799	400
150.849	418
150.899	429
150.950	456
151.000	462
151.051	486
151.101	499
151.151	492
151.201	511
151.252	509
151.302	495
151.352	497
151.402	473
151.452	468
151.503	452
151.553	424
151.603	415
151.653	397
151.703	374
151.753	367
151.804	351
151.854	349
151.904	348
151.955	344
152.005	354
152.056	364
152.106	371
152.156	392
152.206	403
152.256	428
152.306	446
152.357	451
152.407	479
152.457	490
152.507	493
152.557	508
152.607	493
152.658	507
152.708	500
152.758	480
152.808	476
152.859	459
152.910	436
152.960	424
153.010	395
153.060	389
153.110	375
153.160	358
153.211	355
153.261	351
153.311	344
153.361	353
153.411	354
153.461	370
153.512	385
153.562	392
153.612	418
153.662	434
153.712	449
153.764	470
153.814	468
153.864	496
153.914	502
153.964	494
154.014	507
154.065	499
154.115	488
154.165	482
154.215	455
154.265	451
154.315	433
154.366	405
154.416	399
154.466	382
154.516	364
154.566	360
154.617	346
154.668	350
154.718	351
154.768	352
154.818	366
154.868	377
154.919	388
154.969	409
155.019	416
155.069	445
155.119	461
155.169	466
155.220	489
155.270	494
155.320	503
155.370	507
155.420	489
155.471	498
155.521	488
155.572	464
155.622	460
155.672	439
155.722	420
155.773	407
155.823	383
155.873	376
155.923	365
155.973	350
156.024	351
156.074	351
156.124	348
156.174	361
156.224	364
156.274	385
156.325	400
156.375	410
156.425	436
156.476	449
156.526	467
156.576	483
156.627	484
156.677	503
156.727	505
156.777	497
156.827	502
156.878	484
156.928	481
156.978	468
157.028	440
157.078	434
157.128	415
157.179	392
157.229	383
157.279	373
157.329	358
157.380	354
157.430	345
157.481	352
157.531	357
157.581	360
157.631	378
157.681	383
157.732	408
157.782	426
157.832	433
157.882	460
157.932	474
157.982	480
158.033	498
158.083	490
158.133	506
158.183	503
158.233	485
158.285	488
158.335	473
158.385	454
158.435	444
158.485	421
158.535	408
158.586	392
158.636	370
158.686	366
158.736	358
158.786	348
158.836	352
158.887	346
158.937	361
158.987	372
159.037	377
159.087	399
159.137	415
159.189	428
159.239	452
159.289	451
159.339	481
159.389	492
159.440	487
159.490	505
159.540	502
159.590	494
159.640	494
159.690	470
159.741	469
159.791	453
159.841	426
159.891	418
159.941	400
159.992	380
160.042	373
160.093	355
160.143	355
160.193	352
160.243	346
160.294	357
160.344	366
160.394	372
160.444	391
160.494	397
160.544	424
160.595	441
160.645	449
160.695	473
160.745	482
160.795	491
160.846	502
160.896	490
160.947	504
160.997	497
161.047	476
161.097	476
161.148	459
161.198	440
161.248	429
161.298	400
161.348	395
161.398	380
161.449	361
161.499	360
161.549	355
161.599	348
161.649	356
161.700	356
161.750	370
161.800	383
161.851	393
161.901	415
161.951	430
162.002	444
162.052	464
162.102	463
162.152	490
162.202	497
162.253	492
162.303	504
162.353	495
162.403	491
162.453	483
162.503	458
162.554	455
162.604	437
162.654	412
162.704	404
162.755	387
162.805	369
162.856	365
162.906	350
162.956	353
163.006	354
163.056	352
163.107	365
163.157	377
163.207	385
163.257	406
163.307	413
163.357	440
163.408	455
163.458	460
163.508	484
163.558	488
163.608	499
163.659	504
163.710	488
163.760	498
163.810	488
163.860	466
163.910	463
163.961	439
164.011	428
164.061	413
164.111	388
164.161	383
164.211	370
164.262	356
164.312	356
164.362	359
164.412	353
164.462	362
164.512	363
164.564	382
164.614	396
164.664	406
164.714	430
164.764	439
164.815	461
164.865	476
164.915	472
164.965	496
165.015	500
165.065	495
165.116	500
165.166	479
165.216	484
165.266	471
165.316	445
165.366	440
165.417	422
165.468	400
165.518	391
165.568	371
165.618	367
165.669	359
165.719	349
165.769	355
165.819	358
165.869	360
165.919	376
165.970	379
166.020	404
166.070	420
166.120	428
166.170	453
166.221	466
166.271	476
166.321	491
166.372	482
166.422	501
166.472	500
166.523	486
166.573	489
166.623	476
166.673	458
166.723	450
166.773	421
166.824	417
166.874	401
166.924	377
166.974	374
167.024	364
167.075	352
167.125	355
167.175	351
167.225	361
167.276	370
167.326	374
167.377	395
167.427	409
167.477	420
167.527	442
167.577	449
167.627	473
167.678	484
167.728	483
167.778	499
167.828	497
167.878	495
167.929	493
167.979	471
168.029	473
168.079	459
168.129	434
168.180	427
168.231	409
168.281	390
168.331	381
168.381	364
168.431	362
168.481	358
168.532	351
168.582	359
168.632	365
168.682	369
168.732	386
168.783	393
168.833	416
168.883	433
168.933	440
168.983	464
169.033	472
169.085	484
169.135	495
169.185	485
169.235	500
169.285	495
169.336	478
169.386	480
169.436	463
169.486	449
169.536	436
169.586	412
169.637	404
169.687	390
169.737	370
169.787	368
169.837	362
169.887	352
169.938	358
169.989	355
170.039	369
170.089	380
170.139	386
170.190	407
170.240	419
170.290	436
170.340	454
170.390	455
170.440	481
170.491	490
170.541	486
170.591	500
170.641	485
170.691	494
170.741	486
170.792	463
170.842	462
170.893	446
170.943	422
170.993	414
171.044	399
171.094	384
171.144	374
171.194	360
171.244	360
171.294	357
171.345	352
171.395	364
171.445	375
171.495	384
171.545	398
171.595	403
171.646	429
171.696	444
171.747	452
171.797	474
171.847	473
171.898	494
171.948	499
171.998	486
172.048	498
172.098	490
172.148	475
172.199	471
172.249	447
172.299	440
172.349	424
172.399	398
172.449	393
172.500	379
172.550	364
172.600	361
172.651	351
172.701	356
172.752	359
172.802	359
172.852	376
172.902	389
172.952	396
173.002	419
173.053	425
173.103	452
173.153	466
173.203	468
173.253	490
173.304	495
173.354	494
173.404	500
173.454	481
173.504	489
173.555	478
173.606	452
173.656	450
173.706	433
173.756	411
173.806	402
173.856	378
173.907	375
173.957	365
174.007	352
174.057	356
174.107	357
174.158	356
174.208	369
174.258	371
174.308	394
174.358	409
174.408	418
174.460	442
174.510	456
174.560	466
174.610	484
174.660	478
174.710	499
174.761	501
174.811	488
174.861	494
174.911	482
174.961	469
175.012	459
175.062	434
175.112	427
175.162	411
175.212	387
175.262	382
175.313	371
175.364	358
175.414	357
175.464	351
175.514	358
175.565	364
175.615	366
175.665	386
175.715	398
175.765	412
175.815	432
175.866	437
175.916	464
175.966	477
176.016	475
176.066	496
176.116	495
176.167	498
176.217	498
176.268	477
176.318	481
176.368	468
176.419	444
176.469	438
176.519	419
176.569	400
176.619	390
176.669	367
176.720	367
176.770	359
176.820	349
176.870	356
176.920	361
176.970	364
177.021	378
177.071	384
177.121	406
177.172	422
177.222	431
177.273	456
177.323	465
177.373	481
177.423	493
177.473	485
177.523	502
177.574	500
177.624	487
177.674	488
177.724	465
177.774	462
177.824	447
177.875	420
177.925	414
177.975	397
178.025	377
178.076	371
178.127	367
178.177	352
178.227	354
178.277	350
178.327	361
178.377	370
178.428	376
178.478	396
178.528	409
178.578	429
178.628	447
178.678	453
178.729	477
178.779	487
178.829	490
178.879	503
178.929	489
178.981	501
179.031	494
179.081	474
179.131	472
179.181	455
179.231	432
179.282	423
179.332	399
179.382	390
179.432	376
179.482	357
179.533	357
179.583	353
179.633	348
179.683	356
179.733	358
179.783	375
179.834	388
179.885	395
179.935	421
179.985	437
180.035	446
180.085	470
180.136	466
180.186	493
180.236	500
180.286	488
180.336	504
180.387	497
180.437	486
180.487	479
180.537	452
180.587	449
180.637	432
180.688	405
180.738	399
180.789	383
180.839	364
180.889	362
180.939	349
180.990	352
181.040	354
181.090	352
181.140	368
181.190	380
181.241	388
181.291	410
181.341	417
181.391	444
181.441	461
181.491	463
181.542	488
181.592	493
181.643	496
181.693	504
181.743	489
181.793	496
181.844	485
181.894	462
181.944	459
181.994	440
182.044	420
182.095	408
182.145	384
182.195	378
182.245	368
182.295	352
182.345	354
182.396	353
182.446	352
182.496	363
182.547	367
182.597	387
182.648	401
182.698	410
182.748	435
182.798	447
182.848	462
182.898	480
182.949	478
182.999	499
183.049	502
183.099	492
183.149	499
183.199	487
183.250	477
183.300	468
183.350	440
183.400	435
183.451	418
183.502	394
183.552	387
183.602	373
183.652	360
183.702	357
183.752	348
183.803	355
183.853	359
183.903	361
183.953	379
184.003	392
184.053	404
184.104	425
184.154	432
184.204	458
184.254	472
184.304	476
184.356	495
184.406	494
184.456	501
184.506	502
184.556	481
184.606	488
184.657	474
184.707	452
184.757	445
184.807	427
184.857	405
184.907	394
184.958	373
185.008	369
185.058	359
185.108	350
185.158	353
185.209	361
185.260	358
185.310	372
185.360	377
185.410	399
185.460	415
185.511	424
185.561	449
185.611	456
185.661	478
185.711	490
185.761	486
185.812	503
185.862	501
185.912	490
185.962	493
186.012	473
186.063	469
186.113	454
186.164	426
186.214	420
186.264	403
186.314	382
186.365	375
186.415	359
186.465	357
186.515	354
186.565	350
186.616	358
186.666	366
186.716	372
186.766	391
186.816	397
186.866	423
186.917	439
186.967	445
187.017	471
187.068	482
187.118	486
187.168	501
187.219	489
187.269	503
187.319	497
187.369	479
187.419	477
187.470	461
187.520	440
187.570	430
187.620	404
187.670	396
187.720	382
187.771	363
187.821	361
187.871	355
187.921	348
187.972	355
188.022	354
188.073	370
188.123	383
188.173	388
188.223	414
188.273	428
188.324	441
188.374	464
188.424	465
188.474	489
188.524	498
188.574	491
188.625	503
188.675	497
188.725	491
188.775	484
188.825	455
188.877	457
188.927	439
188.977	414
189.027	406
189.077	390
189.127	372
189.178	366
189.228	350
189.278	354
189.328	354
189.378	352
189.428	365
189.479	375
189.529	385
189.579	403
189.629	410
189.679	437
189.729	453
189.781	460
189.831	482
189.881	488
189.931	496
189.981	503
190.032	486
190.082	498
190.132	489
190.182	468
190.232	465
190.282	447
190.333	429
190.383	416
190.433	389
190.483	385
190.533	372
190.584	355
190.634	356
190.685	354
190.735	352
190.785	361
190.835	360
190.886	381
190.936	395
190.986	401
191.036	427
191.086	441
191.136	457
191.187	476
191.237	473
191.287	497
191.337	500
191.387	493
191.438	501
191.488	489
191.539	484
191.589	473
191.639	445
191.689	442
191.740	424
191.790	400
191.840	393
191.890	379
191.940	364
191.990	359
192.041	349
192.091	354
192.141	357
192.191	356
192.241	373
192.292	388
192.342	400
192.392	418
192.443	424
192.493	452
192.543	466
192.594	470
192.644	492
192.694	486
192.744	503
192.794	503
192.845	486
192.895	491
192.945	479
192.995	459
193.045	451
193.095	429
193.146	416
193.196	401
193.246	377
193.296	373
193.347	363
193.397	350
193.448	353
193.498	351
193.548	358
193.598	368
193.648	372
193.699	393
193.749	408
193.799	418
193.849	443
193.899	443
193.949	474
194.000	486
194.050	485
194.100	502
194.150	501
194.200	494
194.251	497
194.302	474
194.352	475
194.402	461
194.452	433
194.502	427
194.553	409
194.603	388
194.653	379
194.703	360
194.753	359
194.803	354
194.854	347
194.904	356
194.954	362
195.004	368
195.054	385
195.104	391
195.156	416
195.206	434
195.256	438
195.306	466
195.356	477
195.407	485
195.457	499
195.507	488
195.557	504
195.607	500
195.657	481
195.708	483
195.758	466
195.808	450
195.858	437
195.908	409
195.958	402
196.009	387
196.060	365
196.110	364
196.160	357
196.210	348
196.261	354
196.311	351
196.361	366
196.411	377
196.461	384
196.511	407
196.562	421
196.612	436
196.662	458
196.712	460
196.762	486
196.813	495
196.863	491
196.913	505
196.964	498
197.014	495
197.064	490
197.115	466
197.165	463
197.215	446
197.265	421
197.315	411
197.365	394
197.416	376
197.466	368
197.516	352
197.566	353
197.616	351
197.667	348
197.717	360
197.767	370
197.817	378
197.868	398
197.918	406
197.969	432
198.019	448
198.069	458
198.119	480
198.169	484
198.219	500
198.270	504
198.320	489
198.370	503
198.420	495
198.470	474
198.521	471
198.571	447
198.621	436
198.671	420
198.721	392
198.772	386
198.823	373
198.873	356
198.923	355
198.973	357
199.023	348
199.073	355
199.124	358
199.174	375
199.224	389
199.274	398
199.324	423
199.375	435
199.425	457
199.475	474
199.525	473
199.575	498
199.625	502
199.677	497
199.727	506
199.777	486
199.827	491
199.877	480
199.928	453
199.978	447
200.028	429
200.078	404
200.128	395
200.178	375
200.229	366
200.279	357
200.329	346
200.379	350
200.429	353
200.479	352
200.530	368
200.581	375
200.631	396
200.681	413
200.731	421
200.782	449
200.832	463
200.882	473
200.932	493
200.982	487
201.032	507
201.083	507
201.133	491
201.183	497
201.233	484
201.283	467
201.333	457
201.384	430
201.434	421
201.485	403
201.535	379
201.585	373
201.636	362
201.686	349
201.736	350
201.786	344
201.836	354
201.886	362
201.937	367
201.987	388
202.037	403
202.087	417
202.137	440
202.187	443
202.238	473
202.288	486
202.339	481
202.389	505
202.439	504
202.490	501
202.540	502
202.590	480
202.640	480
202.690	465
202.740	438
202.791	431
202.841	411
202.891	391
202.941	380
202.991	361
203.041	358
203.092	352
203.142	344
203.192	352
203.243	358
203.293	362
203.344	381
203.394	387
203.444	412
203.494	430
203.544	441
203.594	465
203.645	475
203.695	488
203.745	501
203.795	493
203.845	507
203.896	503
203.946	485
203.996	486
204.046	469
204.096	452
204.147	440
204.198	411
204.248	405
204.298	388
204.348	368
204.398	363
204.448	356
204.499	346
204.549	351
204.599	349
204.649	363
204.699	374
204.750	379
204.800	404
204.850	419
204.900	436
204.950	456
205.000	457
205.052	485
205.102	495
205.152	490
205.202	506
205.252	498
205.302	499
205.353	492
205.403	466
205.453	465
205.503	448
205.553	422
205.604	413
205.654	401
205.704	376
205.754	369
205.804	352
205.854	353
205.905	351
205.956	346
206.006	358
206.056	371
206.106	377
206.157	395
206.207	404
206.257	430
206.307	446
206.357	455
206.407	479
206.458	478
206.508	500
206.558	506
206.608	495
206.658	504
206.708	496
206.759	478
206.809	474
206.860	447
206.910	440
206.960	423
207.011	394
207.061	389
207.111	374
207.161	357
207.211	355
207.261	351
207.312	349
207.362	354
207.412	356
207.462	373
207.512	386
207.562	396
207.613	420
207.663	427
207.713	456
207.764	472
207.814	471
207.865	497
207.915	502
207.965	500
208.015	507
208.065	487
208.115	493
208.166	480
208.216	453
208.266	450
208.316	431
208.366	408
208.416	397
208.467	373
208.517	368
208.567	359
208.617	345
208.668	350
208.719	351
208.769	352
208.819	367
208.869	371
208.919	394
208.969	411
209.020	418
209.070	447
209.120	460
209.170	473
209.220	491
209.270	487
209.321	506
209.371	506
209.421	491
209.471	498
209.521	485
209.573	470
209.623	459
209.673	431
209.723	423
209.773	406
209.823	384
209.874	375
209.924	364
209.974	352
210.024	351
210.074	345
210.125	354
210.175	362
210.225	365
210.275	386
210.325	401
210.375	414
210.426	437
210.477	445
210.527	471
210.577	484
210.627	483
210.677	503
210.728	501
210.778	503
210.828	501
210.878	478
210.928	481
210.979	467
211.029	442
211.079	433
211.129	414
211.179	394
211.229	384
211.280	363
211.330	361
211.381	353
211.431	346
211.481	353
211.531	358
211.582	361
211.632	379
211.682	385
211.732	409
211.782	427
211.833	437
211.883	462
211.933	472
211.983	487
212.033	499
212.083	491
212.134	506
212.184	503
212.235	486
212.285	488
212.335	469
212.385	456
212.436	443
212.486	414
212.536	407
212.586	391
212.636	369
212.687	366
212.737	359
212.787	348
212.837	352
212.887	349
212.937	362
212.988	372
213.038	379
213.088	402
213.139	415
213.189	432
213.240	452
213.290	454
213.340	482
213.390	491
213.440	490
213.490	505
213.541	491
213.591	500
213.641	493
213.691	468
213.741	467
213.791	451
213.842	428
213.892	417
213.942	399
213.992	384
214.043	373
214.094	356
214.144	356
214.194	353
214.244	348
214.294	359
214.344	367
214.395	378
214.445	393
214.495	400
214.545	426
214.595	442
214.645	452
214.696	474
214.746	471
214.796	496
214.846	501
214.896	492
214.948	502
214.998	494
215.048	479
215.098	475
215.148	447
215.198	444
215.249	427
215.299	401
215.349	395
215.399	380
215.449	364
215.499	361
215.550	349
215.600	354
215.650	358
215.700	356
215.750	373
215.801	385
215.852	394
215.902	416
215.952	421
216.002	450
216.052	465
216.103	467
216.153	490
216.203	495
216.253	496
216.303	502
216.353	482
216.404	492
216.454	481
216.504	456
216.554	454
216.604	435
216.655	416
216.705	404
216.756	380
216.806	376
216.856	366
216.906	352
216.957	355
217.007	356
217.057	354
217.107	367
217.157	370
217.208	391
217.258	407
217.308	415
217.358	440
217.408	453
217.458	467
217.509	484
217.559	478
217.609	500
217.660	502
217.710	489
217.760	497
217.811	484
217.861	473
217.911	463
217.961	435
218.011	430
218.062	412
218.112	388
218.162	383
218.212	371
218.262	358
218.312	357
218.363	347
218.413	356
218.463	362
218.513	364
218.564	384
218.614	397
218.665	410
218.715	431
218.765	437
218.815	464
218.865	477
218.916	479
218.966	497
219.016	495
219.066	502
219.116	500
219.166	482
219.217	483
219.267	470
219.317	448
219.367	439
219.417	423
219.469	402
219.519	390
219.569	369
219.619	366
219.669	359
219.719	348
219.770	354
219.820	362
219.870	362
219.920	375
219.970	380
220.020	405
220.071	420
220.121	430
220.171	455
220.221	461
220.271	483
220.321	494
220.373	487
220.423	504
220.473	502
220.523	491
220.573	491
220.624	469
220.674	464
220.724	449
220.774	421
220.824	415
220.874	398
220.925	376
220.975	371
221.025	365
221.075	354
221.125	353
221.176	349
221.226	360
221.277	369
221.327	374
221.377	395
221.427	407
221.478	428
221.528	446
221.578	449
221.628	476
221.678	487
221.728	489
221.779	503
221.829	493
221.879	503
221.929	496
221.979	476
222.030	474
222.080	456
222.131	434
222.181	425
222.231	403
222.281	390
222.332	378
222.382	359
222.432	357
222.482	354
222.532	346
222.582	355
222.633	356
222.683	374
222.733	387
222.783	394
222.833	419
222.884	435
222.934	447
222.984	470
223.035	467
223.085	494
223.135	501
223.186	493
223.236	505
223.286	498
223.336	487
223.386	482
223.437	454
223.487	451
223.537	433
223.587	407
223.637	399
223.687	383
223.738	365
223.788	361
223.838	348
223.888	351
223.939	352
223.989	353
224.040	367
224.090	379
224.140	389
224.190	410
224.240	416
224.291	445
224.341	461
224.391	464
224.441	489
224.491	494
224.541	501
224.592	507
224.642	490
224.692	498
224.742	488
224.792	464
224.843	460
224.894	440
224.944	421
224.994	408
225.044	382
225.094	377
225.145	366
225.195	350
225.245	351
225.295	351
225.345	352
225.395	361
225.446	363
225.496	385
225.546	400
225.596	410
225.646	436
225.696	447
225.748	466
225.798	483
225.848	480
225.898	503
225.948	506
225.999	496
226.049	503
226.099	489
226.149	482
226.199	468
226.249	439
226.300	434
226.350	416
226.400	392
226.450	384
226.500	375
226.550	356
226.601	352
226.652	345
226.702	351
226.752	356
226.802	358
226.853	378
226.903	393
226.953	406
227.003	426
227.053	433
227.103	461
227.154	476
227.204	481
227.254	499
227.304	489
227.354	508
227.405	506
227.455	488
227.505	490
227.556	475
227.606	453
227.656	444
227.707	421
227.757	406
227.807	392
227.857	370
227.907	365
227.957	356
228.008	344
228.058	350
228.108	351
228.158	358
228.208	370
228.259	375
228.309	399
228.359	415
228.409	428
228.460	452
228.510	459
228.561	484
228.611	495
228.661	492
228.711	508
228.761	505
228.811	495
228.862	496
228.912	467
228.962	469
229.012	453
229.062	426
229.113	417
229.163	399
229.213	378
229.263	370
229.313	354
229.364	352
229.415	349
229.465	344
229.515	355
229.565	363
229.615	372
229.665	391
229.716	398
229.766	426
229.816	444
229.866	449
229.916	477
229.967	487
230.017	495
230.067	507
230.117	492
230.167	508
230.217	501
230.269	481
230.319	478
230.369	460
230.419	440
230.469	427
230.520	398
230.570	392
230.620	377
230.670	357
230.720	356
230.770	351
230.821	344
230.871	352
230.921	353
230.971	369
231.021	383
231.071	392
231.122	416
231.173	432
231.223	447
231.273	469
231.323	470
231.374	495
231.424	502
231.474	497
231.524	508
231.574	500
231.624	493
231.675	485
231.725	456
231.775	454
231.825	436
231.875	408
231.925	400
231.976	383
232.026	366
232.077	360
232.127	345
232.177	350
232.228	350
232.278	350
232.328	363
232.378	375
232.428	386
232.478	407
232.529	416
232.579	444
232.629	461
232.679	466
232.729	490
232.779	492
232.830	505
232.880	508
232.931	491
232.981	500
233.031	489
233.082	470
233.132	463
233.182	441
233.232	424
233.282	409
233.332	384
233.383	378
233.433	366
233.483	352
233.533	351
233.583	358
233.633	347
233.684	360
233.734	362
233.784	383
233.835	399
233.885	409
233.936	434
233.986	450
234.036	465
234.086	483
234.136	482
234.186	502
234.237	506
234.287	498
234.337	503
234.387	482
234.437	484
234.488	470
234.538	443
234.588	437
234.638	418
234.688	394
234.739	386
234.790	375
234.840	358
234.890	354
234.940	344
234.990	351
235.040	356
235.091	358
235.141	376
235.191	383
235.241	406
235.291	425
235.342	432
235.392	460
235.442	473
235.492	479
235.542	497
235.592	487
235.644	507
235.694	505
235.744	485
235.794	490
235.844	475
235.894	457
235.945	446
235.995	419
236.045	411
236.095	395
236.145	371
236.196	368
236.246	359
236.296	349
236.346	352
236.396	348
236.446	361
236.497	371
236.548	376
236.598	398
236.648	414
236.698	427
236.749	450
236.799	452
236.849	480
236.899	490
236.949	484
236.999	503
237.050	501
237.100	494
237.150	494
237.200	472
237.250	471
237.300	455
237.351	427
237.401	421
237.452	404
237.502	384
237.552	375
237.603	358
237.653	358
237.703	355
237.753	349
237.803	358
237.853	367
237.904	372
237.954	390
238.004	397
238.054	422
238.104	438
238.154	444
238.205	470
238.255	479
238.305	489
238.356	499
238.406	489
238.457	501
238.507	496
238.557	478
238.607	477
238.657	459
238.707	444
238.758	431
238.808	405
238.858	399
238.908	384
238.958	366
239.008	364
239.059	359
239.109	352
239.159	358
239.209	356
239.260	372
239.311	383
239.361	390
239.411	413
239.461	426
239.511	443
239.561	460
239.612	461
239.662	485
239.712	492
239.762	488
239.812	499
239.862	490
239.913	490
239.963	482
240.013	459
240.063	457
240.113	440
240.165	416
240.215	409
240.265	394
240.315	376
240.365	372
240.415	356
240.466	359
240.516	359
240.566	356
