#Creator: pendulumdriveEventBuffer
#Creation time: Tue Apr  4 15:26:34 2017
#Time	Pos
#[s]	[au]
0.050	396
0.101	378
0.151	362
0.201	336
0.251	326
0.301	313
0.352	315
0.402	317
0.453	320
0.503	341
0.553	363
0.603	380
0.654	407
0.704	422
0.754	460
0.804	482
0.854	495
0.904	520
0.955	515
1.005	539
1.055	539
1.105	517
1.155	522
1.206	503
1.256	478
1.306	461
1.357	429
1.407	408
1.457	383
1.508	354
1.558	341
1.608	327
1.658	313
1.708	313
1.758	311
1.809	322
1.859	337
1.909	348
1.959	377
2.009	401
2.060	421
2.110	455
2.160	463
2.210	501
2.261	517
2.311	514
2.362	537
2.412	536
2.462	528
2.512	526
2.562	491
2.612	490
2.663	467
2.713	428
2.763	415
2.813	389
2.863	360
2.914	345
2.964	324
3.014	320
3.064	316
3.114	310
3.165	321
3.216	335
3.266	345
3.316	372
3.366	387
3.416	421
3.467	448
3.517	460
3.567	495
3.617	509
3.667	523
3.717	536
3.768	518
3.818	536
3.868	526
3.918	501
3.968	494
4.018	469
4.070	442
4.120	422
4.170	386
4.220	371
4.270	352
4.321	330
4.371	323
4.421	319
4.471	312
4.521	321
4.571	328
4.622	348
4.672	368
4.722	384
4.772	416
4.822	439
4.872	463
4.923	490
4.974	492
5.024	524
5.074	532
5.124	521
5.175	537
5.225	522
5.275	514
5.325	498
5.375	461
5.425	453
5.476	426
5.526	393
5.576	377
5.626	357
5.676	332
5.726	326
5.777	315
5.827	316
5.878	320
5.928	324
5.978	344
6.029	366
6.079	384
6.129	410
6.179	427
6.229	463
6.279	485
6.330	497
6.380	522
6.430	518
6.480	538
6.530	537
6.580	517
6.631	520
6.681	501
6.731	471
6.782	458
6.832	428
6.883	404
6.933	382
6.983	354
7.033	340
7.083	328
7.133	314
7.184	316
7.234	319
7.284	324
7.334	340
7.384	350
7.435	380
7.485	405
7.535	424
7.585	457
7.635	469
7.686	502
7.737	519
7.787	514
7.837	537
7.887	536
7.937	524
7.987	524
8.038	493
8.088	486
8.138	463
8.188	427
8.238	411
8.289	386
8.339	356
8.389	344
8.439	324
8.489	319
8.539	316
8.591	312
8.641	323
8.691	337
8.741	348
8.791	376
8.841	390
8.892	425
8.942	452
8.992	464
9.042	499
9.092	513
9.143	524
9.193	536
9.243	521
9.293	536
9.343	526
9.393	497
9.444	492
9.495	467
9.545	437
9.595	418
9.645	384
9.696	368
9.746	349
9.796	328
9.846	321
9.896	317
9.946	310
9.997	322
10.047	326
10.097	349
10.147	370
10.197	386
10.247	420
10.298	443
10.348	465
10.399	493
10.449	494
10.499	527
10.550	534
10.600	527
10.650	538
10.700	524
10.750	510
10.800	497
10.851	462
10.901	449
10.951	424
11.001	389
11.051	373
11.101	353
11.152	329
11.202	324
11.252	312
11.303	315
11.353	319
11.404	324
11.454	345
11.504	366
11.554	384
11.604	415
11.654	429
11.705	466
11.755	489
11.805	498
11.855	525
11.905	526
11.955	538
12.006	539
12.056	519
12.106	519
12.156	499
12.207	467
12.258	453
12.308	425
12.358	400
12.408	377
12.458	349
12.508	337
12.559	325
12.609	312
12.659	314
12.709	327
12.759	322
12.809	341
12.860	355
12.910	384
12.960	409
13.010	428
13.060	461
13.112	472
13.162	507
13.212	523
13.262	519
13.312	540
13.362	538
13.413	524
13.463	523
13.513	490
13.563	483
13.613	459
13.664	423
13.714	405
13.764	381
13.814	352
13.864	338
13.914	327
13.965	314
14.016	314
14.066	310
14.116	323
14.166	338
14.216	352
14.267	380
14.317	399
14.367	432
14.417	459
14.467	471
14.518	507
14.568	520
14.618	528
14.668	541
14.718	524
14.768	538
14.819	527
14.869	494
14.920	488
14.970	463
15.020	432
15.070	409
15.121	379
15.171	360
15.221	341
15.271	320
15.321	315
15.372	311
15.422	304
15.472	320
15.522	327
15.572	352
15.622	375
15.673	391
15.723	428
15.774	453
15.824	471
15.874	503
15.924	504
15.975	534
16.025	541
16.075	529
16.125	540
16.175	527
16.226	507
16.276	492
16.326	456
16.376	442
16.426	415
16.476	379
16.527	362
16.577	343
16.627	322
16.678	317
16.728	305
16.779	312
16.829	318
16.879	324
16.929	348
16.979	371
17.029	389
17.080	423
17.130	437
17.180	476
17.230	498
17.280	506
17.330	532
17.381	535
17.431	538
17.481	542
17.531	515
17.582	518
17.633	497
17.683	461
17.733	447
17.783	419
17.833	389
17.883	368
17.934	341
17.984	330
18.034	318
18.084	308
18.134	311
18.184	319
18.235	324
18.285	344
18.335	357
18.385	390
18.435	416
18.487	433
18.537	470
18.587	489
18.637	512
18.687	529
18.737	522
18.788	543
18.838	540
18.888	521
18.938	520
18.988	493
19.038	475
19.089	453
19.139	414
19.189	398
19.239	373
19.289	345
19.340	334
19.391	323
19.441	308
19.491	311
19.541	311
19.591	325
19.642	341
19.692	356
19.742	386
19.792	411
19.842	435
19.892	465
19.943	474
19.993	511
20.043	525
20.093	526
20.143	542
20.194	522
20.244	536
20.295	523
20.345	492
20.395	482
20.445	456
20.496	421
20.546	403
20.596	379
20.646	352
20.696	336
20.747	318
20.797	314
20.847	311
20.897	309
20.947	323
20.997	335
21.048	356
21.098	381
21.148	399
21.199	435
21.249	460
21.299	477
21.350	508
21.400	509
21.450	536
21.500	541
21.550	528
21.601	537
21.651	522
21.701	499
21.751	486
21.801	446
21.851	434
21.902	407
21.952	372
22.002	357
22.052	338
22.103	320
22.153	314
22.204	306
22.254	312
22.304	321
22.354	330
22.404	354
22.455	377
22.505	396
22.555	430
22.605	446
22.655	484
22.705	505
22.756	508
22.806	535
22.856	539
22.906	538
22.956	540
23.008	509
23.058	511
23.108	490
23.158	456
23.208	440
23.258	411
23.309	378
23.359	360
23.409	334
23.459	324
23.509	314
23.559	307
23.610	311
23.660	319
23.710	328
23.760	350
23.810	365
23.860	398
23.912	426
23.962	444
24.012	480
24.062	500
24.112	516
24.163	535
24.213	523
24.263	545
24.313	541
24.363	516
24.413	516
24.464	490
24.514	465
24.564	443
24.614	404
24.664	389
24.715	364
24.765	336
24.816	325
24.866	317
24.916	305
24.966	309
25.017	312
25.067	328
25.117	346
25.167	362
25.217	394
25.267	421
25.318	445
25.368	477
25.418	485
25.468	521
25.518	534
25.569	529
25.619	546
25.670	537
25.720	532
25.770	519
25.820	485
25.871	474
25.921	447
25.971	412
26.021	391
26.071	367
26.121	338
26.172	327
26.222	310
26.272	308
26.322	308
26.372	309
26.423	325
26.473	345
26.523	361
26.574	390
26.624	408
26.674	447
26.725	472
26.775	487
26.825	519
26.875	525
26.925	543
26.976	548
27.026	531
27.076	537
27.126	521
27.176	493
27.226	478
27.277	443
27.327	420
27.377	395
27.427	361
27.478	345
27.528	327
27.579	309
27.629	308
27.679	315
27.729	308
27.779	323
27.830	332
27.880	362
27.930	386
27.980	407
28.030	443
28.080	459
28.131	496
28.181	517
28.231	520
28.281	544
28.331	545
28.382	538
28.433	540
28.483	507
28.533	506
28.583	481
28.633	442
28.684	427
28.734	397
28.784	364
28.834	348
28.884	323
28.934	315
28.985	308
29.035	299
29.085	310
29.135	321
29.185	330
29.235	358
29.287	376
29.337	411
29.387	440
29.437	456
29.487	494
29.538	513
29.588	526
29.638	544
29.688	530
29.738	549
29.788	542
29.839	515
29.889	508
29.939	482
29.989	452
30.039	430
30.089	392
30.140	375
30.191	349
30.241	325
30.291	315
30.341	309
30.392	300
30.442	308
30.492	312
30.542	334
30.592	355
30.642	372
30.693	406
30.743	434
30.793	460
30.843	490
30.893	499
30.944	531
30.994	542
31.044	533
31.095	550
31.145	538
31.195	527
31.246	512
31.296	473
31.346	463
31.396	434
31.446	397
31.496	378
31.547	354
31.597	326
31.647	318
31.697	306
31.747	304
31.798	307
31.848	310
31.898	331
31.948	351
31.999	370
32.049	403
32.100	420
32.150	460
32.200	487
32.250	500
32.300	529
32.350	535
32.401	546
32.451	549
32.501	527
32.551	533
32.601	513
32.652	479
32.702	466
32.752	434
32.802	404
32.852	381
32.903	350
32.954	334
33.004	319
33.054	305
33.104	305
33.154	310
33.204	308
33.255	328
33.305	342
33.355	373
33.405	399
33.455	418
33.506	457
33.556	473
33.606	506
33.656	527
33.706	524
33.756	548
33.808	548
33.858	538
33.908	535
33.958	501
34.008	494
34.059	470
34.109	430
34.159	412
34.209	383
34.259	352
34.309	336
34.360	319
34.410	306
34.460	305
34.510	300
34.560	313
34.610	327
34.661	340
34.712	369
34.762	395
34.812	424
34.862	454
34.913	464
34.963	506
35.013	523
35.063	532
35.113	548
35.163	530
35.214	548
35.264	536
35.314	506
35.364	497
35.414	470
35.464	436
35.515	416
35.565	377
35.616	360
35.666	339
35.716	316
35.767	311
35.817	307
35.867	300
35.917	313
35.967	319
36.017	343
36.068	367
36.118	385
36.168	421
36.218	448
36.268	469
36.318	502
36.369	506
36.419	537
36.470	545
36.520	539
36.570	548
36.621	534
36.671	514
36.721	501
36.771	461
36.821	449
36.871	420
36.922	385
36.972	366
37.022	343
37.072	320
37.122	313
37.172	302
37.223	305
37.273	312
37.323	317
37.374	341
37.424	363
37.475	384
37.525	416
37.575	432
37.625	474
37.675	497
37.725	507
37.776	535
37.826	538
37.876	543
37.926	547
37.976	520
38.027	525
38.077	503
38.127	466
38.177	453
38.227	423
38.278	392
38.329	369
38.379	339
38.429	327
38.479	315
38.529	304
38.579	306
38.630	312
38.680	316
38.730	338
38.780	352
38.830	385
38.881	412
38.931	433
38.981	470
39.031	490
39.081	512
39.131	532
39.183	524
39.233	547
39.283	545
39.333	528
39.383	525
39.433	500
39.484	479
39.534	457
39.584	417
39.634	400
39.684	374
39.735	344
39.785	331
39.835	319
39.885	304
39.935	307
39.985	306
40.036	321
40.087	337
40.137	352
40.187	381
40.237	407
40.288	434
40.338	464
40.388	472
40.438	512
40.488	527
40.538	527
40.589	545
40.639	534
40.689	540
40.739	527
40.789	492
40.839	485
40.890	459
40.940	427
40.991	404
41.041	383
41.091	348
41.142	335
41.192	317
41.242	311
41.292	309
41.342	306
41.392	320
41.443	342
41.493	352
41.543	378
41.593	396
41.643	432
41.693	459
41.744	476
41.794	507
41.844	511
41.895	538
41.945	543
41.996	531
42.046	540
42.096	527
42.146	502
42.196	488
42.246	447
42.297	437
42.347	409
42.397	374
42.447	358
42.497	339
42.547	316
42.598	313
42.648	306
42.698	310
42.748	319
42.799	326
42.850	352
42.900	374
42.950	395
43.000	427
43.050	443
43.100	480
43.151	504
43.201	507
43.251	535
43.301	538
43.351	538
43.401	540
43.452	514
43.502	515
43.552	493
43.602	456
43.652	443
43.704	413
43.754	384
43.804	363
43.854	336
43.904	326
43.954	316
44.005	306
44.055	311
44.105	319
44.155	324
44.205	348
44.256	361
44.306	395
44.356	422
44.406	440
44.456	475
44.506	494
44.557	512
44.608	532
44.658	522
44.708	544
44.758	540
44.808	518
44.859	516
44.909	493
44.959	466
45.009	447
45.059	410
45.110	394
45.160	368
45.210	341
45.260	330
45.310	319
45.360	308
45.411	311
45.461	312
45.512	329
45.562	345
45.612	360
45.662	391
45.713	415
45.763	440
45.813	470
45.863	480
45.913	514
45.964	528
46.014	524
46.064	542
46.114	536
46.164	530
46.214	519
46.265	483
46.315	477
46.366	451
46.416	416
46.466	398
46.516	373
46.567	346
46.617	334
46.667	316
46.717	314
46.767	313
46.818	312
46.868	326
46.918	343
46.968	358
47.018	386
47.068	401
47.119	440
47.169	465
47.219	479
47.270	510
47.320	519
47.371	534
47.421	541
47.471	527
47.521	535
47.571	520
47.621	493
47.672	481
47.722	453
47.772	426
47.822	403
47.872	371
47.922	355
47.973	337
48.023	320
48.073	316
48.123	329
48.174	309
48.225	324
48.275	334
48.325	359
48.375	382
48.425	400
48.475	434
48.526	454
48.576	484
48.626	505
48.676	507
48.726	534
48.776	537
48.827	529
48.877	535
48.927	510
48.977	506
49.027	485
49.079	449
49.129	436
49.179	408
49.229	378
49.279	360
49.329	335
49.380	324
49.430	318
49.480	310
49.530	315
49.580	323
49.630	332
49.681	356
49.731	369
49.781	401
49.831	427
49.881	442
49.932	480
49.983	499
50.033	510
50.083	531
50.133	520
50.183	540
50.234	535
50.284	516
50.334	511
50.384	487
50.434	461
50.484	442
50.535	402
50.585	389
50.635	366
50.685	340
50.735	329
50.786	321
50.836	312
50.887	315
50.937	317
50.987	334
51.037	351
51.088	364
51.138	397
51.188	421
51.238	442
51.288	473
51.339	476
51.389	515
51.439	527
51.489	524
51.539	539
51.589	532
51.640	523
51.690	514
51.740	479
51.791	472
51.841	447
51.891	412
51.942	395
51.992	371
52.042	346
52.092	334
52.142	318
52.193	316
52.243	316
52.293	316
52.343	332
52.393	349
52.443	362
52.494	391
52.544	405
52.594	443
52.644	467
52.695	481
52.745	511
52.796	519
52.846	530
52.896	538
52.946	522
52.996	530
53.047	515
53.097	487
53.147	477
53.197	447
53.247	422
53.297	400
53.348	368
53.398	354
53.448	338
53.498	320
53.548	318
53.600	318
53.650	313
53.700	329
53.750	338
53.800	363
53.850	386
53.901	404
53.951	437
54.001	458
54.051	485
54.101	507
54.151	509
54.202	534
54.252	536
54.302	526
54.352	532
54.402	506
54.452	501
54.504	482
54.554	444
54.604	432
54.654	404
54.704	374
54.755	358
54.805	355
54.855	320
54.905	318
54.955	310
55.005	317
55.056	326
55.106	334
55.156	359
55.206	383
55.256	404
55.307	433
55.357	446
55.408	482
55.458	502
55.508	510
55.558	531
55.609	520
55.659	540
55.709	535
55.759	506
55.809	507
55.859	485
55.910	454
55.960	437
56.010	407
56.060	384
56.110	362
56.161	337
56.211	328
56.262	319
56.312	309
56.362	315
56.412	319
56.463	333
56.513	355
56.563	370
56.613	401
56.663	425
56.713	445
56.764	478
56.814	483
56.864	518
56.914	530
56.964	521
57.015	540
57.065	534
57.115	518
57.166	511
57.216	477
57.266	468
57.317	442
57.367	406
57.417	390
57.467	367
57.517	339
57.568	331
57.618	314
57.668	315
57.718	315
57.768	316
57.818	332
57.869	350
57.919	366
57.969	396
58.019	412
58.070	448
58.120	473
58.171	483
58.221	515
58.271	525
58.321	530
58.371	540
58.422	524
58.472	530
58.522	514
58.572	483
58.622	473
58.672	446
58.723	416
58.773	394
58.823	362
58.873	349
58.923	332
58.974	316
59.025	315
59.075	315
59.125	312
59.175	329
59.225	340
59.276	368
59.326	391
59.376	408
59.426	444
59.476	466
59.526	489
59.577	512
59.627	512
59.677	537
59.727	540
59.777	530
59.827	533
59.879	514
59.929	497
59.979	477
60.029	439
60.079	424
60.130	399
60.180	366
60.230	351
60.280	335
60.330	314
60.380	314
60.431	307
60.481	316
60.531	327
60.581	337
60.631	362
60.681	385
60.732	408
60.783	440
60.833	454
60.883	492
60.933	510
60.984	515
61.034	538
61.084	532
61.134	542
61.184	536
61.234	504
61.285	504
61.335	480
61.385	448
61.435	430
61.485	401
61.536	372
61.586	353
61.636	328
61.687	321
61.737	313
61.787	304
61.838	313
61.888	333
61.938	333
61.988	358
62.038	375
62.088	408
62.139	435
62.189	453
62.239	489
62.289	497
62.339	527
62.390	539
62.440	528
62.490	545
62.540	537
62.591	518
62.641	509
62.692	473
62.742	460
62.792	434
62.842	396
62.892	378
62.942	355
62.993	328
63.043	321
63.093	311
63.143	306
63.193	310
63.244	314
63.294	334
63.344	354
63.394	370
63.444	403
63.495	419
63.546	460
63.596	485
63.646	493
63.696	526
63.746	536
63.796	536
63.847	547
63.897	525
63.947	531
63.997	511
64.047	477
64.098	466
64.148	437
64.198	403
64.248	383
64.298	352
64.348	337
64.400	321
64.450	308
64.500	308
64.550	311
64.600	312
64.651	331
64.701	345
64.751	373
64.801	400
64.851	419
64.901	457
64.952	479
65.002	500
65.052	524
65.102	522
65.152	545
65.202	547
65.253	531
65.304	533
65.354	511
65.404	488
65.454	469
65.505	428
65.555	413
65.605	385
65.655	352
65.705	339
65.755	323
65.806	306
65.856	308
65.906	302
65.956	315
66.006	328
66.056	340
66.107	370
66.157	394
66.208	420
66.258	454
66.308	465
66.359	503
66.409	523
66.459	526
66.509	545
66.559	543
66.609	541
66.660	535
66.710	501
66.760	497
66.810	471
66.860	436
66.910	416
66.961	387
67.011	357
67.062	340
67.112	318
67.162	311
67.213	307
67.263	302
67.313	313
67.363	327
67.413	338
67.463	367
67.514	385
67.564	421
67.614	450
67.664	467
67.714	502
67.764	514
67.815	534
67.865	546
67.915	529
67.966	547
68.016	536
68.067	510
68.117	501
68.167	471
68.217	446
68.267	420
68.317	383
68.368	365
68.418	343
68.468	320
68.518	312
68.568	313
68.619	300
68.669	310
68.719	317
68.769	341
68.819	363
68.870	382
68.921	417
68.971	443
69.021	472
69.071	499
69.121	505
69.171	536
69.222	544
69.272	541
69.322	549
69.372	517
69.422	526
69.473	504
69.523	464
69.573	453
69.623	423
69.673	389
69.723	368
69.775	350
69.825	324
69.875	313
69.925	303
69.975	304
70.025	310
70.076	314
70.126	338
70.176	363
70.226	384
70.276	413
70.327	432
70.377	471
70.427	494
70.477	509
70.527	535
70.577	525
70.628	550
70.679	549
70.729	526
70.779	527
70.829	504
70.880	475
70.930	455
70.980	416
71.030	398
71.080	372
71.130	342
71.181	327
71.231	315
71.281	302
71.331	304
71.381	304
71.431	319
71.482	335
71.532	351
71.583	383
71.633	409
71.683	434
71.734	468
71.784	481
71.834	516
71.884	533
71.934	529
71.984	550
72.035	546
72.085	536
72.135	529
72.185	492
72.235	485
72.285	458
72.336	421
72.386	400
72.436	373
72.487	344
72.537	329
72.588	310
72.638	306
72.688	303
72.738	303
72.788	316
72.838	333
72.889	348
72.939	380
72.989	397
73.039	438
73.089	464
73.139	480
73.190	514
73.240	528
73.290	541
73.340	551
73.391	536
73.442	546
73.492	532
73.542	501
73.592	489
73.642	459
73.692	430
73.743	404
73.793	369
73.843	351
73.893	330
73.943	310
73.993	306
74.044	305
74.094	300
74.144	314
74.194	324
74.244	350
74.296	375
74.346	396
74.396	432
74.446	457
74.496	485
74.546	512
74.597	517
74.647	543
74.697	547
74.747	541
74.797	546
74.848	525
74.898	514
74.948	491
74.998	448
75.048	438
75.098	406
75.149	370
75.200	353
75.250	335
75.300	312
75.350	307
75.400	298
75.451	304
75.501	314
75.551	322
75.601	348
75.651	377
75.702	394
75.752	430
75.802	444
75.852	486
75.902	508
75.952	520
76.003	543
76.053	530
76.104	550
76.154	547
76.204	519
76.254	517
76.305	493
76.355	458
76.405	441
76.455	409
76.505	379
76.556	357
76.606	328
76.656	319
76.706	309
76.756	298
76.806	304
76.857	319
76.907	322
76.958	346
77.008	362
77.058	397
77.108	425
77.159	446
77.209	483
77.259	494
77.309	528
77.359	541
77.410	532
77.460	552
77.510	546
77.560	529
77.610	520
77.660	487
77.711	472
77.761	444
77.811	405
77.862	386
77.912	359
77.963	330
78.013	319
78.063	307
78.113	302
78.163	303
78.213	307
78.264	324
78.314	343
78.364	360
78.414	393
78.464	408
78.514	452
78.565	479
78.615	490
78.665	525
78.715	536
78.766	539
78.817	552
78.867	530
78.917	539
78.967	522
79.017	487
79.067	474
79.118	446
79.168	413
79.218	389
79.268	356
79.318	340
79.368	321
79.419	306
79.469	305
79.519	305
79.569	304
79.619	322
79.671	334
79.721	364
79.771	390
79.821	410
79.871	449
79.921	472
79.972	495
80.022	521
80.072	521
80.122	546
80.172	549
80.222	535
80.273	540
80.323	518
80.373	498
80.423	478
80.473	439
80.524	422
80.575	394
80.625	358
80.675	344
80.725	326
80.775	306
80.826	306
80.876	300
80.926	311
80.976	321
81.026	335
81.076	362
81.127	387
81.177	412
81.227	444
81.277	458
81.327	498
81.378	519
81.428	527
81.479	545
81.529	543
81.579	546
81.629	541
81.680	510
81.730	505
81.780	480
81.830	443
81.880	425
81.931	395
81.981	364
82.031	345
82.081	324
82.131	313
82.181	307
82.232	300
82.282	308
82.332	323
82.383	332
82.433	359
82.483	377
82.534	412
82.584	441
82.634	462
82.684	496
82.734	505
82.785	533
82.835	545
82.885	533
82.935	550
82.985	540
83.035	520
83.086	509
83.136	471
83.186	456
83.236	430
83.287	391
83.337	373
83.388	349
83.438	324
83.488	315
83.538	317
83.588	301
83.639	309
83.689	312
83.739	334
83.789	355
83.839	373
83.889	408
83.940	431
83.990	466
84.040	491
84.090	500
84.140	532
84.192	541
84.242	542
84.292	551
84.342	524
84.392	531
84.442	512
84.493	472
84.543	462
84.593	433
84.643	397
84.693	377
84.743	343
84.794	330
84.844	316
84.894	304
84.944	304
84.994	308
85.044	309
85.096	331
85.146	346
85.196	377
85.246	403
85.296	424
85.347	463
85.397	487
85.447	504
85.497	531
85.547	526
85.597	549
85.648	550
85.698	529
85.748	533
85.798	510
85.848	484
85.899	464
85.949	425
86.000	407
86.050	379
86.100	347
86.150	332
86.201	318
86.251	304
86.301	304
86.351	301
86.401	314
86.451	329
86.502	343
86.552	374
86.602	400
86.652	424
86.702	459
86.753	471
86.803	511
86.854	529
86.904	526
86.954	549
87.004	547
87.055	540
87.105	535
87.155	497
87.205	493
87.255	466
87.305	429
87.356	410
87.406	381
87.456	350
87.506	334
87.556	313
87.607	308
87.657	304
87.707	300
87.758	313
87.808	329
87.858	342
87.909	372
87.959	391
88.009	428
88.059	458
88.109	476
88.160	510
88.210	525
88.260	540
88.310	550
88.360	536
88.410	548
88.461	535
88.511	507
88.561	495
88.611	465
88.662	438
88.712	412
88.763	374
88.813	358
88.863	334
88.913	313
88.963	307
89.014	306
89.064	298
89.114	311
89.164	320
89.214	345
89.264	369
89.315	390
89.365	426
89.415	451
89.465	482
89.515	507
89.566	512
89.617	542
89.667	548
89.717	540
89.767	550
89.817	523
89.868	520
89.918	499
89.968	459
90.018	445
90.068	415
90.118	378
90.169	360
90.219	343
90.269	314
90.319	309
90.369	300
90.419	303
90.471	310
90.521	317
90.571	342
90.621	367
90.671	390
90.722	422
90.772	440
90.822	479
90.872	501
90.922	516
90.972	540
91.023	532
91.073	553
91.123	548
91.173	522
91.223	524
91.273	499
91.324	468
91.375	448
91.425	411
91.475	389
91.525	363
91.576	333
91.626	322
91.676	310
91.726	300
91.776	302
91.826	304
91.877	321
91.927	340
91.977	356
92.027	390
92.077	417
92.128	441
92.178	477
92.228	486
92.279	523
92.329	539
92.379	530
92.430	552
92.480	546
92.530	534
92.580	526
92.630	491
92.680	479
92.731	451
92.781	411
92.831	393
92.881	367
92.931	337
92.982	323
93.032	307
93.082	304
93.132	303
93.183	304
93.233	320
93.284	339
93.334	354
93.384	387
93.434	404
93.484	445
93.534	472
93.585	485
93.635	520
93.685	531
93.735	542
93.785	550
93.836	532
93.886	542
93.936	526
93.986	493
94.036	482
94.087	453
94.138	422
94.188	397
94.238	362
94.288	346
94.338	326
94.388	308
94.439	306
94.489	306
94.539	304
94.589	319
94.639	330
94.690	358
94.740	383
94.790	402
94.840	440
94.890	465
94.940	491
94.992	518
95.042	517
95.092	544
95.142	549
95.192	538
95.243	543
95.293	523
95.343	507
95.393	485
95.443	444
95.493	430
95.544	401
95.594	366
95.644	349
95.694	331
95.744	310
95.794	308
95.845	302
95.896	308
95.946	319
95.996	328
96.046	356
96.097	379
96.147	404
96.197	437
96.247	452
96.297	491
96.347	512
96.398	519
96.448	542
96.498	531
96.548	548
96.598	543
96.648	513
96.699	512
96.749	487
96.800	452
96.850	435
96.900	409
96.951	372
97.001	354
97.051	326
97.101	318
97.151	311
97.201	302
97.252	309
97.302	326
97.352	328
97.402	353
97.452	368
97.502	403
97.553	431
97.603	452
97.654	486
97.704	493
97.754	527
97.805	539
97.855	529
97.905	548
97.955	541
98.005	521
98.055	513
98.106	476
98.156	465
98.206	438
98.256	400
98.306	383
98.356	358
98.407	332
98.457	321
98.507	307
98.558	306
98.608	309
98.659	312
98.709	331
98.759	350
98.809	366
98.859	399
98.909	415
98.960	454
99.010	481
99.060	490
99.110	524
99.160	533
99.211	537
99.261	546
99.311	526
99.361	533
99.411	516
99.462	483
99.513	471
99.563	442
99.613	408
99.663	388
99.713	354
99.763	341
99.814	325
99.864	311
99.914	309
99.964	309
100.014	310
100.065	329
100.115	341
100.165	370
100.215	395
100.265	413
100.315	451
100.367	474
100.417	494
100.467	520
100.517	517
100.567	543
100.617	546
100.668	532
100.718	534
100.768	514
100.818	492
100.868	474
100.919	434
100.969	420
101.019	392
101.069	360
101.119	345
101.169	329
101.220	310
101.271	310
101.321	305
101.371	315
101.421	327
101.472	339
101.522	366
101.572	389
101.622	412
101.672	446
101.722	457
101.773	496
101.823	516
101.873	516
101.923	541
101.973	537
102.023	540
102.074	535
102.124	504
102.175	502
102.225	477
102.275	443
102.326	425
102.376	396
102.426	368
102.476	349
102.526	325
102.576	318
102.627	312
102.677	305
102.727	314
102.777	327
102.827	336
102.877	362
102.928	377
102.978	412
103.028	440
103.079	457
103.129	492
103.180	505
103.230	527
103.280	538
103.330	528
103.380	543
103.430	535
103.481	512
103.531	505
103.581	475
103.631	453
103.681	430
103.731	394
103.782	377
103.832	353
103.882	330
103.932	321
103.983	323
104.034	306
104.084	314
104.134	318
104.184	338
104.234	358
104.284	375
104.335	407
104.385	430
104.435	461
104.485	487
104.535	492
104.585	525
104.636	534
104.686	532
104.736	543
104.786	522
104.836	526
104.888	507
104.938	470
104.988	462
105.038	434
105.088	400
105.138	382
105.189	351
105.239	338
105.289	325
105.339	310
105.389	312
105.440	315
105.490	316
105.540	336
105.590	348
105.640	377
105.690	403
105.741	419
105.792	457
105.842	479
105.892	495
105.942	521
105.992	516
106.043	541
106.093	542
106.143	522
106.193	527
106.243	508
106.294	483
106.344	466
106.394	427
106.444	413
106.494	387
106.544	356
106.595	343
106.645	327
106.696	313
106.746	313
106.796	310
106.846	320
106.897	333
106.947	346
106.997	373
107.047	397
107.097	418
107.148	451
107.198	461
107.248	499
107.298	517
107.348	516
107.398	538
107.449	537
107.499	531
107.550	529
107.600	497
107.650	494
107.700	469
107.751	434
107.801	419
107.851	391
107.901	362
107.951	347
108.002	325
108.052	319
108.102	315
108.152	308
108.202	319
108.252	332
108.303	344
108.353	369
108.403	387
108.454	420
108.504	447
108.555	462
108.605	495
108.655	510
108.705	524
108.755	537
108.805	525
108.856	539
108.906	531
108.956	503
109.006	498
109.056	471
109.106	445
109.157	423
109.207	386
109.257	372
109.307	351
109.358	328
109.409	321
109.459	317
109.509	308
109.559	317
109.609	324
109.659	345
109.710	365
109.760	380
109.810	414
109.860	438
109.910	464
109.960	491
110.011	493
110.061	527
110.111	534
110.161	529
110.211	540
110.263	526
110.313	519
110.363	502
110.413	465
110.463	455
110.513	428
110.564	395
110.614	377
110.664	358
110.714	330
110.764	324
110.814	311
110.865	313
110.915	317
110.965	320
111.015	341
111.065	365
111.116	380
111.167	409
111.217	427
111.267	462
111.317	484
111.367	496
111.418	523
111.468	514
111.518	540
111.568	540
111.618	521
111.668	524
111.719	504
111.769	476
111.819	461
111.869	427
111.919	408
111.970	383
112.020	355
112.071	341
112.121	327
112.171	312
112.221	314
112.272	319
112.322	322
112.372	337
112.422	352
112.472	378
112.523	403
112.573	422
112.623	457
112.673	471
112.723	503
112.773	519
112.824	520
112.874	539
112.924	537
112.975	529
113.025	526
113.075	495
113.126	489
113.176	465
113.226	428
113.276	413
113.326	386
113.377	359
113.427	343
113.477	323
113.527	318
113.577	314
113.627	310
113.678	321
113.728	335
113.778	346
113.828	375
113.879	390
113.929	425
113.980	453
114.030	465
114.080	501
114.130	515
114.180	525
114.231	539
114.281	524
114.331	538
114.381	529
114.431	499
114.481	493
114.532	466
114.582	438
114.632	416
114.682	380
114.732	365
114.784	344
114.834	322
114.884	317
114.934	313
114.984	306
115.034	318
115.085	325
115.135	348
115.185	370
115.235	386
115.285	422
115.335	447
115.386	470
115.436	498
115.486	498
115.536	533
115.586	539
115.636	531
115.688	542
115.738	528
115.788	513
115.838	497
115.888	461
115.939	448
115.989	420
116.039	385
116.089	368
116.139	347
116.189	324
116.240	318
116.290	306
116.340	309
116.390	316
116.440	322
116.491	343
116.541	366
116.592	386
116.642	418
116.692	433
116.742	472
116.793	495
116.843	503
116.893	531
116.943	533
116.993	542
117.043	543
117.094	523
117.144	522
117.194	500
117.244	467
117.294	453
117.345	422
117.395	393
117.446	372
117.496	342
117.546	331
117.596	319
117.647	306
117.697	310
117.747	317
117.797	320
117.847	341
117.897	354
117.948	386
117.998	412
118.048	431
118.098	468
118.148	477
118.199	514
118.249	529
118.299	525
118.350	545
118.400	542
118.450	528
118.501	525
118.551	491
118.601	482
118.651	457
118.701	419
118.752	403
118.802	376
118.852	348
118.902	334
118.952	319
119.002	308
119.053	309
119.103	307
119.153	322
119.203	338
119.254	352
119.304	381
119.355	399
119.405	434
119.455	463
119.505	477
119.555	510
119.606	523
119.656	529
119.706	544
119.756	526
119.806	540
119.856	527
119.907	494
119.957	487
120.007	460
120.057	428
120.107	407
120.158	375
120.209	356
120.259	337
120.309	317
120.359	314
120.409	311
120.460	306
120.510	320
120.560	329
120.610	354
120.660	377
120.710	394
120.761	431
120.811	456
120.861	478
120.911	506
120.961	507
121.011	536
121.063	541
121.113	532
121.163	540
121.213	525
121.263	506
121.314	490
121.364	449
121.414	439
121.464	411
121.514	376
121.564	360
121.615	341
121.665	320
121.715	315
121.765	307
121.815	311
121.865	319
121.916	325
121.967	351
122.017	374
122.067	394
122.117	426
122.168	441
122.218	480
122.268	502
122.318	510
122.368	534
122.418	536
122.469	541
122.519	541
122.569	515
122.619	515
122.669	493
122.720	460
122.770	443
122.820	414
122.871	384
122.921	364
122.971	336
123.022	326
123.072	317
123.122	306
123.172	310
123.222	319
123.272	324
123.323	347
123.373	362
123.423	394
123.473	421
123.523	442
123.574	475
123.624	492
123.674	518
123.724	533
123.775	524
123.825	545
123.876	541
123.926	522
123.976	519
124.026	490
124.076	472
124.126	449
124.177	408
124.227	393
124.277	367
124.327	340
124.377	328
124.428	331
124.478	304
124.528	310
124.578	310
124.628	327
124.679	343
124.730	358
124.780	390
124.830	415
124.880	444
124.930	471
124.980	481
125.031	516
125.081	530
125.131	533
125.181	545
125.231	526
125.282	537
125.332	522
125.382	489
125.432	479
125.482	452
125.532	418
125.584	398
125.634	375
125.684	346
125.734	330
125.784	312
125.835	311
125.885	309
125.935	308
125.985	323
126.035	335
126.085	360
126.136	386
126.186	402
126.236	441
126.286	466
126.336	486
126.386	513
126.437	510
126.488	541
126.538	544
126.588	531
126.638	539
126.689	523
126.739	497
126.789	483
126.839	443
126.889	430
126.939	402
126.990	368
127.040	352
127.090	334
127.140	314
127.190	311
127.240	304
127.291	312
127.341	322
127.392	330
127.442	358
127.492	381
127.543	402
127.593	436
127.643	448
127.693	489
127.743	510
127.793	515
127.844	538
127.894	541
127.944	539
127.994	540
128.044	512
128.094	510
128.145	486
128.195	449
128.246	435
128.296	405
128.346	372
128.397	356
128.447	329
128.497	321
128.547	313
128.597	305
128.647	311
128.698	321
128.748	330
128.798	354
128.848	370
128.898	404
128.948	432
128.999	449
129.049	485
129.099	504
129.150	521
129.200	539
129.251	525
129.301	546
129.351	541
129.401	517
129.451	513
129.501	486
129.552	460
129.602	438
129.652	398
129.702	383
129.752	359
129.803	332
129.853	322
129.903	315
129.953	304
130.003	309
130.054	313
130.105	331
130.155	351
130.205	368
130.255	400
130.305	426
130.355	451
130.406	481
130.456	488
130.506	524
130.556	535
130.606	532
130.657	546
130.707	537
130.757	530
130.807	516
130.857	479
130.907	470
130.959	442
131.009	406
131.059	387
131.109	363
131.159	336
131.209	324
131.260	309
131.310	309
131.360	309
131.410	310
131.460	328
131.511	350
131.561	364
131.611	394
131.661	410
131.711	450
131.761	475
131.812	492
131.863	520
131.913	519
131.963	540
132.013	546
132.064	528
132.114	534
132.164	516
132.214	488
132.264	474
132.314	441
132.365	418
132.415	392
132.465	360
132.515	344
132.565	328
132.615	310
132.666	310
132.716	319
132.767	310
132.817	326
132.867	338
132.918	365
132.968	390
133.018	410
133.068	445
133.118	461
133.168	496
133.219	516
133.269	520
133.319	541
133.369	541
133.419	535
133.469	536
133.520	501
133.570	502
133.620	478
133.671	438
133.721	425
133.772	397
133.822	365
133.872	349
133.922	325
133.972	318
134.022	311
134.073	304
134.123	314
134.173	325
134.223	334
134.273	362
134.323	376
134.374	412
134.424	441
134.474	456
134.524	492
134.575	510
134.626	522
134.676	539
134.726	527
134.776	543
134.826	536
134.876	511
134.927	505
134.977	480
135.027	450
135.077	430
135.127	392
135.177	376
135.228	353
135.278	328
135.328	321
135.378	315
135.428	304
135.480	313
135.530	317
135.580	338
135.630	359
135.680	374
135.730	409
135.781	433
135.831	458
135.881	487
135.931	494
135.981	526
136.032	536
136.082	533
136.132	544
136.182	533
136.232	523
136.282	508
136.333	469
136.384	461
136.434	434
136.484	398
136.534	381
136.584	357
136.635	330
136.685	323
136.735	310
136.785	311
136.835	313
136.886	316
136.936	335
136.986	355
137.036	373
137.086	403
137.136	420
137.187	458
137.237	482
137.288	493
137.338	523
137.388	529
137.438	539
137.489	544
137.539	522
137.589	528
137.639	511
137.689	480
137.740	465
137.790	435
137.840	407
137.890	385
137.940	354
137.990	341
138.041	326
138.091	312
138.142	312
138.192	315
138.242	314
138.292	333
138.343	345
138.393	374
138.443	398
138.493	418
138.543	453
138.594	472
138.644	499
138.694	519
138.744	516
138.794	541
138.844	541
138.895	530
138.945	530
138.995	504
139.046	492
139.096	470
139.147	431
139.197	417
139.247	390
139.297	357
139.347	345
139.397	337
139.448	312
139.498	312
139.548	306
139.598	317
139.648	331
139.698	341
139.749	370
139.799	394
139.849	420
139.899	448
139.950	462
140.001	498
140.051	515
140.101	522
140.151	540
140.201	524
140.251	543
140.302	532
140.352	503
140.402	498
140.452	471
140.502	442
140.552	421
140.603	387
140.653	368
140.703	346
140.753	323
140.803	317
140.855	312
140.905	305
140.955	315
141.005	321
141.055	344
141.105	365
141.156	382
141.206	417
141.256	443
141.306	465
141.356	496
141.406	497
141.457	531
141.507	540
141.557	529
141.607	543
141.657	532
141.708	512
141.759	502
141.809	461
141.859	453
141.909	425
141.959	388
142.010	371
142.060	349
142.110	325
142.160	318
142.210	307
142.260	309
142.311	314
142.361	319
142.411	340
142.461	361
142.511	380
142.562	412
142.612	426
142.663	467
142.713	491
142.763	501
142.813	529
142.864	534
142.914	540
142.964	545
143.014	528
143.064	525
143.115	505
143.165	472
143.215	457
143.265	428
143.315	396
143.365	376
143.416	345
143.466	333
143.516	320
143.567	307
143.617	309
143.667	313
143.718	316
143.768	336
143.818	350
143.868	382
143.918	407
143.969	426
144.019	463
144.069	483
144.119	507
144.169	527
144.219	523
144.270	544
144.320	544
144.370	530
144.420	528
144.471	502
144.521	484
144.572	462
144.622	424
144.672	407
144.722	380
144.772	350
144.823	336
144.873	325
144.923	306
144.973	309
145.023	306
145.073	320
145.124	335
145.174	348
145.224	378
145.274	405
145.324	428
145.376	459
145.426	469
145.476	507
145.526	523
145.576	527
145.626	543
145.677	528
145.727	539
145.777	529
145.827	495
145.877	490
145.927	464
145.978	432
146.028	410
146.078	383
146.128	357
146.178	339
146.228	319
146.280	313
146.330	310
146.380	305
146.430	318
146.480	339
146.531	348
146.581	374
146.631	391
146.681	427
146.731	453
146.781	472
146.832	504
146.882	507
146.932	536
146.982	543
147.032	529
147.083	542
147.133	529
147.184	506
147.234	494
147.284	460
147.334	442
147.385	415
147.435	378
147.485	364
147.535	342
147.585	320
147.635	314
147.686	311
147.736	308
147.786	316
147.836	324
147.886	347
147.937	369
147.987	390
148.038	422
148.088	439
148.138	476
148.188	500
148.239	508
148.289	535
148.339	539
148.389	538
148.439	543
148.489	516
148.540	519
148.590	498
148.640	460
148.690	448
148.740	418
148.791	387
148.841	367
148.891	339
148.942	327
148.992	316
149.042	305
149.093	308
149.143	315
149.193	320
149.243	343
149.293	356
149.344	390
149.394	417
149.444	433
149.494	472
149.544	493
149.594	511
149.645	532
149.695	522
149.745	546
149.795	543
149.846	523
149.896	522
149.947	499
149.997	473
150.047	453
150.097	415
150.147	397
150.198	371
150.248	343
150.298	331
150.348	319
150.398	307
150.448	309
150.499	309
150.549	325
150.599	340
150.649	353
150.699	385
150.750	411
150.801	436
150.851	467
150.901	481
150.951	512
151.001	528
151.052	525
151.102	543
151.152	537
151.202	534
151.252	523
151.302	491
151.353	482
151.403	456
151.453	419
151.503	402
151.553	375
151.603	349
151.655	334
151.705	317
151.755	313
151.805	311
151.855	308
151.906	323
151.956	341
152.006	353
152.056	382
152.106	399
152.156	435
152.207	461
152.257	476
152.307	508
152.357	510
152.407	534
152.457	542
152.508	527
152.559	538
152.609	524
152.659	497
152.709	486
152.760	454
152.810	432
152.860	407
152.910	372
152.960	358
153.010	339
153.061	318
153.111	315
153.161	319
153.211	309
153.261	322
153.312	330
153.362	356
153.412	378
153.463	397
153.513	430
153.563	447
153.614	481
153.664	504
153.714	506
153.764	534
153.814	539
153.864	535
153.915	539
153.965	513
154.015	512
154.065	490
154.115	452
154.166	440
154.216	412
154.266	380
154.316	362
154.367	339
154.417	326
154.468	318
154.518	308
154.568	314
154.618	321
154.668	328
154.718	352
154.769	365
154.819	398
154.869	424
154.919	440
154.969	477
155.020	497
155.070	511
155.120	531
155.170	522
155.220	542
155.271	538
155.322	512
155.372	514
155.422	491
155.472	462
155.522	445
155.572	407
155.623	392
155.673	367
155.723	341
155.773	330
155.823	319
155.874	308
155.924	313
155.974	314
156.024	331
156.074	348
156.124	362
156.176	393
156.226	419
156.276	441
156.326	473
156.376	482
156.427	516
156.477	529
156.527	524
156.577	542
156.627	535
156.677	526
156.728	518
156.778	486
156.828	475
156.878	449
156.928	414
156.978	396
157.029	371
157.080	344
157.130	332
157.180	316
157.230	314
157.281	313
157.331	312
157.381	328
157.431	345
157.481	360
157.531	389
157.582	404
157.632	442
157.682	468
157.732	480
157.782	513
157.832	521
157.883	535
157.933	542
157.984	525
158.034	534
158.084	520
158.135	491
158.185	480
158.235	450
158.285	424
158.335	400
158.385	368
158.436	353
158.486	335
158.536	316
158.586	314
158.636	315
158.686	312
158.737	325
158.787	336
158.838	361
158.888	385
158.938	402
158.989	437
159.039	459
159.089	486
159.139	509
159.189	510
159.239	537
159.290	540
159.340	531
159.390	537
159.440	513
159.490	505
159.540	484
159.591	449
159.641	433
159.691	405
159.742	375
159.792	357
159.843	342
159.893	320
159.943	316
159.993	307
160.043	314
160.093	323
160.144	331
160.194	357
160.244	382
160.294	402
160.344	432
160.395	446
160.445	484
160.495	503
160.545	513
160.595	535
160.646	522
160.697	543
160.747	537
160.797	510
160.847	510
160.897	487
160.947	454
160.998	438
161.048	407
161.098	384
161.148	361
161.198	332
161.249	325
161.299	317
161.349	307
161.399	313
161.449	319
161.499	332
161.551	353
161.601	368
161.651	400
161.701	426
161.751	448
161.801	480
161.852	485
161.902	521
161.952	533
162.002	525
162.052	543
162.103	537
162.153	522
162.203	514
162.253	474
162.303	469
162.353	443
162.404	406
162.455	389
162.505	365
162.555	337
162.605	328
162.656	312
162.706	313
162.756	313
162.806	314
162.856	331
162.906	350
162.957	364
163.007	396
163.057	409
163.107	449
163.157	475
163.207	485
163.258	518
163.308	527
163.359	533
163.409	543
163.459	526
163.510	532
163.560	516
163.610	483
163.660	473
163.710	445
163.760	416
163.811	394
163.861	361
163.911	347
163.961	331
164.011	313
164.061	314
164.112	313
164.162	312
164.212	328
164.263	340
164.313	366
164.364	391
164.414	407
164.464	445
164.514	466
164.564	489
164.614	514
164.665	511
164.715	538
164.765	542
164.815	529
164.865	534
164.915	513
164.966	498
165.016	478
165.066	440
165.116	425
165.167	399
165.218	366
165.268	352
165.318	335
165.368	316
165.418	315
165.468	307
165.519	316
165.569	327
165.619	336
165.669	363
165.719	385
165.769	409
165.820	439
165.870	452
165.920	490
165.970	510
166.020	516
166.072	537
166.122	532
166.172	541
166.222	535
166.272	508
166.322	504
166.373	481
166.423	447
166.473	431
166.523	406
166.573	372
166.624	355
166.674	330
166.724	322
166.774	315
166.824	307
166.874	314
166.925	333
166.976	336
167.026	360
167.076	375
167.126	408
167.176	435
167.227	454
167.277	487
167.327	493
167.377	526
167.427	536
167.478	527
167.528	543
167.578	536
167.628	517
167.678	509
167.728	473
167.779	461
167.829	435
167.880	399
167.930	381
167.980	358
168.030	332
168.081	323
168.131	319
168.181	308
168.231	313
168.281	314
168.332	335
168.382	355
168.432	370
168.482	403
168.532	423
168.582	458
168.633	483
168.683	490
168.734	524
168.784	533
168.834	532
168.884	544
168.935	526
168.985	529
169.035	512
169.085	480
169.135	466
169.186	438
169.236	405
169.286	385
169.336	355
169.386	339
169.436	324
169.487	309
169.537	309
169.587	310
169.638	312
169.688	331
169.739	344
169.789	373
169.839	399
169.889	415
169.939	454
169.989	478
170.040	496
170.090	523
170.140	524
170.190	544
170.240	546
170.290	531
170.341	533
170.391	513
170.441	489
170.491	470
170.542	431
170.593	415
170.643	388
170.693	356
170.743	341
170.793	325
170.843	310
170.894	308
170.944	304
170.994	315
171.044	328
171.094	339
171.144	369
171.195	394
171.245	416
171.295	451
171.345	463
171.395	502
171.447	520
171.497	520
171.547	544
171.597	542
171.647	541
171.697	535
171.748	501
171.798	499
171.848	473
171.898	436
171.948	419
171.998	389
172.049	360
172.099	342
172.149	320
172.199	314
172.249	308
172.300	301
172.351	312
172.401	327
172.451	337
172.501	366
172.551	383
172.602	419
172.652	447
172.702	464
172.752	499
172.802	513
172.852	535
172.903	545
172.953	530
173.003	546
173.053	536
173.103	513
173.154	503
173.204	471
173.255	448
173.305	423
173.355	384
173.405	368
173.456	344
173.506	320
173.556	313
173.606	323
173.656	300
173.707	311
173.757	318
173.807	339
173.857	362
173.907	380
173.957	415
174.008	437
174.058	470
174.108	496
174.159	502
174.209	534
174.259	542
174.310	538
174.360	547
174.410	521
174.460	526
174.510	505
174.561	470
174.611	455
174.661	425
174.711	389
174.761	371
174.811	351
174.862	325
174.912	315
174.962	304
175.012	306
175.063	311
175.113	316
175.164	337
175.214	351
175.264	384
175.314	411
175.364	428
175.415	467
175.465	491
175.515	507
175.565	532
175.615	523
175.665	547
175.716	547
175.766	527
175.816	528
175.866	505
175.916	477
175.968	458
176.018	418
176.068	402
176.118	375
176.168	344
176.218	331
176.269	318
176.319	304
176.369	306
176.419	304
176.469	319
176.519	334
176.570	348
176.620	380
176.670	406
176.720	430
176.770	464
176.820	474
176.872	512
176.922	528
176.972	525
177.022	547
177.072	543
177.123	536
177.173	529
177.223	494
177.273	488
177.323	462
177.373	424
177.424	406
177.474	379
177.524	348
177.574	334
177.624	315
177.675	310
177.725	307
177.776	304
177.826	317
177.876	333
177.926	346
177.977	376
178.027	395
178.077	431
178.127	459
178.177	473
178.227	509
178.278	522
178.328	534
178.378	545
178.428	527
178.478	542
178.529	530
178.579	499
178.630	491
178.680	463
178.730	434
178.780	410
178.831	373
178.881	358
178.931	337
178.981	316
179.031	311
179.081	309
179.132	304
179.182	316
179.232	325
179.282	349
179.332	373
179.383	391
179.433	427
179.483	451
179.534	478
179.584	505
179.634	508
179.685	537
179.735	544
179.785	535
179.835	543
179.885	527
179.936	514
179.986	494
180.036	457
180.086	443
180.136	414
180.186	379
180.237	362
180.287	342
180.337	320
180.387	313
180.438	304
180.488	308
180.539	315
180.589	321
180.639	346
180.689	371
180.739	392
180.790	423
180.840	442
180.890	478
180.940	501
180.990	511
181.040	536
181.091	524
181.141	548
181.191	544
181.241	518
181.291	519
181.342	497
181.393	464
181.443	446
181.493	414
181.543	388
181.593	364
181.644	336
181.694	325
181.744	313
181.794	304
181.844	307
181.894	319
181.945	322
181.995	344
182.045	360
182.095	391
182.145	419
182.195	440
182.247	475
182.297	487
182.347	520
182.397	535
182.447	527
182.498	548
182.548	543
182.598	530
182.648	522
182.698	485
182.748	477
182.799	450
182.849	411
182.899	393
182.949	367
182.999	337
183.049	325
183.100	309
183.151	306
183.201	305
183.251	305
183.301	321
183.352	339
183.402	356
183.452	387
183.502	402
183.552	444
183.602	472
183.653	484
183.703	519
183.753	530
183.803	539
183.853	549
183.904	531
183.954	540
184.004	525
184.055	492
184.105	480
184.155	452
184.206	419
184.256	397
184.306	362
184.356	346
184.406	327
184.456	308
184.507	306
184.557	306
184.607	304
184.657	319
184.707	329
184.758	358
184.808	383
184.858	402
184.908	441
184.959	465
185.009	489
185.060	516
185.110	516
185.160	543
185.210	548
185.260	537
185.310	542
185.361	521
185.411	504
185.461	484
185.511	443
185.561	429
185.612	399
185.662	365
185.712	348
185.762	330
185.812	309
185.863	307
185.914	301
185.964	307
186.014	317
186.064	328
186.114	355
186.164	380
186.215	404
186.265	437
186.315	453
186.365	492
186.415	513
186.466	519
186.516	543
186.566	539
186.616	549
186.666	543
186.716	512
186.768	510
186.818	485
186.868	449
186.918	432
186.968	401
187.019	372
187.069	351
187.119	325
187.169	315
187.219	308
187.269	299
187.320	307
187.370	327
187.420	324
187.470	353
187.520	368
187.570	405
187.621	433
187.672	453
187.722	488
187.772	499
187.822	528
187.873	542
187.923	532
187.973	550
188.023	543
188.073	521
188.123	513
188.174	476
188.224	464
188.274	435
188.324	395
188.374	379
188.424	354
188.475	328
188.525	317
188.576	317
188.626	300
188.676	305
188.727	309
188.777	329
188.827	350
188.877	368
188.927	401
188.977	423
189.028	458
189.078	485
189.128	494
189.178	528
189.228	538
189.278	539
189.329	550
189.379	525
189.430	534
189.480	516
189.530	481
189.581	468
189.631	438
189.681	404
189.731	382
189.781	349
189.831	334
189.882	319
189.932	305
189.982	304
190.032	306
190.082	308
190.132	327
190.183	340
190.233	371
190.283	398
190.334	415
190.384	456
190.435	480
190.485	500
190.535	527
190.585	524
190.635	548
190.685	550
190.736	529
190.786	536
190.836	514
190.886	488
190.936	471
190.987	431
191.037	413
191.087	384
191.137	352
191.187	336
191.238	319
191.289	304
191.339	304
191.389	299
191.439	311
191.489	325
191.539	338
191.590	368
191.640	394
191.690	418
191.740	454
191.790	466
191.841	507
191.891	526
191.941	528
191.991	549
192.041	545
192.091	544
192.143	538
192.193	501
192.243	499
192.293	472
192.343	434
192.393	415
192.444	385
192.494	354
192.544	336
192.594	312
192.644	308
192.695	303
192.745	298
192.795	309
192.845	323
192.895	336
192.945	366
192.996	382
193.047	422
193.097	451
193.147	468
193.197	505
193.248	519
193.298	539
193.348	549
193.398	539
193.448	551
193.498	539
193.549	510
193.599	502
193.649	470
193.699	444
193.749	418
193.799	378
193.850	362
193.900	338
193.951	316
194.001	307
194.051	305
194.102	296
194.152	306
194.202	314
194.252	339
194.302	362
194.352	382
194.403	418
194.453	444
194.503	475
194.553	502
194.603	510
194.653	539
194.704	546
194.754	543
194.804	551
194.855	526
194.905	524
194.956	504
195.006	467
195.056	451
195.106	421
195.156	385
195.206	365
195.257	347
195.307	320
195.357	309
195.407	298
195.457	301
195.507	307
195.558	313
195.608	336
195.658	362
195.708	384
195.759	414
195.810	434
195.860	473
195.910	497
195.960	512
196.010	538
196.060	525
196.111	552
196.161	550
196.211	529
196.261	528
196.311	503
196.361	475
196.412	454
196.462	414
196.512	395
196.562	368
196.612	337
196.664	323
196.714	311
196.764	298
196.814	302
196.864	301
196.914	317
196.965	335
197.015	352
197.065	383
197.115	411
197.165	436
197.216	471
197.266	480
197.316	519
197.366	535
197.416	532
197.466	551
197.517	547
197.568	536
197.618	529
197.668	494
197.718	483
197.768	456
197.819	416
197.869	397
197.919	369
197.969	338
198.019	325
198.070	306
198.120	303
198.170	301
198.220	298
198.270	315
198.320	334
198.371	348
198.421	381
198.472	398
198.522	439
198.572	467
198.622	481
198.673	518
198.723	532
198.773	541
198.823	552
198.873	535
198.924	545
198.974	530
199.024	498
199.074	487
199.124	457
199.174	426
199.225	400
199.275	364
199.326	346
199.376	325
199.426	308
199.476	303
199.527	303
199.577	298
199.627	314
199.677	325
199.727	352
199.778	378
199.828	399
199.878	436
199.928	462
199.978	488
200.028	516
200.079	517
200.129	546
200.179	551
200.230	541
200.280	547
200.331	527
200.381	510
200.431	489
200.481	449
200.531	433
200.581	403
200.632	367
200.682	349
200.732	330
200.782	308
200.832	304
200.882	296
200.933	303
200.983	313
201.033	322
201.083	350
201.134	375
201.185	400
201.235	433
201.285	449
201.335	489
201.385	512
201.435	519
201.486	544
201.536	539
201.586	552
201.636	546
201.686	519
201.736	515
201.787	491
201.837	456
201.887	437
201.937	406
201.987	373
202.039	353
202.089	326
202.139	316
202.189	307
202.239	298
202.289	304
202.340	323
202.390	324
202.440	348
202.490	366
202.540	400
202.590	428
202.641	450
202.691	485
202.741	493
202.791	528
202.841	541
202.892	532
202.943	551
202.993	544
203.043	528
203.093	517
203.143	478
203.194	468
203.244	440
203.294	403
203.344	384
203.394	357
203.444	330
203.495	319
203.545	305
203.595	304
203.645	306
203.695	307
203.746	326
203.796	347
203.847	362
203.897	396
203.947	413
203.997	453
204.048	480
204.098	492
204.148	525
204.198	535
204.248	539
204.299	550
204.349	530
204.399	536
204.449	519
204.499	482
204.549	472
204.600	442
204.650	409
204.700	387
204.751	354
204.801	339
204.851	322
204.902	305
204.952	306
205.002	307
205.052	306
205.102	325
205.153	338
205.203	367
205.253	393
205.303	411
205.353	450
205.403	475
205.454	497
205.504	522
205.554	520
205.604	545
205.655	548
205.705	535
205.756	536
205.806	516
205.856	494
205.906	475
205.956	436
206.007	418
206.057	391
206.107	357
206.157	342
206.207	325
206.257	308
206.308	307
206.358	302
206.408	311
206.458	323
206.508	336
206.560	364
206.610	389
206.660	413
206.710	447
206.760	458
206.810	499
206.861	518
206.911	524
206.961	544
207.011	542
207.061	544
207.111	538
207.162	505
207.212	502
207.262	477
207.312	442
207.362	422
207.412	393
207.464	363
207.514	344
207.564	322
207.614	313
207.664	307
207.715	301
207.765	310
207.815	323
207.865	332
207.915	360
207.965	378
208.016	414
208.066	441
208.116	460
208.166	495
208.216	506
208.267	533
208.317	542
208.368	531
208.418	547
208.468	538
208.518	513
208.569	506
208.619	475
208.669	453
208.719	427
208.769	390
208.819	372
208.870	349
208.920	324
208.970	316
209.020	323
209.070	300
209.121	310
209.171	314
209.222	336
209.272	358
209.322	377
209.372	409
209.423	433
209.473	464
209.523	491
209.573	501
209.623	530
209.673	539
209.724	536
209.774	547
209.824	524
209.874	528
209.924	508
209.975	470
210.025	460
210.075	430
210.126	395
210.176	376
210.226	351
210.277	329
210.327	318
210.377	306
210.427	306
210.477	310
210.528	312
210.578	333
210.628	347
210.678	378
210.728	405
210.778	421
210.829	462
210.879	485
210.929	503
210.979	528
211.030	524
211.080	546
211.131	546
211.181	529
211.231	530
211.281	508
211.331	480
211.382	463
211.432	425
211.482	408
211.532	381
211.582	348
211.632	335
211.683	321
211.733	306
211.783	307
211.833	305
211.883	317
211.934	331
211.985	344
212.035	375
212.085	400
212.135	424
212.185	457
212.236	469
212.286	507
212.336	524
212.386	525
212.436	545
212.486	542
212.537	535
212.587	531
212.637	497
212.687	492
212.737	466
212.787	429
212.839	412
212.889	383
212.939	353
212.989	338
213.039	317
213.090	312
213.140	308
213.190	304
213.240	315
213.290	331
213.340	344
213.391	371
213.441	389
213.491	425
213.541	452
213.591	469
213.641	502
213.692	516
213.743	532
213.793	543
213.843	527
213.893	543
213.944	532
213.994	507
214.044	496
214.094	467
214.144	441
214.194	416
214.245	380
214.295	364
214.345	342
214.395	321
214.445	314
214.496	311
214.546	304
214.596	314
214.647	321
214.697	345
214.747	368
214.798	386
214.848	420
214.898	445
214.948	472
214.998	499
215.048	503
215.099	533
215.149	540
215.199	534
215.249	544
215.299	519
215.350	517
215.400	499
215.450	461
215.500	449
215.551	420
215.601	386
215.652	368
215.702	351
215.752	322
215.802	316
215.852	304
215.902	308
215.953	313
216.003	321
216.053	342
216.103	367
216.153	386
216.204	415
216.254	432
216.304	471
216.354	493
216.404	505
216.455	531
216.506	523
216.556	546
216.606	544
216.656	521
216.706	523
216.756	501
216.807	471
216.857	453
216.907	415
216.957	396
217.007	372
217.058	343
217.108	330
217.158	318
217.208	305
217.258	307
217.308	307
217.360	321
217.410	339
217.460	354
217.510	384
217.560	410
217.611	432
217.661	467
217.711	476
217.761	513
217.811	529
217.861	526
217.912	545
217.962	541
218.012	531
218.062	525
218.112	488
218.162	483
218.213	456
218.264	419
218.314	402
218.364	375
218.414	346
218.465	332
218.515	313
218.565	310
218.615	307
218.665	306
218.715	320
218.766	337
218.816	352
218.866	380
218.916	396
218.966	435
219.016	462
219.067	475
219.117	510
219.168	523
219.218	534
219.268	545
219.319	526
219.369	540
219.419	527
219.469	494
219.519	487
219.569	459
219.620	428
219.670	406
219.720	370
219.770	355
219.820	335
219.870	315
219.921	311
219.971	309
220.022	304
220.072	318
220.122	326
220.173	353
220.223	377
220.273	395
220.323	431
220.373	455
220.423	480
220.474	508
220.524	507
220.574	538
220.624	544
220.674	533
220.724	541
220.775	523
220.825	508
220.875	490
220.926	453
220.976	438
221.027	409
221.077	374
221.127	358
221.177	338
221.227	316
221.277	311
221.328	302
221.378	308
221.428	316
221.478	324
221.528	350
221.579	373
221.629	394
221.679	427
221.729	442
221.779	481
221.830	503
221.881	511
221.931	537
221.981	535
222.031	545
222.081	543
222.131	516
222.182	516
222.232	493
222.282	460
222.332	442
222.382	411
222.433	384
222.483	362
222.533	336
222.583	323
222.633	313
222.683	304
222.735	308
222.785	319
222.835	321
222.885	346
222.935	362
222.985	395
223.036	421
223.086	440
223.136	477
223.186	487
223.236	521
223.287	535
223.337	528
223.387	546
223.437	541
223.487	524
223.537	519
223.588	485
223.639	473
223.689	446
223.739	409
223.789	391
223.840	365
223.890	337
223.940	326
223.990	319
224.040	306
224.090	308
224.141	307
224.191	325
224.241	343
224.291	359
224.341	390
224.391	407
224.442	446
224.492	472
224.543	481
224.593	517
224.643	530
224.694	533
224.744	546
224.794	528
224.844	536
224.894	521
224.944	488
224.995	477
225.045	450
225.095	416
225.145	395
225.195	360
225.245	346
225.296	328
225.346	312
225.396	309
225.447	309
225.497	306
225.548	323
225.598	334
225.648	361
225.698	386
225.748	403
225.798	441
225.849	466
225.899	486
225.949	514
225.999	513
226.049	541
226.099	544
226.150	529
226.200	537
226.250	520
226.300	500
226.351	481
226.402	442
226.452	428
226.502	400
226.552	367
226.602	350
226.652	332
226.703	313
226.753	311
226.803	304
226.853	311
226.903	322
226.953	331
227.004	358
227.054	382
227.104	404
227.154	436
227.204	451
227.256	489
227.306	510
227.356	513
227.406	538
227.456	537
227.506	541
227.557	538
227.607	508
227.657	508
227.707	485
227.757	448
227.808	433
227.858	403
227.908	374
227.958	355
228.008	328
228.058	321
228.109	313
228.160	304
228.210	311
228.260	322
228.310	329
228.360	355
228.411	370
228.461	404
228.511	431
228.561	448
228.611	484
228.662	498
228.712	523
228.762	537
228.812	528
228.862	544
228.912	537
228.963	517
229.013	510
229.064	483
229.114	461
229.164	437
229.214	400
229.265	383
229.315	358
229.365	332
229.415	323
229.465	317
229.516	304
229.566	310
229.616	313
229.666	332
229.716	351
229.766	366
229.817	400
229.867	425
229.918	452
229.968	481
230.018	490
230.068	523
230.119	534
230.169	531
230.219	545
230.269	522
230.319	532
230.370	514
230.420	478
230.470	468
230.520	441
230.570	406
230.620	386
230.671	366
230.721	336
230.771	323
230.822	308
230.872	308
230.923	309
230.973	309
231.023	328
231.073	351
231.123	368
231.173	395
231.224	413
231.274	452
231.324	477
231.374	494
231.424	521
231.474	517
231.525	544
231.575	546
231.625	532
231.675	534
231.726	516
231.777	490
231.827	472
231.877	435
231.927	416
231.977	389
232.027	355
232.078	342
232.128	325
232.178	308
232.228	307
232.278	303
232.328	313
232.379	325
232.429	338
232.479	367
232.529	391
232.579	414
232.631	448
232.681	461
232.731	500
232.781	520
232.831	520
232.881	544
232.932	544
232.982	538
233.032	536
233.082	505
233.132	500
233.182	475
233.233	436
233.283	420
233.333	390
233.383	361
233.433	343
233.484	320
233.535	312
233.585	307
233.635	300
233.685	310
233.735	323
233.786	336
233.836	363
233.886	381
233.936	416
233.986	445
234.036	460
234.087	498
234.137	514
234.187	530
234.237	545
234.287	529
234.338	547
234.388	538
234.439	511
234.489	504
234.539	475
234.589	448
234.640	424
234.690	386
234.740	368
234.790	345
234.840	320
234.891	313
234.941	307
234.991	298
235.041	309
235.091	314
235.141	337
235.192	360
235.242	378
235.292	413
235.343	439
235.393	467
235.443	496
235.494	502
235.544	535
235.594	543
235.644	537
235.694	549
235.745	534
235.795	526
235.845	506
235.895	470
235.945	456
235.995	426
236.046	388
236.096	371
236.146	350
236.196	321
236.247	314
236.297	303
236.348	302
236.398	307
236.448	310
236.498	334
236.548	367
236.599	376
236.649	409
236.699	426
236.749	468
236.799	492
236.849	505
236.900	533
236.950	523
237.000	551
237.050	550
237.100	528
237.152	530
237.202	509
237.252	475
237.302	459
237.352	425
237.402	398
237.453	373
237.503	340
237.553	328
237.603	314
237.653	299
237.703	302
237.754	303
237.804	313
237.854	331
237.904	345
237.954	379
238.004	405
238.056	428
238.106	465
238.156	477
238.206	514
238.256	532
238.307	527
238.357	550
238.407	548
238.457	537
238.507	532
238.557	497
238.608	489
238.658	461
238.708	424
238.758	404
238.808	375
238.859	345
238.909	329
238.960	311
239.010	304
239.060	302
239.110	299
239.161	314
239.211	330
239.261	344
239.311	376
239.361	394
239.411	434
239.462	463
239.512	478
239.562	513
239.612	530
239.662	537
239.713	550
239.763	536
239.814	546
239.864	533
239.914	500
239.964	491
240.015	462
240.065	428
240.115	405
240.165	368
240.215	352
240.265	330
240.316	310
240.366	305
240.416	303
240.466	297
240.516	311
240.567	321
240.617	348
240.667	374
240.718	392
240.768	431
240.818	458
240.869	482
240.919	512
240.969	513
241.019	545
241.069	550
241.120	539
241.170	548
241.220	531
241.270	513
241.320	494
241.370	451
241.421	438
241.471	408
241.521	372
241.571	353
241.622	332
241.672	309
241.723	305
241.773	298
241.823	302
241.873	310
241.923	320
241.974	346
242.024	371
242.074	394
242.124	428
242.174	444
242.224	485
242.275	510
242.325	519
242.375	544
242.425	543
242.475	552
242.526	549
242.577	523
242.627	520
242.677	495
242.727	458
242.777	441
242.828	409
242.878	378
242.928	356
242.978	328
243.028	316
243.078	305
243.129	294
243.179	301
243.229	315
243.279	320
243.329	343
243.379	360
243.431	395
243.481	424
243.531	444
243.581	482
243.631	495
243.682	526
243.732	542
243.782	532
243.832	553
243.882	548
243.932	528
243.983	522
244.033	486
244.083	472
244.133	445
244.183	404
244.233	385
244.284	359
244.335	329
244.385	318
244.435	317
244.485	298
244.536	301
244.586	303
244.636	321
244.686	342
244.736	358
244.786	392
244.837	415
244.887	450
244.937	478
244.987	489
245.037	525
245.088	537
245.138	540
245.188	552
245.239	533
245.289	540
245.339	524
245.390	486
245.440	476
245.490	447
245.540	412
245.590	390
245.640	355
245.691	339
245.741	321
245.791	304
245.841	303
245.891	303
245.942	302
245.992	320
246.042	332
246.092	362
246.143	388
246.193	406
246.244	447
246.294	472
246.344	493
246.394	522
246.444	518
246.494	547
246.545	550
246.595	536
246.645	541
246.695	521
246.745	496
246.796	479
246.846	439
246.896	422
246.946	394
246.996	360
247.047	343
247.098	324
247.148	305
247.198	304
247.248	299
247.298	308
247.348	319
247.399	330
247.449	359
247.499	383
247.549	408
247.599	442
247.650	455
247.700	496
247.750	518
247.800	523
247.850	545
247.900	544
247.952	544
248.002	542
248.052	507
248.102	506
248.152	481
248.203	443
248.253	426
248.303	395
248.353	364
248.403	346
248.453	321
248.504	314
248.554	307
248.604	298
248.654	307
248.704	319
248.754	329
248.805	357
248.856	374
248.906	410
248.956	438
249.006	457
249.057	492
249.107	508
249.157	528
249.207	543
249.257	528
249.307	548
249.358	539
249.408	516
249.458	508
249.508	479
249.558	456
249.608	431
249.659	392
249.709	375
249.760	351
249.810	326
249.860	317
249.911	311
249.961	300
250.011	309
250.061	312
250.111	333
250.161	353
250.212	371
250.262	405
250.312	430
250.362	459
250.412	487
250.462	493
250.513	527
250.563	537
250.614	534
250.664	546
250.714	524
250.765	527
250.815	511
250.865	477
250.915	463
250.965	435
251.015	398
251.066	380
251.116	361
251.166	332
251.216	320
251.266	307
251.316	308
251.367	310
251.417	313
251.467	331
251.518	357
251.568	372
251.619	401
251.669	419
251.719	457
251.769	480
251.819	494
251.869	524
251.920	518
251.970	543
252.020	545
252.070	528
252.120	530
252.171	511
252.221	484
252.271	467
252.321	431
252.371	410
252.422	385
252.473	352
252.523	339
252.573	323
252.623	308
252.673	309
252.723	307
252.774	314
252.824	330
252.874	341
252.924	371
252.974	396
253.025	417
253.075	452
253.125	462
253.175	501
253.225	520
253.275	516
253.327	542
253.377	541
253.427	534
253.477	532
253.527	499
253.577	495
253.628	470
253.678	433
253.728	417
253.778	389
253.828	358
253.879	343
253.929	320
253.979	314
254.029	310
254.079	304
254.129	315
254.180	328
254.231	340
254.281	367
254.331	384
254.381	419
254.432	447
254.482	461
254.532	497
