#Creator: pendulumdriveEventBuffer
#Creation time: Tue Apr  4 15:26:34 2017
#Time	Pos
#[s]	[au]
0.050	292
0.100	297
0.150	300
0.200	322
0.251	337
0.301	370
0.351	401
0.401	419
0.451	460
0.501	485
0.552	502
0.602	530
0.652	524
0.702	547
0.753	547
0.803	525
0.854	529
0.904	506
0.954	476
1.004	457
1.054	410
1.105	396
1.155	367
1.205	335
1.255	320
1.305	306
1.355	290
1.406	293
1.456	290
1.506	305
1.556	321
1.606	335
1.657	368
1.708	396
1.758	422
1.808	458
1.858	469
1.908	509
1.959	526
2.009	524
2.059	546
2.109	542
2.159	537
2.209	531
2.260	493
2.310	487
2.360	459
2.410	419
2.460	399
2.510	371
2.562	340
2.612	323
2.662	303
2.712	298
2.762	295
2.813	289
2.863	304
2.913	319
2.963	336
3.013	366
3.063	384
3.114	425
3.164	455
3.214	468
3.264	506
3.314	519
3.364	535
3.415	545
3.466	527
3.516	542
3.566	529
3.616	499
3.667	489
3.717	457
3.767	429
3.817	401
3.867	363
3.917	348
3.968	326
4.018	305
4.068	299
4.118	297
4.168	290
4.219	304
4.269	312
4.319	339
4.370	363
4.420	384
4.470	421
4.521	447
4.571	477
4.621	503
4.671	506
4.721	537
4.771	544
4.822	534
4.872	544
4.922	521
4.972	514
5.022	492
5.073	449
5.123	436
5.173	404
5.223	369
5.274	351
5.324	337
5.375	305
5.425	301
5.475	291
5.525	295
5.575	303
5.625	308
5.676	336
5.726	364
5.776	384
5.826	417
5.876	435
5.927	476
5.977	498
6.027	513
6.077	536
6.127	522
6.178	547
6.229	543
6.279	516
6.329	517
6.379	493
6.429	459
6.479	441
6.530	405
6.580	378
6.630	354
6.680	324
6.730	313
6.781	302
6.831	290
6.881	296
6.931	299
6.981	313
7.031	333
7.083	350
7.133	385
7.183	413
7.233	436
7.283	472
7.334	479
7.384	518
7.434	534
7.484	527
7.534	546
7.584	541
7.635	526
7.685	520
7.735	482
7.785	472
7.835	443
7.885	403
7.936	384
7.987	357
8.037	328
8.087	315
8.137	298
8.188	297
8.238	297
8.288	296
8.338	313
8.388	332
8.438	350
8.489	381
8.539	400
8.589	441
8.639	469
8.689	480
8.739	516
8.790	527
8.840	534
8.891	546
8.941	526
8.991	537
9.042	520
9.092	486
9.142	474
9.192	443
9.242	411
9.292	386
9.343	351
9.393	336
9.443	318
9.493	299
9.543	297
9.593	298
9.644	292
9.694	312
9.745	322
9.795	353
9.845	378
9.896	397
9.946	439
9.996	463
10.046	486
10.096	514
10.146	513
10.197	541
10.247	544
10.297	529
10.347	537
10.397	517
10.447	498
10.498	477
10.548	434
10.598	419
10.649	389
10.699	354
10.750	338
10.800	319
10.850	298
10.900	298
10.950	291
11.000	300
11.051	310
11.101	322
11.151	350
11.201	374
11.251	400
11.302	435
11.352	447
11.402	489
11.452	510
11.502	515
11.553	540
11.604	537
11.654	543
11.704	539
11.754	506
11.804	505
11.854	480
11.905	443
11.955	424
12.005	391
12.055	362
12.105	342
12.156	315
12.206	307
12.256	299
12.306	290
12.356	299
12.406	313
12.458	320
12.508	347
12.558	364
12.608	400
12.658	430
12.708	450
12.759	486
12.809	496
12.859	525
12.909	538
12.959	529
13.010	545
13.060	538
13.110	516
13.160	508
13.210	471
13.260	456
13.311	427
13.362	388
13.412	370
13.462	345
13.512	320
13.563	309
13.613	310
13.663	294
13.713	299
13.763	302
13.813	324
13.864	344
13.914	362
13.964	396
14.014	415
14.064	454
14.114	482
14.165	489
14.215	523
14.266	534
14.316	534
14.366	544
14.417	520
14.467	528
14.517	509
14.567	471
14.617	460
14.667	429
14.718	393
14.768	373
14.818	340
14.868	326
14.918	311
14.968	296
15.019	297
15.069	300
15.119	299
15.170	321
15.220	334
15.271	366
15.321	392
15.371	412
15.421	452
15.471	476
15.521	496
15.572	522
15.622	516
15.672	541
15.722	543
15.772	527
15.822	529
15.873	508
15.923	482
15.973	463
16.023	420
16.074	404
16.125	376
16.175	341
16.225	329
16.275	313
16.325	296
16.375	297
16.426	292
16.476	305
16.526	319
16.576	332
16.626	364
16.676	389
16.727	414
16.777	449
16.827	462
16.877	501
16.927	520
16.979	520
17.029	542
17.079	540
17.129	537
17.179	532
17.229	496
17.280	492
17.330	465
17.380	426
17.430	407
17.480	377
17.531	346
17.581	330
17.631	306
17.681	302
17.731	298
17.781	292
17.832	303
17.883	319
17.933	331
17.983	360
18.033	376
18.083	417
18.134	446
18.184	462
18.234	498
18.284	511
18.334	530
18.385	541
18.435	526
18.485	542
18.535	532
18.585	503
18.635	495
18.686	463
18.736	438
18.787	412
18.837	375
18.887	358
18.937	335
18.988	312
19.038	305
19.088	302
19.138	292
19.188	304
19.239	310
19.289	333
19.339	357
19.389	374
19.439	411
19.489	436
19.540	465
19.590	491
19.641	497
19.691	530
19.741	537
19.791	531
19.842	541
19.892	524
19.942	517
19.992	497
20.042	459
20.093	446
20.143	415
20.193	380
20.243	362
20.293	343
20.343	314
20.394	306
20.444	295
20.494	300
20.545	304
20.595	308
20.646	332
20.696	359
20.746	376
20.796	407
20.846	425
20.896	465
20.947	488
20.997	500
21.047	528
21.097	519
21.147	543
21.197	541
21.248	518
21.298	520
21.348	498
21.398	467
21.449	449
21.500	414
21.550	390
21.600	365
21.650	333
21.700	322
21.750	310
21.801	296
21.851	298
21.901	297
21.951	312
22.001	329
22.051	344
22.102	376
22.152	403
22.202	426
22.252	462
22.302	473
22.354	510
22.404	527
22.454	522
22.504	543
22.554	539
22.604	528
22.655	524
22.705	484
22.755	480
22.805	453
22.855	412
22.905	394
22.956	367
23.006	336
23.056	323
23.106	304
23.156	301
23.207	298
23.258	296
23.308	311
23.358	327
23.408	344
23.458	373
23.509	391
23.559	431
23.609	459
23.659	474
23.709	508
23.759	521
23.810	533
23.860	543
23.910	528
23.960	538
24.010	525
24.061	493
24.111	482
24.162	453
24.212	420
24.262	398
24.312	363
24.363	345
24.413	324
24.463	304
24.513	300
24.563	299
24.614	292
24.664	308
24.714	319
24.764	345
24.814	369
24.864	388
24.915	427
24.965	452
25.015	479
25.066	505
25.116	505
25.166	537
25.217	542
25.267	531
25.317	540
25.367	520
25.417	506
25.468	486
25.518	445
25.568	429
25.618	399
25.668	364
25.718	347
25.769	327
25.819	304
25.869	301
25.919	292
25.970	298
26.020	307
26.071	316
26.121	342
26.171	367
26.221	392
26.271	424
26.322	440
26.372	481
26.422	503
26.472	510
26.522	536
26.572	526
26.623	545
26.673	542
26.723	514
26.773	513
26.823	488
26.875	452
26.925	433
26.975	401
27.025	370
27.075	350
27.125	321
27.176	311
27.226	302
27.276	290
27.326	297
27.376	311
27.426	316
27.477	339
27.527	355
27.577	391
27.627	420
27.677	442
27.727	478
27.779	489
27.829	522
27.879	536
27.929	525
27.979	546
28.030	539
28.080	523
28.130	515
28.180	478
28.230	465
28.280	437
28.331	396
28.381	377
28.431	351
28.481	324
28.531	313
28.582	296
28.632	296
28.683	297
28.733	298
28.783	317
28.833	337
28.884	355
28.934	388
28.984	407
29.034	448
29.084	476
29.134	489
29.185	521
29.235	531
29.285	534
29.335	546
29.385	523
29.436	534
29.486	517
29.537	481
29.587	469
29.637	438
29.687	402
29.738	381
29.788	348
29.838	332
29.888	314
29.938	298
29.988	298
30.039	298
30.089	296
30.139	316
30.189	327
30.239	359
30.290	385
30.340	404
30.390	444
30.441	469
30.491	489
30.541	517
30.592	513
30.642	542
30.692	545
30.742	527
30.792	534
30.843	515
30.893	491
30.943	473
30.993	430
31.043	415
31.093	385
31.144	349
31.194	336
31.244	319
31.294	300
31.345	299
31.395	294
31.446	303
31.496	315
31.546	328
31.596	356
31.646	379
31.697	404
31.747	439
31.797	452
31.847	492
31.897	512
31.947	515
31.998	539
32.048	535
32.098	539
32.148	535
32.198	504
32.249	500
32.300	475
32.350	439
32.400	420
32.450	390
32.500	360
32.551	341
32.601	316
32.651	310
32.701	303
32.751	294
32.801	305
32.852	319
32.902	328
32.952	353
33.002	369
33.052	405
33.102	433
33.154	450
33.204	486
33.254	498
33.304	524
33.354	534
33.405	522
33.455	541
33.505	532
33.555	509
33.605	502
33.655	465
33.706	450
33.756	425
33.806	388
33.856	370
33.906	347
33.956	322
34.007	313
34.058	315
34.108	296
34.158	306
34.208	308
34.259	329
34.309	350
34.359	366
34.409	400
34.459	422
34.509	454
34.560	481
34.610	489
34.660	522
34.710	528
34.760	529
34.811	539
34.861	516
34.911	522
34.962	504
35.012	469
35.062	456
35.113	428
35.163	394
35.213	374
35.263	343
35.313	328
35.363	315
35.414	300
35.464	302
35.514	305
35.564	306
35.614	326
35.665	340
35.715	370
35.765	396
35.815	411
35.866	452
35.916	475
35.967	492
36.017	519
36.067	511
36.117	538
36.167	540
36.217	520
36.268	525
36.318	504
36.368	478
36.418	460
36.468	419
36.519	404
36.569	378
36.619	347
36.669	332
36.719	318
36.770	302
36.821	304
36.871	298
36.921	310
36.971	323
37.021	336
37.071	366
37.122	391
37.172	412
37.222	447
37.272	457
37.322	497
37.373	515
37.423	514
37.473	536
37.523	533
37.573	531
37.623	527
37.675	492
37.725	489
37.775	465
37.825	427
37.875	410
37.926	383
37.976	352
38.026	338
38.076	316
38.126	310
38.176	305
38.227	299
38.277	310
38.327	323
38.377	334
38.427	362
38.477	376
38.528	414
38.579	442
38.629	458
38.679	492
38.729	505
38.780	522
38.830	534
38.880	519
38.930	536
38.980	527
39.030	500
39.081	494
39.131	465
39.181	438
39.231	415
39.281	378
39.331	364
39.382	342
39.432	320
39.483	313
39.533	309
39.583	298
39.634	309
39.684	316
39.734	337
39.784	359
39.834	373
39.884	409
39.935	432
39.985	461
40.035	486
40.085	492
40.135	522
40.185	531
40.236	524
40.286	536
40.337	520
40.387	514
40.437	496
40.488	457
40.538	448
40.588	421
40.638	386
40.688	369
40.738	351
40.789	321
40.839	315
40.889	302
40.939	306
40.989	310
41.039	312
41.090	335
41.140	358
41.190	376
41.241	404
41.291	420
41.342	460
41.392	482
41.442	495
41.492	521
41.542	513
41.592	537
41.643	537
41.693	514
41.743	519
41.793	498
41.843	467
41.894	453
41.944	415
41.994	397
42.044	373
42.094	343
42.145	330
42.196	318
42.246	302
42.296	305
42.346	303
42.396	314
42.446	331
42.497	344
42.547	375
42.597	399
42.647	419
42.697	455
42.748	467
42.798	502
42.848	518
42.898	515
42.948	537
42.998	534
43.050	525
43.100	522
43.150	486
43.200	482
43.250	457
43.300	417
43.351	403
43.401	377
43.451	347
43.501	334
43.551	313
43.602	309
43.652	306
43.702	300
43.752	314
43.802	329
43.852	342
43.903	370
43.954	386
44.004	423
44.054	450
44.104	462
44.155	499
44.205	512
44.255	523
44.305	536
44.355	520
44.405	535
44.456	524
44.506	495
44.556	487
44.606	459
44.656	429
44.706	407
44.757	369
44.807	356
44.858	335
44.908	313
44.958	309
45.009	306
45.059	300
45.109	313
45.159	317
45.209	343
45.259	366
45.310	382
45.360	419
45.410	443
45.460	468
45.510	495
45.560	498
45.611	529
45.661	536
45.711	525
45.762	538
45.812	520
45.863	508
45.913	491
45.963	450
46.013	441
46.063	412
46.113	376
46.164	359
46.214	339
46.264	316
46.314	309
46.364	299
46.414	303
46.465	310
46.515	315
46.565	339
46.615	361
46.666	384
46.717	414
46.767	429
46.817	469
46.867	491
46.917	500
46.967	528
47.018	527
47.068	539
47.118	538
47.168	513
47.218	514
47.268	493
47.319	462
47.369	445
47.419	413
47.469	384
47.519	363
47.571	334
47.621	323
47.671	311
47.721	298
47.771	303
47.821	319
47.872	316
47.922	336
47.972	350
48.022	382
48.072	409
48.123	428
48.173	465
48.223	475
48.273	510
48.323	526
48.373	518
48.424	541
48.475	536
48.525	521
48.575	518
48.625	483
48.675	474
48.726	448
48.776	409
48.826	392
48.876	366
48.926	337
48.977	325
49.027	311
49.077	304
49.127	303
49.177	302
49.227	317
49.278	334
49.328	348
49.379	379
49.429	399
49.479	433
49.529	462
49.580	471
49.630	507
49.680	521
49.730	525
49.780	541
49.831	524
49.881	534
49.931	520
49.981	484
50.031	478
50.081	451
50.132	416
50.182	395
50.233	359
50.283	345
50.333	326
50.383	308
50.434	304
50.484	302
50.534	298
50.584	314
50.634	324
50.685	350
50.735	375
50.785	393
50.835	431
50.885	456
50.935	475
50.986	506
51.036	503
51.086	535
51.137	540
51.187	529
51.238	537
51.288	520
51.338	499
51.388	483
51.438	442
51.488	429
51.539	400
51.589	366
51.639	350
51.689	330
51.739	308
51.789	304
51.840	298
51.890	304
51.940	313
51.990	321
52.041	347
52.092	371
52.142	392
52.192	425
52.242	440
52.292	479
52.342	501
52.393	506
52.443	533
52.493	534
52.543	538
52.593	537
52.643	509
52.694	509
52.744	485
52.794	449
52.844	433
52.894	403
52.946	372
52.996	353
53.046	326
53.096	317
53.146	307
53.196	298
53.247	303
53.297	313
53.347	320
53.397	344
53.447	359
53.497	393
53.548	421
53.598	440
53.648	474
53.698	492
53.748	516
53.799	532
53.850	518
53.900	540
53.950	537
54.000	515
54.050	511
54.101	483
54.151	462
54.201	438
54.251	398
54.301	383
54.351	357
54.402	329
54.452	319
54.502	318
54.552	297
54.602	303
54.653	304
54.703	321
54.754	340
54.804	355
54.854	389
54.904	413
54.955	442
55.005	471
55.055	477
55.105	516
55.155	528
55.206	528
55.256	541
55.306	520
55.356	530
55.406	514
55.456	480
55.507	469
55.557	441
55.607	403
55.658	385
55.708	363
55.758	336
55.809	320
55.859	303
55.909	303
55.959	304
56.009	302
56.060	320
56.110	335
56.160	358
56.210	385
56.260	406
56.310	442
56.361	467
56.411	482
56.461	512
56.511	511
56.562	537
56.612	541
56.663	523
56.713	533
56.763	515
56.813	490
56.863	474
56.914	434
56.964	419
57.014	391
57.064	360
57.114	342
57.164	325
57.215	306
57.265	305
57.315	298
57.365	308
57.415	318
57.467	330
57.517	357
57.567	381
57.617	400
57.667	436
57.717	447
57.768	488
57.818	510
57.868	507
57.918	537
57.968	537
58.018	535
58.069	534
58.119	503
58.169	501
58.219	477
58.269	441
58.319	423
58.371	395
58.421	362
58.471	346
58.521	320
58.571	313
58.622	306
58.672	298
58.722	306
58.772	317
58.822	325
58.872	352
58.923	368
58.973	403
59.023	431
59.073	445
59.123	484
59.174	502
59.224	517
59.275	534
59.325	521
59.375	540
59.425	534
59.476	509
59.526	504
59.576	477
59.626	451
59.676	427
59.726	386
59.777	372
59.827	349
59.877	324
59.927	315
59.977	309
60.028	298
60.078	306
60.129	310
60.179	330
60.229	349
60.279	364
60.330	398
60.380	423
60.430	450
60.480	480
60.530	486
60.580	520
60.631	530
60.681	526
60.731	540
60.781	529
60.831	522
60.882	507
60.932	470
60.982	460
61.033	432
61.083	394
61.133	377
61.184	355
61.234	328
61.284	318
61.334	303
61.384	304
61.435	306
61.485	306
61.535	327
61.585	351
61.635	364
61.685	395
61.736	412
61.786	449
61.836	473
61.886	488
61.937	516
61.987	511
62.038	536
62.088	539
62.138	520
62.188	526
62.238	508
62.289	479
62.339	464
62.389	430
62.439	408
62.489	382
62.539	351
62.590	337
62.640	322
62.690	304
62.740	305
62.790	313
62.841	308
62.892	325
62.942	336
62.992	364
63.042	390
63.092	408
63.143	444
63.193	455
63.243	493
63.293	512
63.343	510
63.393	535
63.444	535
63.494	529
63.544	528
63.594	496
63.644	492
63.694	468
63.746	429
63.796	415
63.846	387
63.896	356
63.946	341
63.997	316
64.047	312
64.097	306
64.147	299
64.197	311
64.247	323
64.298	334
64.348	362
64.398	376
64.448	413
64.498	440
64.548	454
64.599	491
64.650	507
64.700	519
64.750	534
64.800	520
64.851	537
64.901	529
64.951	500
65.001	497
65.051	470
65.101	441
65.152	420
65.202	382
65.252	367
65.302	345
65.352	321
65.403	314
65.453	309
65.503	301
65.554	310
65.604	314
65.654	336
65.705	357
65.755	372
65.805	409
65.855	433
65.905	457
65.955	486
66.006	489
66.056	524
66.106	533
66.156	525
66.206	537
66.257	526
66.307	514
66.357	499
66.407	460
66.458	451
66.508	424
66.559	388
66.609	372
66.659	349
66.709	325
66.759	316
66.809	303
66.860	305
66.910	309
66.960	312
67.010	334
67.060	354
67.111	372
67.161	404
67.211	419
67.261	458
67.311	481
67.362	492
67.413	522
67.463	524
67.513	536
67.563	539
67.613	518
67.663	521
67.714	502
67.764	472
67.814	456
67.864	425
67.914	398
67.965	375
68.015	344
68.065	332
68.115	318
68.165	304
68.215	305
68.267	318
68.317	312
68.367	329
68.417	342
68.467	373
68.518	399
68.568	418
68.618	453
68.668	467
68.718	500
68.768	518
68.819	515
68.869	538
68.919	538
68.969	525
69.019	525
69.069	491
69.120	486
69.171	461
69.221	421
69.271	407
69.321	380
69.372	348
69.422	335
69.472	319
69.522	306
69.572	305
69.622	302
69.673	314
69.723	328
69.773	340
69.823	368
69.873	383
69.923	420
69.974	450
70.024	463
70.075	498
70.125	515
70.175	520
70.226	537
70.276	520
70.326	537
70.376	528
70.426	492
70.476	489
70.527	463
70.577	430
70.627	411
70.677	374
70.727	360
70.777	339
70.828	316
70.878	311
70.929	306
70.979	300
71.029	311
71.080	319
71.130	342
71.180	365
71.230	382
71.280	417
71.330	443
71.381	463
71.431	494
71.481	495
71.531	528
71.581	536
71.631	523
71.682	537
71.732	525
71.782	506
71.833	494
71.883	453
71.934	443
71.984	416
72.034	378
72.084	363
72.134	342
72.184	320
72.235	312
72.285	302
72.335	305
72.385	309
72.435	316
72.486	338
72.536	361
72.586	380
72.636	412
72.686	427
72.737	467
72.788	491
72.838	497
72.888	527
72.938	532
72.988	536
73.038	540
73.089	513
73.139	518
73.189	496
73.239	462
73.289	447
73.340	417
73.390	386
73.440	366
73.490	335
73.540	324
73.590	312
73.642	300
73.692	304
73.742	310
73.792	312
73.842	335
73.892	349
73.943	381
73.993	408
74.043	426
74.093	464
74.143	482
74.194	507
74.244	526
74.294	519
74.344	541
74.394	539
74.444	521
74.495	521
74.546	495
74.596	473
74.646	451
74.696	411
74.747	394
74.797	369
74.847	339
74.897	327
74.947	315
74.997	300
75.048	302
75.098	301
75.148	315
75.198	332
75.248	347
75.298	377
75.349	406
75.399	429
75.450	460
75.500	470
75.550	508
75.601	523
75.651	525
75.701	542
75.751	525
75.801	535
75.851	523
75.902	491
75.952	481
76.002	454
76.052	417
76.102	398
76.152	373
76.203	344
76.253	328
76.303	307
76.354	305
76.404	303
76.455	298
76.505	312
76.555	335
76.605	345
76.655	374
76.705	389
76.756	430
76.806	457
76.856	476
76.906	507
76.956	507
77.006	537
77.057	543
77.107	528
77.157	539
77.207	523
77.258	498
77.309	486
77.359	443
77.409	429
77.459	401
77.509	365
77.559	349
77.610	329
77.660	307
77.710	303
77.760	295
77.810	301
77.860	310
77.911	320
77.961	346
78.011	371
78.061	392
78.111	429
78.163	442
78.213	484
78.263	506
78.313	510
78.363	539
78.413	541
78.464	541
78.514	542
78.564	508
78.614	512
78.664	488
78.715	449
78.765	433
78.815	403
78.865	370
78.915	351
78.965	324
79.016	313
79.067	304
79.117	295
79.167	300
79.217	310
79.267	317
79.318	343
79.368	359
79.418	396
79.468	425
79.518	444
79.569	482
79.619	501
79.669	518
79.719	538
79.769	526
79.819	547
79.870	542
79.920	518
79.971	515
80.021	489
80.071	460
80.121	438
80.172	398
80.222	379
80.272	353
80.322	324
80.372	314
80.423	306
80.473	292
80.523	300
80.573	302
80.623	320
80.673	341
80.724	357
80.774	392
80.825	419
80.875	446
80.925	478
80.975	486
81.026	522
81.076	536
81.126	531
81.176	547
81.226	538
81.277	531
81.327	517
81.377	477
81.427	469
81.477	439
81.527	401
81.578	382
81.628	356
81.678	328
81.729	315
81.779	299
81.830	298
81.880	299
81.930	300
81.980	319
82.030	339
82.080	358
82.131	390
82.181	408
82.231	449
82.281	475
82.331	490
82.381	522
82.432	527
82.482	544
82.532	549
82.582	528
82.633	536
82.684	518
82.734	486
82.784	472
82.834	441
82.884	410
82.934	385
82.985	350
83.035	335
83.085	317
83.135	300
83.185	298
83.235	309
83.286	298
83.336	317
83.386	330
83.436	359
83.486	385
83.538	408
83.588	447
83.638	465
83.688	499
83.738	520
83.788	520
83.839	546
83.889	546
83.939	536
83.989	537
84.039	503
84.089	500
84.140	474
84.190	434
84.240	415
84.290	385
84.340	352
84.391	336
84.442	319
84.492	304
84.542	299
84.592	294
84.642	303
84.693	315
84.743	329
84.793	357
84.843	375
84.893	412
84.943	443
84.994	459
85.044	497
85.094	515
85.144	527
85.194	545
85.245	528
85.295	547
85.346	539
85.396	508
85.446	503
85.496	475
85.547	442
85.597	419
85.647	381
85.697	363
85.747	340
85.798	314
85.848	307
85.898	302
85.948	292
85.998	303
86.048	308
86.099	332
86.149	354
86.199	372
86.250	410
86.300	438
86.350	461
86.401	494
86.451	500
86.501	532
86.551	543
86.601	531
86.652	547
86.702	535
86.752	521
86.802	506
86.852	465
86.902	454
86.953	424
87.003	384
87.053	367
87.103	343
87.154	316
87.204	309
87.255	296
87.305	299
87.355	303
87.405	306
87.455	329
87.506	351
87.556	370
87.606	404
87.656	422
87.706	463
87.756	488
87.807	499
87.857	529
87.907	533
87.957	544
88.007	547
88.059	524
88.109	527
88.159	507
88.209	474
88.259	457
88.309	424
88.360	392
88.410	370
88.460	337
88.510	325
88.560	311
88.610	298
88.661	299
88.711	305
88.761	306
88.811	327
88.861	342
88.911	374
88.963	401
89.013	422
89.063	460
89.113	480
89.163	508
89.214	528
89.264	524
89.314	546
89.364	545
89.414	529
89.464	529
89.515	492
89.565	485
89.615	459
89.665	418
89.715	401
89.766	374
89.816	342
89.867	328
89.917	323
89.967	296
90.017	300
90.068	297
90.118	310
90.168	326
90.218	340
90.268	371
90.318	397
90.369	424
90.419	456
90.469	469
90.519	507
90.569	524
90.620	527
90.670	545
90.721	524
90.771	542
90.821	530
90.871	495
90.922	489
90.972	461
91.022	425
91.072	404
91.122	377
91.172	348
91.223	330
91.273	309
91.323	303
91.373	301
91.423	296
91.474	309
91.524	319
91.574	342
91.625	368
91.675	386
91.725	426
91.776	453
91.826	472
91.876	505
91.926	506
91.976	538
92.027	545
92.077	530
92.127	543
92.177	530
92.227	508
92.277	492
92.328	450
92.378	437
92.428	408
92.478	370
92.529	353
92.579	331
92.630	308
92.680	304
92.730	295
92.780	300
92.830	308
92.881	315
92.931	340
92.981	365
93.031	386
93.081	422
93.131	439
93.182	479
93.232	503
93.282	508
93.332	537
93.382	540
93.433	542
93.484	544
93.534	517
93.584	518
93.634	494
93.684	456
93.735	440
93.785	409
93.835	376
93.885	356
93.935	328
93.985	316
94.036	305
94.086	294
94.136	299
94.186	307
94.236	314
94.286	337
94.338	353
94.388	389
94.438	418
94.488	437
94.538	476
94.589	496
94.639	518
94.689	537
94.739	527
94.789	550
94.839	545
94.890	524
94.940	520
94.990	493
95.040	470
95.090	444
95.140	402
95.191	384
95.242	358
95.292	328
95.342	316
95.392	307
95.443	294
95.493	298
95.543	299
95.593	316
95.643	335
95.693	352
95.744	386
95.794	412
95.844	443
95.894	474
95.944	480
95.995	521
96.045	535
96.095	532
96.146	550
96.196	536
96.246	537
96.297	523
96.347	488
96.397	476
96.447	446
96.497	407
96.547	387
96.598	363
96.648	330
96.698	317
96.748	299
96.798	298
96.849	298
96.899	296
96.949	314
96.999	339
97.050	353
97.100	384
97.151	402
97.201	445
97.251	471
97.301	488
97.351	521
97.401	518
97.452	547
97.502	550
97.552	532
97.602	542
97.652	524
97.703	494
97.753	478
97.803	439
97.853	416
97.903	389
97.954	353
98.005	337
98.055	318
98.105	298
98.155	297
98.205	295
98.255	300
98.306	312
98.356	324
98.406	355
98.456	382
98.506	404
98.557	443
98.607	457
98.657	498
98.707	520
98.757	521
98.807	548
98.859	548
98.909	542
98.959	543
99.009	510
99.059	506
99.110	479
99.160	439
99.210	420
99.260	390
99.310	356
99.360	338
99.411	312
99.461	303
99.511	296
99.561	290
99.611	299
99.661	311
99.712	322
99.763	353
99.813	371
99.863	409
99.913	441
99.964	457
100.014	496
100.064	516
100.114	530
100.164	547
100.214	531
100.265	552
100.315	543
100.365	515
100.415	508
100.465	478
100.515	447
100.566	422
100.616	386
100.667	364
100.717	339
100.767	313
100.818	304
100.868	299
100.918	289
100.968	298
101.018	304
101.068	326
101.119	349
101.169	370
101.219	407
101.269	435
101.319	463
101.369	493
101.420	500
101.470	535
101.521	545
101.571	536
101.621	552
101.672	537
101.722	527
101.772	510
101.822	467
101.872	457
101.922	426
101.973	388
102.023	368
102.073	343
102.123	316
102.173	307
102.223	294
102.274	296
102.324	299
102.374	304
102.425	325
102.475	347
102.526	368
102.576	403
102.626	424
102.676	463
102.726	489
102.776	499
102.827	531
102.877	533
102.927	547
102.977	549
103.027	526
103.078	531
103.128	510
103.178	477
103.228	461
103.278	427
103.329	396
103.380	372
103.430	340
103.480	326
103.530	311
103.580	296
103.630	297
103.681	311
103.731	304
103.781	324
103.831	338
103.881	372
103.932	400
103.982	424
104.032	460
104.082	473
104.132	509
104.182	528
104.234	525
104.284	548
104.334	547
104.384	533
104.434	532
104.484	497
104.535	489
104.585	463
104.635	421
104.685	403
104.735	375
104.786	344
104.836	328
104.886	319
104.936	300
104.986	299
105.036	295
105.087	308
105.138	324
105.188	337
105.238	368
105.288	391
105.339	425
105.389	456
105.439	470
105.489	508
105.539	523
105.589	531
105.640	545
105.690	526
105.740	544
105.790	533
105.840	500
105.890	493
105.941	464
105.991	428
106.042	406
106.092	369
106.142	354
106.193	332
106.243	310
106.293	305
106.343	301
106.393	296
106.443	308
106.494	316
106.544	341
106.594	366
106.644	382
106.694	421
106.744	449
106.795	472
106.845	502
106.895	504
106.946	537
106.996	544
107.047	533
107.097	544
107.147	529
107.197	510
107.247	495
107.297	456
107.348	442
107.398	411
107.448	373
107.498	357
107.548	335
107.598	312
107.649	307
107.699	297
107.749	300
107.799	307
107.850	314
107.901	339
107.951	362
108.001	384
108.051	417
108.101	433
108.151	474
108.202	498
108.252	506
108.302	535
108.352	538
108.402	543
108.452	543
108.503	517
108.553	519
108.603	497
108.653	462
108.703	446
108.755	413
108.805	384
108.855	360
108.905	332
108.955	320
109.005	309
109.056	296
109.106	301
109.156	309
109.206	312
109.256	336
109.307	352
109.357	385
109.407	414
109.457	433
109.507	471
109.557	491
109.608	516
109.659	533
109.709	522
109.759	546
109.809	543
109.859	524
109.910	523
109.960	494
110.010	474
110.060	448
110.110	407
110.161	390
110.211	364
110.261	334
110.311	322
110.361	319
110.411	296
110.462	301
110.512	300
110.563	317
110.613	335
110.663	349
110.713	381
110.764	407
110.814	436
110.864	467
110.914	475
110.964	513
111.015	528
111.065	528
111.115	545
111.165	524
111.215	536
111.265	523
111.316	488
111.366	479
111.417	451
111.467	414
111.517	395
111.567	371
111.618	340
111.668	326
111.718	306
111.768	304
111.818	302
111.869	302
111.919	316
111.969	335
112.019	352
112.069	378
112.119	395
112.170	433
112.220	460
112.270	477
112.321	510
112.371	510
112.422	538
112.472	543
112.522	525
112.572	537
112.622	522
112.672	498
112.723	483
112.773	443
112.823	427
112.873	400
112.923	365
112.973	350
113.024	330
113.074	310
113.124	307
113.174	299
113.225	305
113.276	315
113.326	324
113.376	350
113.426	373
113.476	395
113.526	429
113.577	443
113.627	481
113.677	503
113.727	507
113.777	534
113.827	536
113.878	535
113.928	538
113.978	506
114.028	509
114.078	486
114.130	448
114.180	434
114.230	404
114.280	372
114.330	354
114.380	328
114.431	318
114.481	309
114.531	301
114.581	306
114.631	315
114.681	322
114.732	347
114.782	362
114.832	395
114.882	423
114.932	439
114.983	477
115.034	495
115.084	513
115.134	531
115.184	521
115.234	541
115.285	536
115.335	513
115.385	511
115.435	485
115.485	460
115.535	439
115.586	400
115.636	384
115.686	359
115.736	332
115.786	321
115.837	313
115.887	304
115.938	307
115.988	309
116.038	326
116.088	345
116.139	361
116.189	392
116.239	417
116.289	442
116.339	472
116.390	481
116.440	514
116.490	526
116.540	523
116.590	539
116.640	527
116.691	527
116.741	514
116.791	478
116.842	470
116.892	443
116.942	408
116.993	389
117.043	365
117.093	338
117.143	327
117.193	310
117.244	310
117.294	309
117.344	310
117.394	325
117.444	347
117.494	357
117.545	388
117.595	405
117.645	441
117.695	465
117.746	478
117.796	509
117.847	506
117.897	534
117.947	538
117.997	520
118.047	529
118.098	514
118.148	485
118.198	474
118.248	439
118.298	420
118.348	396
118.399	362
118.449	349
118.499	331
118.549	314
118.599	312
118.651	315
118.701	310
118.751	324
118.801	331
118.851	359
118.901	382
118.952	401
119.002	435
119.052	447
119.102	484
119.152	505
119.202	506
119.253	531
119.303	533
119.353	528
119.403	530
119.453	498
119.503	500
119.555	478
119.605	442
119.655	428
119.705	400
119.755	369
119.806	353
119.856	327
119.906	320
119.956	312
120.006	304
120.056	313
120.107	322
120.157	329
120.207	356
120.257	368
120.307	403
120.358	430
120.408	448
120.459	481
120.509	499
120.559	513
120.609	530
120.660	518
120.710	537
120.760	532
120.810	506
120.860	504
120.910	481
120.961	452
121.011	434
121.061	395
121.111	381
121.161	359
121.212	332
121.262	324
121.313	316
121.363	306
121.413	313
121.463	316
121.514	334
121.564	351
121.614	365
121.664	398
121.714	423
121.764	444
121.815	474
121.865	480
121.915	514
121.965	525
122.015	521
122.066	536
122.116	527
122.166	517
122.217	508
122.267	473
122.317	465
122.368	439
122.418	404
122.468	388
122.518	365
122.568	338
122.619	329
122.669	312
122.719	313
122.769	313
122.819	314
122.869	331
122.920	349
122.970	364
123.020	393
123.070	408
123.121	444
123.171	468
123.222	478
123.272	509
123.322	515
123.372	528
123.422	534
123.473	520
123.523	525
123.573	509
123.623	480
123.673	469
123.723	441
123.774	416
123.824	395
123.874	362
123.924	350
123.974	335
124.025	317
124.076	316
124.126	318
124.176	314
124.226	329
124.276	338
124.327	364
124.377	387
124.427	402
124.477	436
124.527	453
124.577	481
124.628	502
124.678	501
124.728	527
124.778	529
124.828	519
124.878	525
124.930	498
124.980	492
125.030	474
125.080	440
125.130	428
125.181	402
125.231	371
125.281	357
125.331	345
125.381	324
125.431	321
125.482	312
125.532	320
125.582	329
125.632	336
125.682	360
125.732	375
125.783	404
125.834	430
125.884	441
125.934	477
125.984	494
126.035	503
126.085	523
126.135	511
126.185	529
126.235	524
126.285	500
126.336	499
126.386	477
126.436	449
126.486	433
126.536	400
126.587	385
126.637	363
126.687	340
126.738	332
126.788	324
126.838	314
126.889	320
126.939	320
126.989	340
127.039	357
127.089	368
127.139	399
127.190	422
127.240	441
127.290	472
127.340	476
127.390	508
127.441	518
127.491	510
127.541	528
127.591	522
127.642	509
127.692	503
127.743	466
127.793	463
127.843	439
127.893	404
127.943	391
127.993	369
128.044	344
128.094	336
128.144	320
128.194	320
128.244	321
128.295	320
128.345	336
128.395	351
128.445	366
128.495	393
128.546	407
128.597	441
128.647	464
128.697	474
128.747	503
128.797	511
128.847	520
128.898	528
128.948	509
128.998	519
129.048	506
129.098	479
129.149	470
129.199	443
129.249	417
129.299	399
129.349	367
129.399	356
129.451	341
129.501	322
129.551	322
129.601	323
129.651	320
129.702	333
129.752	341
129.802	365
129.852	387
129.902	400
129.952	434
130.003	453
130.053	475
130.103	497
130.153	498
130.203	521
130.253	525
130.304	514
130.355	521
130.405	503
130.455	492
130.505	475
130.556	442
130.606	430
130.656	406
130.706	376
130.756	363
130.806	347
130.857	329
130.907	326
130.957	316
131.007	324
131.057	331
131.107	337
131.158	360
131.208	383
131.259	400
131.309	426
131.359	435
131.410	472
131.460	489
131.510	496
131.560	518
131.610	506
131.660	525
131.711	521
131.761	498
131.811	499
131.861	479
131.911	451
131.961	437
132.012	410
132.062	388
132.113	370
132.163	346
132.213	338
132.264	329
132.314	320
132.364	325
132.414	335
132.464	336
132.514	356
132.565	368
132.615	396
132.665	418
132.715	436
132.765	465
132.815	471
132.866	501
132.916	513
132.966	503
133.017	524
133.067	519
133.118	506
133.168	503
133.218	473
133.268	466
133.318	444
133.368	409
133.419	397
133.469	376
133.519	350
133.569	342
133.619	325
133.670	324
133.720	325
133.770	324
133.820	337
133.870	351
133.921	362
133.972	390
134.022	401
134.072	434
134.122	458
134.172	468
134.222	496
134.273	506
134.323	511
134.373	523
134.423	504
134.473	518
134.524	506
134.574	474
134.624	472
134.674	448
134.724	420
134.774	404
134.826	372
134.876	363
134.926	347
134.976	328
135.026	327
135.076	325
135.127	322
135.177	334
135.227	341
135.277	363
135.327	383
135.378	395
135.428	428
135.478	450
135.528	468
135.578	492
135.628	489
135.679	517
135.730	522
135.780	511
135.830	520
135.880	507
135.931	490
135.981	479
136.031	445
136.081	435
136.131	411
136.181	381
136.232	369
136.282	351
136.332	332
136.382	330
136.432	320
136.482	325
136.533	331
136.583	336
136.634	357
136.684	376
136.734	393
136.785	421
136.835	430
136.885	466
136.935	486
136.985	491
137.035	515
137.086	516
137.136	522
137.186	523
137.236	498
137.286	502
137.336	483
137.387	454
137.437	442
137.487	415
137.538	392
137.588	374
137.639	349
137.689	341
137.739	331
137.789	320
137.839	324
137.889	330
137.940	334
137.990	352
138.040	362
138.090	391
138.140	414
138.190	429
138.241	461
138.291	467
138.341	498
138.391	513
138.442	506
138.493	525
138.543	523
138.593	508
138.643	506
138.693	475
138.743	468
138.794	450
138.844	414
138.894	402
138.944	380
138.994	354
139.044	345
139.095	339
139.145	322
139.195	323
139.245	320
139.295	334
139.347	347
139.397	360
139.447	385
139.497	403
139.547	429
139.597	454
139.648	461
139.698	494
139.748	506
139.798	510
139.848	525
139.899	509
139.949	521
139.999	511
140.049	483
140.099	477
140.149	455
140.200	426
140.251	410
140.301	383
140.351	368
140.401	350
140.451	331
140.502	328
140.552	325
140.602	320
140.652	331
140.702	337
140.753	358
140.803	378
140.853	390
140.903	424
140.953	445
141.003	461
141.054	488
141.104	487
141.155	515
141.205	522
141.255	510
141.305	522
141.356	510
141.406	492
141.456	483
141.506	451
141.556	441
141.607	417
141.657	386
141.707	373
141.757	354
141.807	334
141.857	330
141.908	321
141.958	325
142.009	329
142.059	335
142.109	354
142.159	372
142.210	386
142.260	417
142.310	427
142.360	462
142.410	482
142.461	486
142.511	512
142.561	517
142.611	518
142.661	524
142.711	502
142.762	505
142.812	488
142.862	456
142.913	447
142.963	422
143.014	394
143.064	379
143.114	350
143.164	344
143.214	332
143.264	320
143.315	324
143.365	328
143.415	330
143.465	349
143.515	359
143.565	387
143.616	409
143.666	424
143.716	456
143.766	472
143.817	490
143.868	510
143.918	503
143.968	525
144.018	524
144.068	505
144.118	509
144.169	489
144.219	471
144.269	454
144.319	418
144.369	408
144.419	386
144.470	359
144.520	348
144.570	337
144.620	322
144.670	324
144.722	321
144.772	332
144.822	345
144.872	354
144.922	380
144.972	399
145.023	421
145.073	448
145.123	457
145.173	489
145.223	504
145.273	506
145.324	523
145.374	515
145.424	521
145.474	513
145.524	483
145.575	482
145.626	460
145.676	429
145.726	415
145.776	393
145.826	368
145.877	354
145.927	334
145.977	331
146.027	325
146.077	318
146.127	330
146.178	349
146.228	353
146.278	374
146.328	385
146.378	417
146.429	441
146.479	454
146.530	484
146.580	487
146.630	513
146.680	521
146.731	508
146.781	523
146.831	515
146.881	494
146.931	488
146.982	457
147.032	446
147.082	423
147.132	391
147.182	378
147.232	359
147.283	337
147.333	333
147.383	323
147.434	322
147.484	328
147.534	330
147.585	351
147.635	368
147.685	384
147.735	411
147.785	422
147.836	458
147.886	478
147.936	483
147.986	510
148.036	517
148.086	518
148.137	526
148.187	501
148.237	509
148.287	492
148.338	461
148.388	452
148.439	427
148.489	399
148.539	383
148.589	356
148.639	346
148.690	334
148.740	320
148.790	323
148.840	327
148.890	328
148.940	346
148.991	356
149.041	382
149.091	404
149.141	418
149.191	452
149.243	470
149.293	486
149.343	508
149.393	501
149.443	525
149.493	526
149.544	509
149.594	514
149.644	495
149.694	475
149.744	459
149.794	422
149.845	412
149.895	389
149.945	360
149.995	350
150.045	337
150.095	321
150.147	322
150.197	317
150.247	329
150.297	340
150.347	349
150.398	376
150.448	397
150.498	417
150.548	445
150.598	453
150.648	488
150.699	504
150.749	506
150.799	525
150.849	522
150.899	522
150.950	517
151.000	488
151.051	487
151.101	465
151.151	432
151.201	419
151.252	394
151.302	368
151.352	354
151.402	332
151.452	328
151.502	323
151.553	316
151.603	326
151.653	339
151.703	346
151.753	369
151.804	381
151.854	414
151.905	438
151.955	452
152.005	483
152.055	496
152.106	513
152.156	525
152.206	512
152.256	528
152.306	519
152.356	496
152.407	492
152.457	465
152.507	448
152.557	425
152.607	394
152.658	379
152.708	359
152.758	336
152.809	330
152.859	333
152.909	316
152.960	323
153.010	326
153.060	346
153.110	364
153.160	378
153.211	408
153.261	428
153.311	456
153.361	478
153.411	482
153.461	513
153.512	521
153.562	520
153.612	529
153.662	506
153.713	513
153.763	497
153.814	466
153.864	456
153.914	431
153.964	400
154.014	385
154.065	366
154.115	344
154.165	333
154.215	319
154.265	320
154.315	323
154.366	324
154.416	343
154.466	353
154.516	378
154.566	402
154.617	415
154.668	451
154.718	470
154.768	484
154.818	509
154.868	502
154.919	528
154.969	529
155.019	511
155.069	517
155.119	499
155.169	477
155.220	463
155.270	428
155.320	414
155.370	391
155.420	361
155.470	350
155.522	335
155.572	320
155.622	321
155.672	316
155.722	326
155.773	338
155.823	346
155.873	373
155.923	395
155.973	413
156.023	444
156.074	453
156.124	488
156.174	505
156.224	504
156.274	527
156.324	525
156.375	523
156.426	521
156.476	492
156.526	490
156.576	468
156.627	435
156.677	422
156.727	396
156.777	368
156.827	355
156.877	333
156.928	328
156.978	322
157.028	313
157.078	325
157.128	335
157.179	345
157.229	368
157.279	379
157.330	413
157.380	437
157.430	450
157.481	483
157.531	496
157.581	512
157.631	526
157.681	517
157.731	529
157.782	521
157.832	499
157.882	495
157.932	471
157.982	448
158.033	428
158.083	395
158.133	380
158.183	359
158.234	336
158.284	330
158.335	323
158.385	314
158.435	321
158.485	325
158.535	344
158.585	362
158.636	375
158.686	406
158.736	427
158.786	453
158.836	478
158.887	484
158.937	513
158.987	522
159.037	518
159.087	531
159.138	517
159.189	515
159.239	500
159.289	466
159.339	458
159.389	433
159.439	400
159.490	385
159.540	367
159.590	340
159.640	332
159.690	318
159.741	319
159.791	321
159.841	322
159.891	340
159.941	361
159.991	374
160.043	400
160.093	413
160.143	450
160.193	472
160.243	482
160.294	510
160.344	504
160.394	530
160.444	531
160.494	512
160.544	519
160.595	503
160.645	477
160.695	464
160.745	431
160.795	414
160.845	391
160.896	362
160.947	349
160.997	335
161.047	320
161.097	319
161.148	319
161.198	322
161.248	336
161.298	345
161.348	371
161.398	393
161.449	412
161.499	444
161.549	454
161.599	489
161.649	506
161.699	506
161.750	529
161.800	529
161.851	523
161.901	523
161.951	491
162.002	491
162.052	469
162.102	432
162.152	421
162.202	396
162.252	366
162.303	353
162.353	331
162.403	326
162.453	319
162.503	313
162.553	321
162.604	333
162.654	342
162.705	366
162.755	378
162.805	413
162.856	437
162.906	451
162.956	484
163.006	500
163.056	511
163.106	528
163.157	511
163.207	531
163.257	525
163.307	500
163.357	496
163.407	472
163.458	446
163.508	429
163.558	393
163.609	379
163.659	358
163.710	334
163.760	328
163.810	322
163.860	312
163.910	321
163.960	323
164.011	343
164.061	361
164.111	374
164.161	406
164.211	428
164.262	452
164.312	479
164.362	481
164.412	514
164.462	524
164.513	517
164.564	532
164.614	523
164.664	513
164.714	501
164.764	465
164.814	459
164.865	434
164.915	401
164.965	386
165.015	364
165.065	340
165.116	332
165.166	317
165.216	319
165.266	319
165.316	321
165.366	339
165.418	355
165.468	372
165.518	400
165.568	413
165.618	449
165.668	472
165.719	481
165.769	510
165.819	513
165.869	527
165.919	531
165.970	511
166.020	520
166.070	504
166.120	476
166.170	465
166.220	439
166.271	413
166.322	392
166.372	362
166.422	351
166.472	335
166.523	320
166.573	319
166.623	329
166.673	320
166.723	335
166.773	345
166.824	371
166.874	393
166.924	411
166.974	444
167.024	459
167.074	488
167.125	506
167.175	504
167.226	528
167.276	529
167.326	519
167.377	523
167.427	493
167.477	491
167.527	471
167.577	435
167.627	422
167.678	397
167.728	366
167.778	353
167.828	335
167.878	324
167.928	320
167.979	313
168.029	321
168.079	332
168.130	342
168.180	366
168.231	383
168.281	412
168.331	439
168.381	451
168.431	484
168.481	501
168.532	510
168.582	528
168.632	513
168.682	533
168.732	526
168.782	501
168.833	498
168.883	474
168.933	446
168.983	428
169.034	392
169.085	379
169.135	359
169.185	335
169.235	328
169.285	319
169.335	310
169.386	319
169.436	323
169.486	342
169.536	361
169.586	373
169.636	406
169.687	430
169.737	449
169.787	480
169.837	486
169.887	516
169.939	526
169.989	516
170.039	534
170.089	525
170.139	513
170.189	502
170.240	466
170.290	460
170.340	434
170.390	400
170.440	385
170.491	363
170.541	338
170.591	330
170.641	317
170.691	316
170.741	318
170.792	318
170.843	337
170.893	355
170.943	370
170.993	400
171.043	414
171.094	451
171.144	473
171.194	486
171.244	513
171.294	519
171.345	528
171.395	534
171.445	517
171.495	522
171.545	507
171.595	476
171.646	465
171.696	438
171.747	410
171.797	390
171.847	360
171.897	347
171.948	333
171.998	316
172.048	317
172.098	319
172.148	320
172.199	334
172.249	343
172.299	371
172.349	394
172.399	412
172.449	445
172.500	465
172.550	488
172.601	510
172.651	507
172.701	531
172.751	532
172.802	519
172.852	526
172.902	505
172.952	489
173.002	470
173.053	432
173.103	420
173.153	394
173.203	364
173.253	351
173.303	337
173.354	320
173.404	317
173.454	312
173.505	320
173.555	330
173.606	339
173.656	366
173.706	389
173.756	412
173.806	441
173.856	453
173.907	488
173.957	506
174.007	511
174.057	531
174.107	519
174.157	535
174.208	528
174.258	499
174.308	498
174.358	474
174.409	443
174.460	425
174.510	399
174.560	372
174.610	355
174.660	330
174.710	323
174.761	316
174.811	308
174.861	317
174.911	333
174.961	340
175.011	361
175.062	374
175.112	408
175.162	434
175.212	453
175.262	484
175.314	490
175.364	520
175.414	531
175.464	519
175.514	536
175.564	528
175.615	510
175.665	502
175.715	467
175.765	457
175.815	431
175.865	396
175.916	380
175.966	357
176.016	333
176.066	326
176.116	314
176.167	314
176.218	316
176.268	320
176.318	338
176.368	357
176.418	372
176.469	404
176.519	416
176.569	455
176.619	478
176.669	486
176.719	517
176.770	525
176.820	528
176.870	536
176.920	514
176.970	522
177.021	505
177.071	473
177.122	463
177.172	435
177.222	405
177.272	386
177.323	356
177.373	344
177.423	329
177.473	314
177.523	315
177.574	318
177.624	316
177.674	335
177.724	345
177.774	373
177.824	397
177.875	413
177.925	448
177.975	469
178.026	490
178.076	512
178.126	507
178.177	534
178.227	535
178.277	523
178.327	524
178.377	504
178.428	486
178.478	469
178.528	431
178.578	418
178.628	393
178.678	363
178.729	350
178.779	335
178.829	320
178.879	317
178.930	310
178.980	321
179.031	333
179.081	342
179.131	369
179.181	391
179.231	412
179.282	442
179.332	451
179.382	489
179.432	506
179.482	509
179.532	530
179.583	525
179.633	532
179.683	525
179.733	496
179.783	494
179.835	471
179.885	440
179.935	424
179.985	397
180.035	372
180.085	356
180.136	332
180.186	327
180.236	321
180.286	314
180.336	322
180.386	339
180.437	340
180.487	365
180.537	378
180.587	410
180.637	434
180.687	452
180.739	482
180.789	485
180.839	516
180.889	526
180.939	517
180.990	531
181.040	524
181.090	505
181.140	499
181.190	466
181.240	454
181.291	431
181.341	396
181.391	383
181.441	363
181.491	341
181.542	332
181.592	319
181.643	320
181.693	323
181.743	325
181.793	344
181.844	362
181.894	378
181.944	405
181.994	424
182.044	453
182.094	476
182.145	484
182.195	510
182.245	520
182.295	520
182.345	529
182.396	508
182.446	515
182.497	501
182.547	467
182.597	461
182.647	436
182.698	406
182.748	391
182.798	363
182.848	352
182.898	338
182.948	323
182.999	323
183.049	324
183.099	326
183.149	341
183.199	350
183.250	378
183.300	399
183.350	412
183.401	446
183.451	466
183.501	480
183.552	505
183.602	501
183.652	524
183.702	528
183.752	511
183.803	518
183.853	502
183.903	480
183.953	468
184.003	432
184.053	422
184.104	398
184.154	369
184.204	359
184.254	344
184.305	328
184.355	327
184.406	321
184.456	330
184.506	340
184.556	347
184.606	371
184.657	391
184.707	409
184.757	437
184.807	446
184.857	480
184.907	497
184.958	497
185.008	520
185.058	519
185.108	520
185.158	518
185.209	496
185.260	492
185.310	473
185.360	442
185.410	429
185.460	405
185.511	380
185.561	366
185.611	341
185.661	338
185.711	331
185.761	322
185.812	331
185.862	339
185.912	344
185.962	367
186.012	379
186.062	407
186.114	429
186.164	441
186.214	474
186.264	485
186.314	503
186.365	516
186.415	504
186.465	523
186.515	517
186.565	499
186.615	496
186.666	473
186.716	456
186.766	437
186.816	404
186.866	393
186.916	373
186.967	349
187.018	342
187.068	335
187.118	325
187.168	331
187.219	330
187.269	347
187.319	362
187.369	374
187.419	400
187.469	419
187.520	440
187.570	466
187.620	470
187.670	499
187.720	509
187.771	509
187.821	522
187.871	505
187.922	510
187.972	499
188.022	470
188.073	465
188.123	444
188.173	414
188.223	400
188.273	381
188.323	360
188.374	348
188.424	332
188.474	333
188.524	331
188.574	330
188.625	344
188.675	351
188.725	372
188.775	393
188.826	404
188.876	436
188.927	456
188.977	469
189.027	495
189.077	491
189.127	516
189.177	519
189.228	504
189.278	515
189.328	501
189.378	482
189.428	472
189.479	439
189.529	429
189.579	408
189.629	379
189.679	370
189.730	354
189.781	337
189.831	335
189.881	328
189.931	334
189.981	341
190.031	347
190.082	368
190.132	385
190.182	399
190.232	427
190.282	436
190.333	469
190.383	486
190.433	487
190.483	510
190.533	513
190.583	512
190.635	515
190.685	493
190.735	493
190.785	476
190.835	446
190.886	438
190.936	415
190.986	390
191.036	377
191.086	353
191.136	347
191.187	339
191.237	329
191.287	335
191.337	340
191.387	344
191.437	363
191.488	372
191.539	399
191.589	419
191.639	430
191.689	460
191.740	475
191.790	488
191.840	505
191.890	496
191.940	516
191.990	514
192.041	496
192.091	498
192.141	479
192.191	462
192.241	447
192.291	414
192.342	405
192.392	385
192.443	362
192.493	354
192.543	345
192.594	332
192.644	336
192.694	333
192.744	346
192.794	357
192.844	364
192.895	391
192.945	409
192.995	428
193.045	451
193.095	454
193.145	487
193.196	498
193.246	498
193.297	514
193.347	509
193.397	507
193.448	501
193.498	469
193.548	472
193.598	453
193.648	425
193.698	413
193.749	393
193.799	372
193.849	361
193.899	342
193.949	341
193.999	338
194.050	332
194.100	344
194.150	355
194.201	363
194.251	384
194.302	393
194.352	423
194.402	443
194.452	453
194.502	480
194.552	490
194.603	504
194.653	512
194.703	500
194.753	513
194.803	504
194.854	484
194.904	480
194.954	453
195.004	438
195.054	422
195.105	392
195.156	384
195.206	367
195.256	347
195.306	344
195.356	345
195.406	334
195.457	342
195.507	343
195.557	361
195.607	377
195.657	387
195.708	414
195.758	429
195.808	454
195.858	473
195.908	475
195.958	501
196.010	508
196.060	505
196.110	514
196.160	494
196.210	500
196.260	486
196.311	458
196.361	451
196.411	430
196.461	404
196.511	392
196.562	367
196.612	358
196.662	348
196.712	333
196.762	337
196.812	339
196.863	340
196.914	356
196.964	365
197.014	387
197.064	406
197.115	416
197.165	447
197.215	464
197.265	476
197.315	496
197.365	490
197.416	513
197.466	514
197.516	496
197.566	504
197.616	489
197.666	470
197.717	459
197.767	426
197.818	419
197.868	399
197.918	373
197.969	365
198.019	353
198.069	338
198.119	339
198.169	333
198.219	342
198.270	351
198.320	357
198.370	380
198.420	397
198.470	412
198.520	438
198.571	444
198.621	475
198.671	490
198.722	489
198.772	510
198.823	509
198.873	508
198.923	508
198.973	485
199.023	484
199.073	466
199.124	438
199.174	428
199.224	406
199.274	384
199.324	373
199.374	351
199.425	348
199.475	341
199.525	332
199.575	341
199.626	348
199.677	354
199.727	373
199.777	382
199.827	409
199.877	429
199.927	441
199.978	468
200.028	478
200.078	494
200.128	506
200.178	496
200.228	513
200.279	508
200.329	491
200.379	490
200.429	468
200.479	453
200.531	437
200.581	406
200.631	397
200.681	380
200.731	356
200.781	352
200.832	346
200.882	334
200.932	339
200.982	340
201.032	353
201.083	367
201.133	374
201.183	400
201.233	415
201.283	438
201.333	461
201.384	463
201.435	492
201.485	502
201.535	498
201.585	513
201.635	496
201.686	505
201.736	495
201.786	467
201.836	463
201.886	444
201.937	416
201.987	406
202.037	383
202.087	368
202.137	357
202.187	342
202.238	340
202.288	339
202.339	336
202.389	349
202.439	365
202.489	370
202.540	393
202.590	403
202.640	432
202.690	451
202.740	461
202.791	486
202.841	484
202.891	508
202.941	513
202.991	499
203.041	510
203.092	498
203.142	477
203.193	471
203.243	444
203.293	432
203.343	414
203.394	385
203.444	377
203.494	361
203.544	342
203.594	341
203.645	331
203.695	337
203.745	345
203.795	348
203.845	368
203.895	384
203.946	398
203.996	423
204.046	435
204.097	463
204.147	480
204.198	479
204.248	505
204.298	509
204.348	506
204.398	512
204.448	491
204.499	494
204.549	478
204.599	449
204.649	442
204.699	420
204.749	394
204.800	383
204.850	358
204.900	353
204.950	343
205.001	330
205.052	337
205.102	341
205.152	344
205.202	362
205.252	368
205.302	395
205.353	415
205.403	426
205.453	456
205.503	472
205.553	484
205.603	503
205.654	497
205.704	515
205.754	514
205.804	497
205.854	499
205.906	482
205.956	464
206.006	451
206.056	415
206.106	409
206.156	390
206.207	364
206.257	357
206.307	347
206.357	332
206.407	336
206.457	332
206.508	344
206.558	355
206.608	364
206.658	387
206.708	405
206.759	424
206.810	448
206.860	454
206.910	484
206.960	497
207.010	496
207.061	515
207.111	509
207.161	509
207.211	504
207.261	478
207.311	477
207.362	458
207.412	428
207.462	418
207.512	395
207.562	374
207.613	363
207.663	343
207.714	341
207.764	337
207.814	330
207.864	341
207.915	351
207.965	360
208.015	380
208.065	390
208.115	419
208.166	439
208.216	449
208.266	477
208.316	487
208.366	502
208.416	512
208.467	503
208.517	514
208.567	506
208.618	487
208.668	483
208.718	457
208.769	444
208.819	427
208.869	396
208.919	388
208.969	370
209.020	350
209.070	346
209.120	347
209.170	334
209.220	340
209.270	342
209.321	359
209.371	374
209.421	385
209.471	410
209.522	426
209.572	449
209.623	469
209.673	469
209.723	498
209.773	505
209.823	504
209.874	514
209.924	495
209.974	502
210.024	488
210.074	461
210.124	455
210.175	433
210.225	408
210.275	396
210.325	370
210.375	362
210.427	351
210.477	336
210.527	339
210.577	340
210.627	341
210.677	355
210.728	361
210.778	384
210.828	402
210.878	413
210.928	442
210.978	458
211.029	471
211.079	493
211.129	487
211.179	511
211.229	512
211.279	495
211.331	505
211.381	492
211.431	473
211.481	463
211.531	429
211.582	425
211.632	404
211.682	378
211.732	370
211.782	357
211.832	341
211.883	341
211.933	335
211.983	343
212.033	351
212.083	356
212.134	378
212.184	394
212.235	408
212.285	433
212.335	438
212.385	471
212.436	486
212.486	483
212.536	506
212.586	508
212.636	505
212.686	506
212.737	482
212.787	485
212.837	469
212.887	440
212.937	433
212.988	411
213.038	388
213.089	376
213.139	355
213.189	351
213.239	343
213.290	335
213.340	341
213.390	348
213.440	352
213.490	371
213.540	380
213.591	405
213.641	424
213.691	436
213.741	462
213.791	475
213.842	489
213.892	504
213.942	496
213.993	513
214.043	509
214.093	493
214.144	492
214.194	475
214.244	457
214.294	442
214.344	413
214.395	403
214.445	385
214.495	362
214.545	356
214.595	348
214.645	336
214.696	341
214.746	337
214.796	352
214.846	363
214.897	372
214.947	397
214.998	414
215.048	432
215.098	455
215.148	457
215.198	487
215.249	497
215.299	497
215.349	511
215.399	504
215.449	505
215.499	498
215.550	469
215.600	469
215.650	450
215.700	422
215.750	412
215.801	394
215.852	372
215.902	362
215.952	346
216.002	344
216.052	342
216.103	336
216.153	350
216.203	363
216.253	370
216.303	389
216.353	396
216.404	427
216.454	445
216.504	455
216.554	480
216.604	482
216.654	503
216.706	509
216.756	498
216.806	509
216.856	500
216.906	481
216.957	476
217.007	447
217.057	440
217.107	420
217.157	394
217.207	383
217.258	368
217.308	352
217.358	347
217.408	337
217.458	342
217.508	346
217.559	348
217.610	366
217.660	381
217.710	392
217.760	418
217.811	426
217.861	456
217.911	472
217.961	477
218.011	500
218.061	504
218.112	505
218.162	510
218.212	489
218.262	496
218.312	482
218.363	454
218.413	448
218.463	427
218.514	403
218.564	391
218.614	368
218.665	361
218.715	351
218.765	337
218.815	341
218.865	343
218.915	344
218.966	361
219.016	365
219.066	391
219.116	410
219.166	421
219.217	448
219.267	463
219.317	477
219.367	495
219.418	488
219.468	510
219.519	510
219.569	496
219.619	500
219.669	484
219.719	468
219.769	457
219.820	425
219.870	418
219.920	400
219.970	375
220.020	368
220.071	355
220.121	340
220.171	342
220.221	337
