#Creator: pendulumdriveEventBuffer
#Creation time: Tue Apr  4 15:26:34 2017
#Time	Pos
#[s]	[au]
0.051	513
0.101	509
0.151	536
0.202	539
0.252	520
0.302	529
0.353	513
0.403	486
0.453	474
0.503	439
0.553	422
0.603	397
0.654	366
0.704	352
0.754	335
0.804	317
0.854	317
0.905	311
0.955	320
1.005	331
1.055	339
1.106	366
1.156	389
1.207	408
1.257	441
1.307	450
1.357	489
1.407	508
1.458	507
1.508	533
1.558	533
1.608	528
1.658	531
1.708	503
1.759	500
1.809	479
1.859	446
1.909	429
1.959	402
2.010	373
2.061	357
2.111	334
2.161	326
2.211	319
2.261	313
2.312	319
2.362	329
2.412	338
2.462	362
2.512	376
2.562	409
2.613	435
2.663	448
2.713	484
2.763	500
2.813	515
2.863	532
2.915	519
2.965	538
3.015	532
3.065	509
3.115	505
3.166	481
3.216	454
3.266	435
3.316	400
3.366	384
3.416	362
3.467	337
3.517	329
3.567	322
3.617	312
3.667	318
3.717	322
3.768	340
3.819	357
3.869	372
3.919	403
3.969	426
4.020	450
4.070	479
4.120	482
4.170	517
4.220	528
4.270	523
4.321	537
4.371	526
4.421	522
4.471	509
4.521	476
4.571	466
4.622	441
4.672	407
4.723	390
4.773	367
4.823	342
4.874	333
4.924	318
4.974	318
5.024	319
5.074	320
5.124	336
5.175	361
5.225	370
5.275	397
5.325	412
5.375	448
5.426	471
5.476	482
5.526	513
5.576	509
5.627	533
5.677	536
5.728	520
5.778	527
5.828	510
5.878	483
5.928	471
5.978	439
6.029	419
6.079	396
6.129	364
6.179	352
6.229	337
6.280	320
6.330	319
6.380	319
6.430	320
6.480	334
6.531	343
6.582	369
6.632	391
6.682	410
6.732	442
6.782	455
6.832	489
6.883	508
6.933	505
6.983	532
7.033	533
7.083	527
7.134	528
7.184	499
7.234	497
7.284	476
7.334	439
7.384	428
7.436	402
7.486	373
7.536	358
7.586	335
7.636	328
7.686	322
7.737	313
7.787	322
7.837	332
7.887	340
7.937	365
7.988	377
8.038	411
8.088	436
8.138	448
8.188	484
8.238	500
8.289	511
8.340	528
8.390	516
8.440	534
8.490	528
8.541	504
8.591	502
8.641	478
8.691	452
8.741	434
8.791	398
8.842	384
8.892	363
8.942	339
8.992	332
9.042	324
9.092	316
9.143	322
9.193	325
9.244	343
9.294	361
9.344	374
9.395	405
9.445	428
9.495	449
9.545	478
9.595	480
9.645	513
9.696	525
9.746	519
9.796	534
9.846	524
9.896	517
9.946	505
9.997	472
10.047	465
10.097	439
10.148	408
10.198	392
10.249	369
10.299	344
10.349	336
10.399	323
10.449	321
10.499	322
10.550	323
10.600	340
10.650	357
10.700	372
10.750	399
10.800	414
10.851	448
10.901	471
10.951	482
11.001	511
11.052	516
11.103	529
11.153	535
11.203	519
11.253	524
11.303	509
11.353	482
11.404	471
11.454	443
11.504	418
11.554	398
11.604	369
11.654	354
11.705	339
11.755	324
11.805	322
11.855	331
11.905	320
11.957	336
12.007	345
12.057	370
12.107	392
12.157	409
12.207	441
12.258	457
12.308	486
12.358	505
12.408	505
12.458	529
12.509	532
12.559	524
12.609	526
12.659	497
12.709	496
12.759	477
12.810	440
12.861	429
12.911	403
12.961	372
13.011	360
13.061	349
13.112	328
13.162	325
13.212	317
13.262	325
13.312	334
13.363	342
13.413	365
13.463	379
13.513	408
13.563	434
13.613	445
13.664	481
13.714	497
13.765	505
13.815	526
13.865	516
13.915	532
13.966	527
14.016	504
14.066	501
14.116	479
14.166	451
14.217	435
14.267	401
14.317	387
14.367	367
14.417	343
14.467	337
14.518	328
14.568	320
14.619	325
14.669	328
14.719	344
14.770	361
14.820	374
14.870	403
14.920	426
14.970	444
15.020	474
15.071	480
15.121	509
15.171	521
15.221	516
15.271	531
15.321	524
15.372	511
15.422	504
15.472	471
15.523	465
15.573	442
15.624	409
15.674	395
15.724	374
15.774	352
15.824	341
15.874	327
15.925	326
15.975	326
16.025	324
16.075	341
16.125	357
16.175	369
16.226	397
16.276	411
16.326	445
16.376	466
16.427	476
16.478	504
16.528	512
16.578	520
16.628	529
16.678	513
16.728	521
16.779	507
16.829	479
16.879	472
16.929	446
16.979	420
17.029	402
17.080	373
17.130	361
17.180	345
17.230	329
17.280	329
17.332	327
17.382	326
17.432	339
17.482	346
17.532	370
17.582	391
17.633	405
17.683	438
17.733	456
17.783	478
17.833	499
17.883	498
17.934	523
17.984	527
18.034	518
18.084	523
18.134	505
18.185	493
18.236	478
18.286	444
18.336	433
18.386	409
18.436	379
18.487	367
18.537	351
18.587	332
18.637	330
18.687	320
18.738	327
18.788	335
18.838	342
18.888	365
18.938	386
18.988	402
19.039	430
19.089	441
19.140	476
19.190	492
19.240	499
19.290	519
19.341	512
19.391	526
19.441	524
19.491	498
19.541	501
19.592	481
19.642	453
19.692	439
19.742	412
19.792	390
19.842	372
19.893	349
19.943	342
19.993	333
20.044	322
20.094	328
20.144	339
20.195	340
20.245	360
20.295	370
20.345	400
20.395	422
20.446	438
20.496	468
20.546	475
20.596	505
20.646	517
20.696	509
20.747	528
20.797	524
20.847	510
20.897	506
20.948	475
20.998	468
21.049	447
21.099	414
21.149	400
21.199	379
21.249	354
21.300	345
21.350	329
21.400	328
21.450	327
21.500	325
21.550	340
21.601	355
21.651	368
21.701	393
21.751	404
21.801	439
21.853	462
21.903	470
21.953	501
22.003	512
22.053	516
22.103	529
22.154	515
22.204	522
22.254	510
22.304	483
22.354	475
22.404	451
22.455	424
22.505	406
22.555	376
22.605	364
22.655	348
22.706	331
22.757	328
22.807	327
22.857	324
22.907	336
22.957	344
23.008	367
23.058	387
23.108	401
23.158	434
23.208	454
23.258	474
23.309	498
23.359	498
23.409	523
23.459	528
23.509	518
23.560	526
23.610	511
23.661	495
23.711	482
23.761	449
23.811	436
23.862	412
23.912	381
23.962	369
24.012	351
24.062	332
24.112	329
24.163	320
24.213	326
24.263	333
24.313	338
24.363	360
24.414	381
24.464	400
24.515	426
24.565	438
24.615	473
24.665	493
24.716	499
24.766	522
24.816	523
24.866	528
24.916	528
24.966	506
25.017	506
25.067	488
25.117	458
25.167	444
25.217	417
25.268	390
25.318	374
25.368	348
25.419	340
25.469	330
25.519	321
25.570	324
25.620	331
25.670	336
25.720	355
25.770	366
25.821	396
25.871	420
25.921	435
25.971	467
26.021	480
26.071	505
26.122	520
26.172	512
26.222	532
26.272	528
26.323	513
26.373	510
26.424	478
26.474	472
26.524	450
26.574	416
26.624	402
26.675	379
26.725	353
26.775	343
26.825	339
26.875	320
26.925	323
26.976	323
27.026	336
27.076	351
27.126	363
27.176	390
27.227	411
27.278	436
27.328	461
27.378	472
27.428	502
27.478	514
27.529	517
27.579	532
27.629	515
27.679	526
27.729	514
27.779	483
27.830	478
27.880	455
27.930	425
27.980	408
28.030	377
28.080	364
28.132	347
28.182	328
28.232	327
28.282	324
28.332	320
28.383	333
28.433	339
28.483	363
28.533	384
28.583	397
28.633	432
28.684	454
28.734	469
28.784	498
28.834	496
28.884	525
28.934	530
28.985	522
29.036	528
29.086	515
29.136	497
29.186	485
29.237	446
29.287	439
29.337	415
29.387	382
29.437	369
29.487	351
29.538	330
29.588	328
29.638	320
29.688	324
29.738	331
29.789	336
29.839	358
29.889	379
29.940	395
29.990	424
30.040	439
30.091	472
30.141	493
30.191	496
30.241	523
30.291	525
30.341	527
30.392	529
30.442	505
30.492	508
30.542	489
30.592	457
30.643	446
30.693	419
30.743	392
30.793	375
30.844	348
30.894	340
30.945	329
30.995	320
31.045	323
31.095	329
31.145	334
31.195	353
31.246	366
31.296	394
31.346	418
31.396	433
31.446	466
31.497	483
31.547	503
31.597	519
31.647	512
31.697	532
31.748	530
31.799	512
31.849	512
31.899	489
31.949	470
31.999	451
32.050	418
32.100	403
32.150	380
32.200	354
32.250	344
32.300	335
32.351	320
32.401	323
32.451	321
32.501	335
32.551	349
32.601	360
32.653	388
32.703	411
32.753	432
32.803	460
32.853	468
32.904	501
32.954	514
33.004	515
33.054	531
33.104	512
33.154	525
33.205	516
33.255	486
33.305	481
33.355	457
33.405	426
33.455	410
33.506	383
33.557	362
33.607	348
33.657	330
33.707	327
33.758	324
33.808	320
33.858	332
33.908	349
33.958	358
34.008	382
34.059	396
34.109	429
34.159	452
34.209	466
34.259	496
34.309	498
34.360	523
34.410	529
34.461	518
34.511	528
34.561	517
34.612	496
34.662	486
34.712	455
34.762	441
34.812	417
34.862	386
34.913	371
34.963	353
35.013	334
35.063	329
35.113	320
35.163	324
35.214	330
35.264	336
35.315	357
35.365	376
35.415	393
35.466	423
35.516	436
35.566	470
35.616	490
35.666	492
35.716	520
35.767	525
35.817	524
35.867	530
35.917	507
35.967	509
36.018	492
36.068	458
36.118	448
36.168	423
36.219	393
36.269	378
36.320	352
36.370	343
36.420	332
36.470	320
36.520	325
36.570	330
36.621	332
36.671	353
36.721	363
36.771	392
36.821	415
36.872	428
36.922	463
36.972	481
37.022	495
37.072	517
37.123	510
37.174	531
37.224	530
37.274	511
37.324	513
37.374	492
37.424	471
37.475	455
37.525	420
37.575	407
37.625	384
37.675	356
37.726	347
37.776	335
37.826	322
37.876	325
37.926	322
37.976	335
38.028	349
38.078	359
38.128	386
38.178	407
38.228	428
38.278	456
38.329	464
38.379	498
38.429	511
38.479	511
38.529	530
38.580	524
38.630	524
38.680	517
38.730	487
38.780	483
38.830	460
38.881	429
38.932	414
38.982	390
39.032	366
39.082	353
39.133	333
39.183	330
39.233	327
39.283	321
39.333	333
39.383	346
39.434	356
39.484	380
39.534	392
39.584	426
39.634	448
39.684	462
39.735	491
39.785	499
39.836	517
39.886	526
39.936	512
39.987	527
40.037	516
40.087	494
40.137	488
40.187	459
40.237	442
40.288	422
40.338	389
40.388	377
40.438	358
40.488	338
40.538	333
40.589	335
40.639	324
40.689	332
40.740	335
40.790	355
40.841	375
40.891	390
40.941	419
40.991	436
41.041	464
41.091	485
41.142	488
41.192	516
41.242	522
41.292	520
41.342	528
41.392	504
41.443	510
41.493	492
41.543	462
41.593	452
41.644	427
41.695	398
41.745	384
41.795	357
41.845	346
41.895	337
41.945	324
41.996	327
42.046	331
42.096	333
42.146	352
42.196	362
42.246	390
42.297	412
42.347	424
42.397	458
42.447	477
42.497	490
42.549	511
42.599	505
42.649	528
42.699	528
42.749	507
42.799	513
42.850	494
42.900	473
42.950	459
43.000	422
43.050	412
43.101	390
43.151	362
43.201	352
43.251	340
43.301	326
43.351	327
43.402	323
43.453	336
43.503	347
43.553	356
43.603	383
43.653	403
43.704	422
43.754	452
43.804	459
43.854	492
43.904	507
43.955	509
44.005	527
44.055	524
44.105	521
44.155	517
44.205	487
44.256	485
44.306	465
44.357	432
44.407	420
44.457	395
44.507	370
44.558	357
44.608	336
44.658	334
44.708	329
44.758	322
44.809	332
44.859	344
44.909	352
44.959	376
45.009	388
45.059	419
45.110	444
45.160	455
45.211	487
45.261	501
45.311	512
45.362	526
45.412	514
45.462	527
45.512	520
45.562	496
45.612	492
45.663	467
45.713	445
45.763	427
45.813	393
45.863	381
45.913	363
45.964	341
46.014	335
46.064	331
46.115	322
46.165	330
46.216	334
46.266	353
46.316	370
46.366	382
46.416	414
46.466	433
46.517	457
46.567	481
46.617	485
46.667	514
46.717	521
46.767	517
46.818	529
46.868	514
46.918	511
46.968	497
47.019	467
47.070	457
47.120	433
47.170	402
47.220	387
47.270	372
47.320	348
47.371	339
47.421	325
47.471	327
47.521	330
47.571	330
47.621	349
47.672	367
47.722	384
47.772	406
47.822	420
47.872	453
47.924	474
47.974	484
48.024	509
48.074	505
48.124	527
48.174	529
48.225	511
48.275	516
48.325	500
48.375	476
48.425	463
48.475	431
48.526	416
48.576	394
48.626	368
48.676	356
48.726	342
48.777	328
48.828	328
48.878	323
48.928	332
48.978	344
49.028	353
49.079	379
49.129	399
49.179	416
49.229	446
49.279	456
49.330	488
49.380	504
49.430	506
49.480	525
49.530	525
49.580	519
49.631	518
49.681	494
49.732	489
49.782	469
49.832	437
49.882	425
49.933	400
49.983	373
50.033	361
50.083	340
50.133	335
50.184	329
50.234	322
50.284	332
50.334	341
50.384	348
50.434	372
50.485	383
50.535	416
50.585	439
50.636	451
50.686	482
50.736	497
50.787	508
50.837	524
50.887	512
50.937	528
50.987	521
51.038	500
51.088	495
51.138	473
51.188	449
51.238	431
51.288	395
51.339	385
51.389	365
51.439	342
51.489	336
51.540	331
51.590	323
51.641	328
51.691	332
51.741	350
51.791	367
51.841	379
51.892	408
51.942	430
51.992	450
52.042	478
52.092	483
52.142	512
52.193	522
52.243	515
52.293	530
52.343	520
52.393	512
52.445	501
52.495	469
52.545	461
52.595	437
52.645	405
52.695	391
52.746	370
52.796	346
52.846	339
52.896	323
52.946	326
52.996	327
53.047	328
53.097	344
53.147	362
53.197	376
53.247	402
53.298	416
53.349	450
53.399	472
53.449	482
53.499	510
53.549	512
53.600	528
53.650	532
53.700	510
53.750	520
53.800	505
53.850	480
53.901	467
53.951	437
54.001	416
54.051	396
54.101	367
54.152	354
54.202	341
54.253	324
54.303	324
54.353	329
54.403	324
54.454	339
54.504	349
54.554	374
54.604	396
54.654	412
54.704	445
54.755	460
54.805	487
54.855	508
54.905	506
54.955	529
55.006	531
55.056	521
55.107	525
55.157	498
55.207	494
55.257	473
55.308	437
55.358	426
55.408	400
55.458	372
55.508	358
55.558	335
55.609	326
55.659	323
55.709	316
55.759	324
55.809	335
55.860	342
55.910	368
55.960	383
56.011	413
56.061	439
56.111	452
56.162	487
56.212	503
56.262	513
56.312	531
56.362	520
56.413	536
56.463	529
56.513	506
56.563	501
56.613	477
56.663	449
56.714	431
56.764	398
56.814	381
56.864	360
56.915	336
56.965	329
57.016	322
57.066	314
57.116	321
57.166	324
57.216	344
57.267	363
57.317	377
57.367	410
57.417	435
57.467	455
57.517	485
57.568	487
57.618	522
57.668	532
57.718	525
57.768	539
57.819	530
57.870	515
57.920	506
57.970	468
58.020	462
58.070	435
58.121	401
58.171	384
58.221	361
58.271	337
58.321	328
58.371	315
58.422	315
58.472	318
58.522	321
58.572	339
58.622	358
58.672	373
58.724	405
58.774	419
58.824	458
58.874	482
58.924	492
58.975	521
59.025	529
59.075	536
59.125	542
59.175	523
59.225	528
59.276	511
59.326	479
59.376	467
59.426	437
59.476	409
59.526	389
59.577	357
59.628	344
59.678	329
59.728	316
59.778	314
59.829	317
59.879	316
59.929	334
59.979	346
60.029	373
60.079	399
60.130	416
60.180	452
60.230	472
60.280	498
60.330	519
60.381	517
60.431	541
60.481	542
60.532	530
60.582	531
60.632	506
60.683	493
60.733	472
60.783	434
60.833	418
60.883	392
60.933	361
60.984	348
61.034	339
61.084	314
61.134	314
61.184	310
61.235	319
61.285	332
61.335	342
61.385	370
61.436	395
61.486	416
61.537	448
61.587	462
61.637	497
61.687	515
61.737	519
61.787	539
61.838	525
61.888	542
61.938	533
61.988	502
62.038	499
62.089	474
62.139	444
62.189	424
62.239	387
62.289	369
62.340	351
62.391	328
62.441	322
62.491	315
62.541	308
62.591	318
62.642	325
62.692	344
62.742	367
62.792	382
62.842	416
62.892	442
62.943	461
62.993	493
63.043	498
63.093	529
63.143	538
63.193	527
63.245	542
63.295	532
63.345	512
63.395	503
63.445	464
63.496	455
63.546	428
63.596	391
63.646	376
63.696	353
63.746	329
63.797	322
63.847	312
63.897	313
63.947	317
63.997	321
64.047	342
64.098	363
64.149	379
64.199	411
64.249	427
64.299	466
64.350	489
64.400	499
64.450	527
64.500	533
64.550	537
64.600	543
64.651	521
64.701	525
64.751	506
64.801	472
64.851	460
64.901	431
64.952	400
65.002	381
65.053	353
65.103	339
65.153	325
65.204	312
65.254	314
65.304	318
65.354	320
65.404	339
65.454	352
65.505	381
65.555	406
65.605	425
65.655	460
65.705	480
65.755	501
65.806	522
65.856	517
65.907	540
65.957	541
66.007	526
66.058	526
66.108	505
66.158	486
66.208	466
66.258	429
66.308	413
66.359	387
66.409	357
66.459	344
66.509	332
66.559	315
66.610	316
66.660	312
66.710	324
66.760	337
66.811	350
66.861	376
66.912	399
66.962	422
67.012	452
67.062	461
67.112	498
67.162	515
67.213	518
67.263	538
67.313	530
67.363	535
67.413	527
67.464	501
67.514	493
67.564	469
67.614	436
67.664	419
67.715	393
67.766	368
67.816	351
67.866	330
67.916	325
67.966	319
68.016	314
68.067	323
68.117	346
68.167	346
68.217	372
68.267	386
68.318	420
68.368	445
68.418	463
68.468	492
68.518	496
68.568	522
68.620	532
68.670	520
68.720	535
68.770	525
68.820	504
68.870	496
68.921	464
68.971	450
69.021	426
69.071	392
69.121	378
69.172	356
69.222	336
69.272	329
69.322	319
69.372	320
69.422	325
69.473	330
69.524	349
69.574	367
69.624	384
69.674	414
69.725	427
69.775	464
69.825	486
69.875	494
69.925	520
69.975	527
70.026	528
70.076	535
70.126	510
70.176	518
70.226	499
70.276	467
70.327	457
70.377	431
70.428	400
70.478	384
70.528	357
70.579	344
70.629	333
70.679	320
70.729	322
70.779	325
70.829	328
70.880	346
70.930	357
70.980	385
71.030	407
71.080	422
71.130	456
71.181	475
71.231	492
71.281	514
71.332	509
71.382	531
71.433	532
71.483	513
71.533	519
71.583	501
71.633	478
71.683	463
71.734	428
71.784	415
71.834	392
71.884	363
71.934	352
71.984	338
72.035	322
72.085	324
72.135	321
72.185	330
72.236	343
72.287	352
72.337	379
72.387	399
72.437	420
72.487	449
72.537	456
72.588	492
72.638	508
72.688	508
72.738	530
72.788	526
72.838	527
72.889	521
72.939	492
72.989	490
73.039	469
73.089	437
73.141	423
73.191	398
73.241	372
73.291	358
73.341	338
73.391	332
73.442	327
73.492	320
73.542	330
73.592	341
73.642	349
73.693	373
73.743	385
73.793	417
73.843	441
73.893	455
73.943	486
73.994	498
74.045	515
74.095	526
74.145	511
74.195	529
74.245	522
74.296	500
74.346	495
74.396	469
74.446	450
74.496	429
74.547	394
74.597	383
74.647	364
74.697	343
74.747	335
74.797	337
74.848	320
74.898	329
74.949	332
74.999	351
75.049	368
75.099	381
75.150	412
75.200	432
75.250	457
75.300	480
75.350	483
75.401	514
75.451	523
75.501	521
75.551	531
75.601	508
75.651	513
75.702	499
75.752	469
75.803	459
75.853	435
75.903	404
75.954	390
76.004	371
76.054	346
76.104	339
76.154	326
76.204	325
76.255	328
76.305	328
76.355	346
76.405	365
76.455	380
76.505	405
76.556	418
76.606	453
76.656	474
76.707	484
76.757	511
76.808	506
76.858	530
76.908	531
76.958	515
77.008	519
77.058	503
77.109	478
77.159	466
77.209	429
77.259	418
77.309	394
77.359	365
77.410	355
77.460	341
77.510	326
77.560	326
77.611	321
77.662	330
77.712	341
77.762	352
77.812	377
77.862	398
77.912	416
77.963	447
78.013	457
78.063	490
78.113	507
78.163	507
78.213	529
78.264	529
78.314	523
78.364	523
78.414	496
78.464	493
78.516	472
78.566	437
78.616	426
78.666	399
78.716	373
78.766	360
78.817	339
78.867	332
78.917	326
78.967	321
79.017	328
79.067	339
79.118	347
79.168	370
79.218	383
79.268	415
79.318	439
79.369	453
79.420	483
79.470	498
79.520	511
79.570	526
79.620	515
79.671	530
79.721	524
79.771	499
79.821	498
79.871	475
79.922	451
79.972	433
80.022	398
80.072	386
80.122	366
80.172	342
80.223	337
80.273	331
80.324	320
80.374	328
80.424	331
80.474	349
80.525	365
80.575	379
80.625	408
80.675	429
80.725	452
80.776	478
80.826	483
80.876	512
80.926	521
80.976	519
81.026	530
81.077	520
81.127	515
81.177	502
81.228	469
81.278	463
81.328	440
81.379	409
81.429	393
81.479	373
81.529	352
81.579	341
81.630	326
81.680	328
81.730	328
81.780	330
81.830	345
81.880	366
81.931	376
81.981	402
82.031	414
82.081	448
82.132	470
82.182	480
82.233	507
82.283	502
82.333	525
82.383	529
82.433	516
82.484	519
82.534	505
82.584	480
82.634	469
82.684	441
82.734	422
82.785	399
82.835	370
82.885	360
82.935	345
82.985	331
83.037	329
83.087	335
83.137	328
83.187	342
83.237	350
83.287	374
83.338	395
83.388	411
83.438	441
83.488	455
83.538	485
83.588	503
83.639	503
83.689	526
83.739	527
83.789	519
83.839	522
83.890	496
83.941	495
83.991	475
84.041	440
84.091	430
84.141	406
84.192	378
84.242	365
84.292	342
84.342	336
84.392	331
84.442	323
84.493	330
84.543	339
84.593	346
84.643	369
84.693	379
84.744	411
84.794	434
84.845	445
84.895	479
84.945	495
84.995	505
85.046	522
85.096	512
85.146	529
85.196	523
85.246	501
85.296	499
85.347	478
85.397	453
85.447	438
85.497	405
85.547	392
85.598	372
85.648	348
85.699	342
85.749	333
85.799	324
85.849	329
85.900	331
85.950	348
86.000	363
86.050	375
86.100	403
86.150	425
86.201	443
86.251	471
86.301	475
86.351	506
86.401	517
86.452	510
86.502	528
86.552	521
86.603	512
86.653	505
86.703	476
86.754	468
86.804	445
86.854	413
86.904	400
86.954	379
87.005	356
87.055	347
87.105	333
87.155	331
87.205	330
87.255	328
87.306	344
87.356	359
87.406	371
87.456	396
87.507	409
87.557	441
87.608	462
87.658	471
87.708	500
87.758	506
87.808	518
87.859	526
87.909	511
87.959	518
88.009	506
88.059	480
88.109	473
88.160	448
88.210	428
88.260	408
88.310	378
88.360	368
88.411	353
88.462	336
88.512	335
88.562	335
88.612	330
88.662	342
88.713	348
88.763	371
88.813	389
88.863	404
88.913	433
88.963	453
89.014	474
89.064	493
89.114	495
89.164	518
89.214	522
89.264	513
89.316	520
89.366	499
89.416	496
89.466	479
89.516	449
89.567	439
89.617	415
89.667	386
89.717	375
89.767	362
89.817	344
89.868	338
89.918	329
89.968	335
90.018	341
90.068	346
90.118	366
90.169	383
90.220	402
90.270	426
90.320	437
90.370	468
90.421	486
90.471	495
90.521	514
90.571	506
90.621	525
90.671	521
90.722	499
90.772	502
90.822	484
90.872	459
90.922	446
90.973	412
91.023	401
91.073	382
91.124	357
91.174	350
91.224	341
91.275	331
91.325	334
91.375	332
91.425	346
91.475	361
91.525	371
91.576	396
91.626	417
91.676	435
91.726	462
91.776	466
91.827	498
91.877	510
91.927	506
91.977	524
92.028	520
92.078	511
92.129	506
92.179	474
92.229	473
92.279	452
92.329	420
92.379	408
92.430	387
92.480	364
92.530	354
92.580	337
92.630	335
92.681	333
92.731	330
92.781	343
92.831	355
92.881	365
92.932	389
92.983	401
93.033	433
93.083	453
93.133	462
93.183	493
93.234	502
93.284	512
93.334	522
93.384	509
93.434	519
93.484	510
93.535	484
93.585	481
93.635	457
93.685	435
93.735	417
93.785	386
93.837	377
93.887	360
93.937	341
93.987	339
94.037	335
94.088	330
94.138	341
94.188	345
94.238	365
94.288	382
94.338	396
94.389	424
94.439	443
94.489	464
94.539	485
94.589	487
94.639	513
94.690	519
94.741	511
94.791	521
94.841	508
94.891	498
94.942	486
94.992	456
95.042	447
95.092	425
95.142	396
95.192	384
95.243	367
95.293	348
95.343	342
95.393	330
95.443	335
95.493	339
95.544	341
95.594	360
95.645	378
95.695	392
95.745	416
95.796	426
95.846	459
95.896	478
95.946	485
95.996	508
96.046	503
96.097	521
96.147	521
96.197	503
96.247	506
96.297	490
96.347	464
96.398	454
96.448	427
96.499	406
96.549	389
96.599	364
96.650	357
96.700	344
96.750	332
96.800	334
96.850	343
96.900	340
96.951	355
97.001	363
97.051	389
97.101	409
97.151	424
97.202	453
97.252	463
97.302	491
97.352	505
97.403	504
97.453	522
97.504	521
97.554	509
97.604	511
97.654	485
97.704	481
97.754	461
97.805	428
97.855	418
97.905	396
97.955	372
98.005	360
98.056	341
98.106	336
98.156	335
98.206	329
98.256	340
98.307	349
98.358	358
98.408	381
98.458	391
98.508	424
98.558	445
98.608	456
98.659	486
98.709	500
98.759	506
98.809	522
98.859	510
98.910	522
98.960	515
99.010	493
99.060	488
99.110	467
99.160	441
99.212	426
99.262	394
99.312	383
99.362	364
99.412	344
99.462	340
99.513	335
99.563	328
99.613	336
99.663	338
99.713	358
99.764	374
99.814	386
99.864	415
99.914	435
99.964	454
100.014	479
100.065	483
100.116	510
100.166	519
100.216	512
100.266	524
100.317	513
100.367	504
100.417	494
100.467	462
100.517	457
100.567	433
100.618	403
100.668	390
100.718	371
100.768	350
100.818	343
100.868	331
100.919	332
100.969	335
101.020	336
101.070	352
101.120	368
101.171	384
101.221	407
101.271	417
101.321	452
101.371	472
101.421	480
101.472	506
101.522	510
101.572	520
101.622	525
101.672	504
101.722	513
101.773	499
101.823	472
101.873	463
101.924	438
101.974	416
102.025	398
102.075	370
102.125	361
102.175	347
102.225	333
102.275	333
102.326	335
102.376	334
102.426	348
102.476	356
102.526	381
102.576	400
102.627	415
102.677	445
102.727	455
102.777	484
102.828	500
102.879	499
102.929	521
102.979	523
103.029	511
103.079	517
103.129	492
103.180	486
103.230	469
103.280	437
103.330	426
103.380	404
103.430	376
103.481	365
103.531	351
103.581	336
103.631	334
103.681	328
103.733	336
103.783	345
103.833	350
103.883	374
103.933	393
103.983	413
104.034	437
104.084	447
104.134	479
104.184	494
104.234	501
104.285	519
104.335	506
104.385	525
104.435	519
104.485	494
104.535	495
104.586	475
104.637	449
104.687	435
104.737	403
104.787	390
104.837	372
104.888	349
104.938	344
104.988	335
105.038	326
105.088	334
105.139	336
105.189	353
105.239	369
105.289	379
105.339	408
105.389	428
105.440	445
105.490	473
105.541	476
105.591	505
105.641	515
105.691	510
105.742	524
105.792	518
105.842	505
105.892	499
105.942	470
105.993	463
106.043	443
106.093	410
106.143	398
106.193	378
106.243	356
106.294	348
106.344	333
106.395	334
106.445	335
106.495	335
106.546	348
106.596	363
106.646	374
106.696	400
106.746	410
106.796	444
106.847	464
106.897	474
106.947	500
106.997	508
107.047	514
107.097	524
107.148	508
107.198	516
107.248	504
107.299	474
107.349	470
107.400	447
107.450	424
107.500	406
107.550	378
107.600	368
107.650	353
107.701	338
107.751	336
107.801	335
107.851	330
107.901	345
107.951	350
108.002	374
108.052	393
108.102	407
108.152	436
108.203	454
108.254	471
108.304	494
108.354	492
108.404	517
108.454	521
108.504	509
108.555	518
108.605	503
108.655	490
108.705	477
108.755	444
108.805	436
108.856	413
108.906	384
108.956	375
109.006	359
109.056	342
109.108	339
109.158	330
109.208	337
109.258	343
109.308	346
109.358	368
109.409	383
109.459	402
109.509	428
109.559	437
109.609	470
109.659	486
109.710	491
109.760	513
109.810	507
109.860	521
109.910	519
109.961	494
110.012	499
110.062	482
110.112	455
110.162	444
110.212	419
110.263	398
110.313	382
110.363	360
110.413	352
110.463	343
110.514	332
110.564	336
110.614	349
110.664	346
110.714	363
110.764	372
110.815	398
110.865	418
110.916	433
110.966	461
111.016	468
111.066	496
111.117	507
111.167	504
111.217	520
111.267	517
111.317	504
111.368	503
111.418	478
111.468	471
111.518	452
111.568	419
111.618	410
111.669	390
111.719	368
111.769	358
111.820	343
111.870	338
111.920	338
111.971	334
112.021	346
112.071	359
112.121	366
112.171	392
112.222	403
112.272	432
112.322	452
112.372	460
112.422	489
112.472	499
112.523	507
112.573	518
112.623	503
112.673	516
112.724	507
112.774	481
112.825	478
112.875	458
112.925	433
112.975	418
113.025	391
113.076	380
113.126	364
113.176	345
113.226	343
113.276	341
113.326	334
113.377	346
113.427	348
113.477	367
113.527	384
113.577	394
113.629	424
113.679	442
113.729	457
113.779	482
113.829	481
113.879	508
113.930	514
113.980	505
114.030	516
114.080	505
114.130	494
114.180	485
114.231	452
114.281	448
114.331	426
114.381	398
114.431	388
114.482	371
114.533	352
114.583	348
114.633	336
114.683	340
114.733	343
114.784	344
114.834	363
114.884	378
114.934	391
114.984	415
115.034	424
115.085	456
115.135	474
115.185	480
115.235	504
115.285	506
115.336	513
115.386	516
115.437	496
115.487	504
115.537	489
115.587	464
115.638	456
115.688	434
115.738	410
115.788	395
115.838	369
115.888	363
115.939	351
115.989	337
116.039	340
116.089	343
116.139	342
116.190	357
116.240	365
116.291	389
116.341	407
116.391	418
116.441	448
116.492	462
116.542	481
116.592	498
116.642	494
116.692	515
116.742	515
116.793	502
116.843	508
116.893	488
116.943	479
116.993	463
117.044	432
117.094	424
117.144	403
117.195	378
117.245	369
117.295	362
117.346	342
117.396	342
117.446	336
117.496	345
117.546	354
117.597	360
117.647	382
117.697	399
117.747	416
117.797	438
117.847	446
117.898	476
117.948	490
117.998	494
118.048	512
118.099	501
118.149	515
118.200	510
118.250	488
118.300	487
118.350	469
118.400	444
118.451	433
118.501	407
118.551	392
118.601	377
118.651	356
118.701	351
118.752	345
118.802	338
118.852	344
118.902	345
118.952	360
119.003	375
119.054	384
119.104	410
119.154	429
119.204	443
119.254	469
119.305	469
119.355	496
119.405	507
119.455	501
119.505	514
119.555	509
119.606	498
119.656	493
119.706	467
119.756	460
119.806	441
119.856	414
119.908	402
119.958	385
120.008	362
120.058	358
120.108	343
120.159	344
120.209	344
120.259	342
120.309	357
120.359	369
120.409	379
120.460	403
120.510	409
120.560	440
120.610	459
120.660	465
120.710	490
120.761	499
120.812	503
120.862	513
120.912	497
120.962	506
121.013	497
121.063	472
121.113	468
121.163	447
121.213	425
121.263	411
121.314	385
121.364	377
121.414	364
121.464	347
121.514	346
121.565	345
121.615	344
121.665	354
121.716	357
121.766	378
121.816	394
121.867	403
121.917	432
121.967	447
122.017	462
122.067	483
122.117	479
122.168	506
122.218	510
122.268	500
122.318	509
122.368	495
122.419	486
122.469	475
122.519	445
122.569	440
122.620	421
122.670	396
122.721	385
122.771	370
122.821	353
122.871	352
122.921	340
122.971	347
123.022	351
123.072	352
123.122	371
123.172	387
123.222	400
123.273	423
123.323	431
123.373	460
123.423	475
123.473	480
123.524	500
123.575	498
123.625	510
123.675	510
123.725	492
123.775	496
123.826	481
123.876	456
123.926	449
123.976	426
124.026	406
124.076	393
124.127	370
124.177	364
124.227	355
124.277	344
124.327	346
124.377	355
124.429	352
124.479	366
124.529	371
124.579	395
124.629	413
124.680	424
124.730	451
124.780	459
124.830	484
124.880	496
124.930	491
124.981	510
125.031	510
125.081	498
125.131	501
125.181	475
125.231	474
125.282	457
125.333	430
125.383	420
125.433	401
125.483	377
125.534	370
125.584	355
125.634	348
125.684	347
125.734	342
125.784	352
125.835	361
125.885	368
125.935	388
125.985	395
126.035	422
126.085	441
126.136	448
126.186	477
126.237	488
126.287	494
126.337	508
126.388	496
126.438	509
126.488	504
126.538	482
126.588	481
126.638	463
126.689	442
126.739	429
126.789	402
126.839	394
126.889	378
126.939	357
126.990	356
127.040	349
127.091	341
127.141	350
127.191	351
127.242	366
127.292	380
127.342	388
127.392	414
127.442	431
127.492	444
127.543	468
127.593	468
127.643	496
127.693	505
127.743	496
127.794	511
127.844	504
127.894	494
127.944	487
127.995	460
128.045	457
128.096	439
128.146	410
128.196	401
128.246	383
128.296	366
128.346	359
128.397	345
128.447	347
128.497	348
128.547	346
128.597	361
128.648	373
128.698	384
128.748	406
128.798	414
128.848	443
128.899	460
128.950	466
129.000	491
129.050	497
129.100	504
129.150	512
129.200	498
129.251	505
129.301	493
129.351	471
129.401	465
129.451	444
129.502	424
129.552	409
129.602	384
129.652	376
129.702	364
129.752	348
129.804	348
129.854	347
129.904	344
129.954	356
130.004	360
130.054	381
130.105	397
130.155	407
130.205	434
130.255	448
130.305	467
130.356	486
130.406	486
130.456	506
130.506	510
130.556	501
130.606	508
130.657	493
130.708	485
130.758	473
130.808	445
130.858	438
130.909	417
130.959	392
131.009	383
131.059	371
131.109	352
131.159	350
131.210	340
131.260	346
131.310	351
131.360	355
131.410	373
131.460	383
131.511	402
131.561	425
131.612	435
131.662	463
131.712	478
131.763	482
131.813	504
131.863	495
131.913	513
131.963	512
132.013	494
132.064	496
132.114	480
132.164	458
132.214	447
132.264	423
132.314	408
132.365	391
132.415	369
132.465	362
132.516	353
132.566	340
132.617	345
132.667	343
132.717	354
132.767	367
132.817	375
132.867	398
132.918	415
132.968	429
133.018	454
133.068	458
133.118	488
133.168	498
133.219	492
133.269	512
133.319	509
133.369	501
133.420	500
133.471	475
133.521	472
133.571	455
133.621	425
133.671	417
133.721	399
133.772	376
133.822	368
133.872	352
133.922	349
133.972	346
134.022	342
134.073	352
134.123	361
134.173	369
134.223	390
134.273	398
134.325	426
134.375	446
134.425	452
134.475	480
134.525	491
134.575	499
134.626	510
134.676	499
134.726	510
134.776	503
134.826	480
134.877	480
134.927	460
134.977	440
135.027	426
135.077	398
135.127	389
135.178	375
135.229	355
135.279	353
135.329	348
135.379	342
135.429	349
135.480	351
135.530	368
135.580	382
135.630	392
135.680	417
135.731	434
135.781	450
135.831	472
135.881	473
135.931	499
135.981	506
136.032	499
136.082	512
136.133	502
136.183	494
136.233	486
136.283	456
136.334	453
136.384	434
136.434	408
136.484	398
136.534	381
136.585	362
136.635	356
136.685	343
136.735	346
136.785	346
136.835	348
136.886	362
136.936	375
136.987	385
137.037	408
137.087	416
137.138	446
137.188	463
137.238	469
137.288	494
137.338	497
137.388	507
137.439	511
137.489	493
137.539	503
137.589	492
137.639	467
137.689	462
137.740	441
137.790	422
137.840	406
137.891	381
137.941	374
137.992	361
138.042	347
138.092	348
138.142	350
138.192	345
138.242	358
138.293	362
138.343	384
138.393	400
138.443	411
138.493	438
138.543	447
138.594	469
138.644	487
138.694	484
138.744	508
138.795	510
138.846	501
138.896	507
138.946	487
138.996	485
139.046	471
139.096	441
139.147	435
139.197	415
139.247	391
139.297	381
139.347	367
139.397	354
139.448	349
139.498	341
139.548	348
139.598	354
139.648	358
139.700	377
139.750	391
139.800	408
139.850	428
139.900	436
139.950	465
140.001	478
140.051	485
140.101	503
140.151	492
140.201	512
140.251	509
140.302	492
140.352	492
140.402	475
140.452	454
140.502	444
140.553	413
140.604	406
140.654	389
140.704	365
140.754	363
140.804	351
140.855	342
140.905	346
140.955	345
141.005	358
141.055	370
141.106	378
141.156	401
141.206	417
141.256	432
141.306	457
141.356	462
141.407	488
141.457	499
141.508	493
141.558	511
141.608	507
141.658	501
141.709	497
141.759	469
141.809	469
141.859	452
141.909	423
141.960	415
142.010	396
142.060	374
142.110	367
142.160	350
142.210	349
142.261	346
142.311	342
142.361	354
142.412	364
142.462	372
142.512	393
142.563	401
142.613	429
142.663	448
142.713	454
142.763	482
142.814	491
142.864	500
142.914	511
142.964	498
143.014	510
143.064	501
143.115	480
143.165	479
143.215	458
143.265	438
143.316	424
143.366	394
143.417	388
143.467	372
143.517	354
143.567	352
143.617	348
143.668	342
143.718	350
143.768	352
143.818	369
143.868	384
143.918	395
143.969	420
144.019	436
144.069	455
144.119	475
144.169	474
144.221	501
144.271	508
144.321	501
144.371	512
144.421	499
144.471	496
144.522	485
144.572	454
144.622	452
144.672	432
144.722	405
144.772	396
144.823	383
144.873	360
144.923	355
144.973	342
145.023	346
145.074	347
145.125	348
145.175	363
145.225	380
145.275	389
145.325	411
145.376	421
145.426	449
145.476	465
145.526	472
145.576	496
145.626	492
145.677	512
145.727	512
145.777	497
145.827	502
145.877	489
145.928	467
145.978	461
146.029	435
146.079	421
146.129	404
146.179	380
146.230	372
146.280	360
146.330	346
146.380	347
146.430	351
146.480	348
146.531	359
146.581	364
146.631	385
146.681	402
146.731	414
146.782	440
146.832	447
146.883	474
146.933	489
146.983	488
147.033	508
147.084	509
147.134	502
147.184	506
147.234	485
147.284	484
147.334	468
147.385	439
147.435	432
147.485	414
147.535	389
147.585	379
147.636	359
147.686	356
147.736	350
147.787	341
147.837	349
147.887	355
147.938	360
147.988	379
148.038	388
148.088	412
148.138	431
148.189	439
148.239	467
148.289	480
148.339	488
148.389	505
148.439	497
148.490	512
148.540	508
148.590	488
148.640	490
148.691	474
148.741	453
148.792	441
148.842	412
148.892	404
148.942	387
148.992	364
149.043	361
149.093	353
149.143	344
149.193	348
149.243	346
149.293	360
149.344	372
149.394	380
149.444	404
149.494	421
149.544	435
149.595	459
149.646	461
149.696	489
149.746	499
149.796	494
149.846	511
149.897	505
149.947	499
149.997	496
150.047	471
150.097	467
150.147	450
150.198	423
150.248	414
150.298	395
150.348	376
150.398	368
150.448	351
150.500	352
150.550	349
150.600	345
150.650	357
150.700	367
150.751	376
150.801	396
150.851	402
150.901	431
150.951	449
151.001	455
151.052	480
151.102	488
151.152	499
151.202	508
151.252	495
151.302	507
151.353	498
151.404	478
151.454	475
151.504	455
151.554	438
151.605	423
151.655	394
151.705	389
151.755	375
151.805	359
151.855	356
151.906	358
151.956	348
152.006	356
152.056	354
152.106	374
152.157	387
152.207	395
152.257	422
152.308	435
152.358	454
152.408	472
152.459	471
152.509	496
152.559	502
152.609	498
152.659	506
152.709	487
152.760	492
152.810	481
152.860	455
152.910	451
152.960	432
153.011	408
153.061	399
153.111	375
153.161	368
153.212	361
153.262	349
153.313	353
153.363	355
153.413	356
153.463	369
153.513	375
153.563	395
153.614	412
153.664	420
153.714	447
153.764	460
153.814	468
153.865	490
153.915	482
153.965	503
154.015	505
154.065	488
154.116	496
154.167	484
154.217	468
154.267	459
154.317	429
154.367	425
154.418	408
154.468	384
154.518	380
154.568	368
154.618	354
154.668	355
154.719	350
154.769	358
154.819	366
154.869	369
154.919	389
154.969	403
155.021	413
155.071	436
155.121	441
155.171	468
155.221	481
155.272	479
155.322	499
155.372	500
155.422	497
155.472	499
155.522	477
155.573	480
155.623	466
155.673	441
155.723	434
155.773	417
155.823	397
155.874	388
155.925	366
155.975	366
156.025	359
156.075	349
156.126	357
156.176	362
156.226	366
156.276	382
156.326	386
156.376	411
156.427	427
156.477	434
156.527	458
156.577	470
156.627	481
156.677	494
156.728	483
156.778	502
156.829	500
156.879	485
156.929	486
156.980	471
157.030	456
157.080	445
157.130	417
157.180	412
157.230	396
157.281	375
157.331	372
157.381	363
157.431	354
157.481	357
157.531	352
157.582	365
157.632	375
157.683	381
157.733	401
157.783	415
157.834	429
157.884	450
157.934	451
157.984	478
158.034	488
158.084	484
158.135	501
158.185	497
158.235	496
158.285	491
158.335	469
158.386	469
158.436	454
158.486	429
158.536	422
158.587	405
158.637	388
158.688	380
158.738	363
158.788	362
158.838	359
158.888	353
158.938	363
158.989	375
159.039	376
159.089	393
159.139	400
159.189	422
159.240	438
159.290	447
159.340	468
159.390	470
159.440	489
159.491	497
159.542	486
159.592	499
159.642	493
159.692	477
159.742	476
159.792	453
159.843	448
159.893	433
159.943	406
159.993	402
160.043	388
160.094	370
160.144	368
160.194	365
160.244	358
160.294	361
160.344	360
160.396	374
160.446	385
160.496	392
160.546	413
160.596	423
160.646	443
160.697	459
160.747	460
160.797	483
160.847	490
160.897	488
160.948	498
160.998	484
161.048	491
161.098	482
161.148	459
161.198	458
161.249	441
161.300	421
161.350	413
161.400	388
161.450	384
161.501	375
161.551	362
161.601	363
161.651	362
161.701	358
161.751	370
161.802	370
161.852	391
161.902	403
161.952	410
162.002	433
162.052	447
162.103	458
162.153	475
162.204	472
162.254	493
162.304	496
162.355	484
162.405	494
162.455	484
162.505	473
162.555	467
162.605	441
162.656	439
162.706	421
162.756	400
162.806	395
162.856	382
162.906	368
162.957	367
163.007	357
163.057	362
163.108	366
163.158	366
163.209	383
163.259	394
163.309	402
163.359	424
163.409	426
163.459	453
163.510	465
163.560	469
163.610	487
163.660	489
163.710	492
163.760	496
163.811	476
163.861	485
163.911	474
163.961	452
164.012	447
164.063	430
164.113	413
164.163	403
164.213	382
164.263	378
164.313	371
164.364	358
164.414	362
164.464	363
164.514	364
164.564	377
164.614	378
164.665	398
164.715	412
164.765	421
164.815	444
164.865	453
164.917	468
164.967	481
165.017	479
165.067	496
165.117	496
165.167	485
165.218	491
165.268	475
165.318	468
165.368	458
165.418	433
165.469	429
165.519	412
165.569	390
165.619	386
165.669	379
165.719	362
165.770	363
165.821	354
165.871	364
165.921	369
165.971	372
166.021	390
166.072	403
166.122	414
166.172	433
166.222	438
166.272	463
166.323	474
166.373	476
166.423	494
166.473	484
166.523	498
166.573	495
166.624	475
166.674	480
166.725	466
166.775	447
166.825	439
166.875	419
166.926	404
166.976	393
167.026	374
167.076	372
167.126	365
167.177	354
167.227	360
167.277	367
167.327	368
167.377	381
167.427	384
167.478	407
167.528	422
167.579	430
167.629	454
167.679	458
167.730	480
167.780	490
167.830	481
167.880	500
167.930	496
167.980	486
168.031	487
168.081	463
168.131	464
168.181	449
168.231	420
168.281	416
168.332	402
168.382	382
168.432	376
168.483	361
168.533	360
168.584	359
168.634	355
168.684	365
168.734	373
168.784	378
168.834	398
168.885	402
168.935	428
168.985	445
169.035	450
169.085	474
169.135	483
169.186	487
169.236	500
169.286	487
169.336	500
169.387	493
169.438	471
169.488	472
169.538	457
169.588	437
169.638	426
169.688	401
169.739	395
169.789	381
169.839	364
169.889	363
169.939	358
169.989	352
170.040	360
170.090	361
170.140	376
170.190	388
170.240	394
170.292	419
170.342	434
170.392	448
170.442	468
170.492	469
170.542	491
170.593	497
170.643	491
170.693	503
170.743	494
170.793	487
170.843	481
170.894	456
170.944	453
170.994	436
171.044	411
171.094	403
171.145	387
171.196	369
171.246	365
171.296	352
171.346	355
171.396	356
171.447	354
171.497	368
171.547	379
171.597	389
171.647	410
171.698	417
171.748	444
171.798	459
171.848	464
171.898	488
171.948	490
171.999	501
172.049	506
172.100	489
172.150	499
172.200	488
172.250	466
172.301	463
172.351	442
172.401	425
172.451	412
172.501	386
172.552	382
172.602	369
172.652	353
172.702	354
172.752	361
172.802	352
172.853	362
172.903	366
172.953	386
173.004	400
173.054	408
173.104	434
173.155	445
173.205	466
173.255	482
173.305	483
173.355	502
173.406	504
173.456	496
173.506	503
173.556	483
173.606	484
173.656	471
173.707	446
173.757	438
173.807	420
173.857	397
173.908	389
173.958	375
174.009	360
174.059	357
174.109	346
174.159	353
174.209	358
174.260	360
174.310	377
174.360	383
174.410	406
174.460	424
174.510	432
174.561	459
174.611	473
174.661	480
174.711	499
174.761	489
174.813	508
174.863	506
174.913	488
174.963	492
175.013	477
175.063	457
175.114	447
175.164	418
175.214	412
175.264	395
175.314	372
175.364	367
175.415	359
175.465	347
175.515	351
175.565	348
175.615	359
175.666	370
175.717	375
175.767	399
175.817	415
175.867	426
175.917	452
175.968	455
176.018	483
176.068	494
176.118	489
176.168	509
176.218	505
176.269	499
176.319	498
176.369	474
176.419	473
176.469	457
176.520	429
176.570	421
176.621	402
176.671	381
176.721	372
176.771	355
176.822	354
176.872	350
176.922	343
176.972	355
177.022	363
177.072	370
177.123	390
177.173	398
177.223	424
177.273	444
177.323	451
177.374	478
177.424	487
177.475	496
177.525	508
177.575	496
177.625	509
177.676	503
177.726	480
177.776	481
177.826	463
177.876	443
177.926	429
177.977	400
178.027	393
178.077	377
178.127	359
178.177	354
178.228	350
178.278	343
178.328	350
178.379	352
178.429	368
178.479	382
178.530	390
178.580	416
178.630	432
178.680	448
178.730	471
178.781	474
178.831	498
178.881	506
178.931	499
178.981	513
179.031	502
179.082	498
179.132	489
179.182	460
179.232	457
179.283	438
179.333	409
179.384	400
179.434	383
179.484	364
179.534	358
179.584	344
179.635	347
179.685	348
179.735	346
179.785	361
179.835	379
179.885	386
179.936	407
179.986	416
180.036	445
180.086	463
180.136	472
180.187	494
180.238	494
180.288	510
180.338	514
180.388	498
180.438	506
180.489	494
180.539	472
180.589	466
180.639	439
180.689	425
180.739	409
180.790	383
180.840	374
180.890	362
180.940	346
180.990	346
181.040	349
181.092	345
181.142	356
181.192	362
181.242	382
181.292	398
181.343	410
181.393	437
181.443	447
181.493	473
181.543	489
181.593	488
181.644	510
181.694	512
181.744	507
181.794	510
181.844	489
181.894	488
181.945	473
181.996	444
182.046	436
182.096	416
182.146	392
182.197	380
182.247	359
182.297	354
182.347	348
182.397	338
182.447	345
182.498	351
182.548	356
182.598	373
182.648	382
182.698	409
182.749	428
182.799	438
182.849	467
182.900	481
182.950	490
183.000	509
183.051	497
183.101	516
183.151	513
183.201	494
183.251	495
183.301	478
183.352	457
183.402	445
183.452	415
183.502	406
183.552	387
183.603	365
183.653	358
183.703	350
183.753	338
183.804	343
183.854	341
183.905	355
183.955	367
184.005	376
184.055	400
184.105	418
184.155	434
184.206	460
184.256	463
184.306	493
184.356	504
184.406	500
184.457	517
184.507	512
184.557	507
184.607	502
184.657	474
184.708	471
184.759	453
184.809	424
184.859	413
184.909	392
184.959	372
185.010	362
185.060	344
185.110	343
185.160	342
185.210	339
185.260	350
185.311	361
185.361	370
185.411	393
185.461	402
185.511	432
185.561	451
185.613	462
185.663	488
185.713	496
185.763	509
185.813	518
185.864	504
185.914	515
185.964	506
186.014	485
186.064	480
186.114	456
186.165	438
186.215	421
186.265	392
186.315	382
186.365	366
186.415	348
186.466	346
186.517	343
186.567	336
186.617	345
186.667	348
186.718	368
186.768	384
186.818	397
186.868	424
186.918	439
186.968	462
187.019	482
187.069	482
187.119	508
187.169	516
187.219	510
187.269	518
187.320	498
187.370	501
187.421	487
187.471	457
187.521	450
187.572	429
187.622	402
187.672	389
187.722	375
187.772	354
187.822	347
187.873	336
187.923	339
187.973	343
188.023	344
188.073	362
188.123	375
188.174	394
188.224	415
188.275	426
188.325	457
188.375	474
188.426	485
188.476	506
188.526	499
188.576	520
188.626	521
188.676	503
188.727	507
188.777	490
188.827	467
188.877	458
188.927	426
188.978	416
189.028	396
189.078	370
189.128	361
189.179	349
189.229	336
189.280	337
189.330	333
189.380	344
189.430	356
189.480	363
189.530	388
189.581	408
189.631	421
189.681	450
189.731	457
189.781	488
189.832	503
189.882	502
189.932	522
189.982	520
190.032	514
190.083	513
190.134	488
190.184	484
190.234	465
190.284	435
190.334	423
190.384	401
190.435	376
190.485	365
190.535	345
190.585	341
190.635	337
190.686	331
190.736	340
190.786	351
190.836	358
190.886	382
190.936	392
190.988	422
191.038	443
191.088	454
191.138	484
191.188	496
191.238	506
191.289	521
191.339	508
191.389	523
191.439	516
191.489	493
191.540	491
191.590	469
191.640	448
191.690	431
191.740	401
191.790	388
191.841	370
191.892	348
191.942	345
191.992	337
192.042	330
192.093	337
192.143	341
192.193	358
192.243	374
192.293	386
192.343	414
192.394	433
192.444	453
192.494	477
192.544	481
192.594	510
192.644	518
192.695	514
192.745	525
192.796	516
192.846	509
192.896	497
192.947	467
192.997	460
193.047	437
193.097	408
193.147	394
193.197	375
193.248	354
193.298	347
193.348	333
193.398	334
193.448	335
193.498	336
193.549	352
193.599	373
193.649	384
193.700	407
193.750	417
193.801	450
193.851	470
193.901	480
193.951	506
194.001	500
194.051	523
194.102	526
194.152	509
194.202	516
194.252	501
194.302	478
194.352	467
194.403	439
194.453	422
194.503	403
194.553	374
194.604	364
194.655	351
194.705	334
194.755	334
194.805	339
194.855	336
194.905	347
194.956	356
195.006	380
195.056	399
195.106	413
195.156	443
195.206	455
195.257	484
195.307	502
195.357	502
195.407	523
195.457	525
195.509	519
195.559	520
195.609	495
195.659	493
195.709	474
195.759	442
195.810	431
195.860	407
195.910	380
195.960	368
196.010	346
196.061	341
196.111	335
196.161	328
196.211	335
196.261	343
196.311	352
196.362	373
196.413	385
196.463	413
196.513	436
196.563	448
196.613	480
196.664	495
196.714	504
196.764	522
196.814	514
196.864	528
196.915	522
196.965	501
197.015	500
197.065	479
197.115	453
197.165	438
197.216	406
197.266	393
197.317	374
197.367	351
197.417	345
197.467	337
197.518	327
197.568	333
197.618	335
197.668	351
197.718	367
197.769	379
197.819	407
197.869	428
197.919	446
197.969	474
198.019	479
198.070	508
198.120	519
198.171	515
198.221	529
198.271	521
198.322	512
198.372	505
198.422	474
198.472	468
198.522	446
198.572	412
198.623	400
198.673	379
198.723	356
198.773	348
198.823	334
198.873	332
198.924	332
198.974	330
199.024	347
199.075	362
199.125	374
199.176	400
199.226	412
199.276	445
199.326	466
199.376	477
199.426	505
199.477	511
199.527	522
199.577	529
199.627	512
199.677	521
199.727	508
199.778	482
199.828	474
199.878	447
199.928	425
199.979	407
200.030	376
200.080	366
200.130	351
200.180	334
200.230	332
200.280	333
200.331	328
200.381	342
200.431	349
200.481	372
200.531	393
200.581	408
200.632	438
200.682	456
200.732	480
200.782	501
200.832	501
200.884	525
200.934	529
200.984	519
201.034	524
201.084	503
201.134	498
201.185	481
201.235	444
201.285	437
201.335	413
201.385	384
201.435	371
201.486	359
201.536	338
201.586	333
201.636	325
201.686	331
201.737	339
201.788	344
201.838	367
201.888	383
201.938	406
201.988	431
202.039	443
202.089	476
202.139	494
202.189	500
202.239	523
202.290	514
202.340	531
202.390	527
202.440	506
202.490	505
202.540	485
202.591	460
202.641	445
202.692	411
202.742	398
202.792	377
202.842	354
202.893	346
202.943	335
202.993	328
203.043	331
203.093	332
203.144	346
203.194	361
203.244	373
203.294	401
203.344	422
203.394	440
203.445	469
203.495	475
203.545	506
203.596	518
203.646	514
203.696	531
203.747	525
203.797	515
203.847	509
203.897	479
203.947	473
203.998	451
204.048	417
204.098	405
204.148	383
204.198	360
204.248	349
204.299	334
204.349	332
204.399	331
204.449	328
204.500	343
204.550	357
204.601	369
204.651	394
204.701	408
204.751	441
204.801	464
204.852	471
204.902	501
204.952	511
205.002	520
205.052	530
205.102	517
205.153	524
205.203	513
205.253	486
205.303	479
205.353	455
205.405	429
205.455	411
205.505	379
205.555	368
205.605	354
205.655	334
205.706	332
205.756	331
205.806	326
205.856	339
205.906	346
205.956	369
206.007	388
206.057	402
206.107	434
206.157	453
206.207	476
206.258	499
206.309	499
206.359	526
206.409	529
206.459	519
206.509	528
206.560	512
206.610	500
206.660	485
206.710	451
206.760	441
206.810	417
206.861	387
206.911	373
206.961	356
207.011	336
207.061	332
207.112	322
207.162	328
207.213	335
207.263	340
207.313	363
207.363	382
207.414	400
207.464	428
207.514	439
207.564	474
207.614	495
207.664	503
207.715	524
207.765	522
207.815	533
207.865	531
207.915	510
207.966	510
208.016	491
208.067	462
208.117	448
208.167	423
208.217	396
208.268	377
208.318	352
208.368	344
208.418	334
208.468	322
208.518	327
208.569	339
208.619	336
208.669	357
208.719	369
208.769	397
208.820	420
208.870	436
208.920	469
208.971	477
209.021	507
209.071	521
209.122	516
209.172	534
209.222	531
209.272	519
209.322	514
209.373	484
209.423	477
209.473	455
209.523	420
209.573	407
209.623	383
209.674	358
209.724	347
209.774	331
209.824	326
209.875	325
209.925	324
209.976	338
210.026	351
210.076	364
210.126	391
210.176	405
210.227	438
210.277	462
210.327	470
210.377	504
210.427	515
210.477	520
210.528	534
210.578	517
210.628	530
210.678	519
210.728	493
210.779	484
210.830	459
210.880	430
210.930	413
210.980	383
211.030	369
211.081	351
211.131	333
211.181	329
211.231	327
211.281	323
211.331	335
211.382	342
211.432	364
211.482	385
211.532	399
211.582	431
211.632	454
211.684	472
211.734	498
211.784	499
211.834	527
211.884	533
211.935	522
211.985	532
212.035	518
212.085	503
212.135	489
212.185	455
212.236	444
212.286	419
212.336	390
212.386	374
212.436	357
212.486	336
212.537	331
212.588	321
212.638	325
212.688	332
212.738	337
212.789	359
212.839	378
212.889	396
212.939	425
212.989	436
213.039	473
213.090	493
213.140	500
213.190	525
213.240	525
213.290	532
213.341	533
213.391	509
213.441	512
213.492	493
213.542	462
213.592	451
213.643	423
213.693	397
213.743	379
213.793	353
213.843	343
213.893	333
213.944	323
213.994	326
214.044	332
214.094	336
214.144	354
214.195	365
214.245	395
214.295	418
214.345	434
214.396	467
214.446	482
214.497	504
214.547	521
214.597	516
214.647	536
214.697	533
214.747	518
214.798	517
214.848	486
214.898	478
214.948	457
214.998	420
215.049	408
215.099	386
215.149	359
215.199	348
215.249	343
215.300	320
215.351	325
215.401	323
215.451	336
215.501	350
215.551	360
215.602	388
215.652	410
215.702	435
215.752	460
215.802	469
215.852	503
215.903	515
215.953	519
216.003	534
216.053	521
216.103	530
216.153	520
216.205	490
216.255	485
216.305	461
216.355	432
216.405	415
216.456	383
216.506	368
216.556	352
216.606	333
216.656	330
216.706	326
216.757	320
216.807	334
216.857	341
216.907	362
216.957	382
217.007	396
217.058	429
217.109	452
217.159	470
217.209	496
217.259	499
217.310	525
217.360	532
217.410	518
217.460	532
217.510	519
217.560	501
217.611	490
217.661	455
217.711	447
217.761	422
217.811	390
217.861	376
217.912	357
217.962	338
218.013	333
218.063	322
218.113	326
218.164	332
218.214	338
218.264	358
218.314	377
218.364	393
218.414	422
218.465	436
218.515	470
218.565	490
218.615	494
218.665	522
218.715	525
218.766	527
218.816	532
218.867	508
218.917	513
218.967	495
219.018	465
219.068	453
219.118	427
219.168	400
219.218	383
219.268	356
219.319	348
219.369	337
219.419	325
219.469	328
219.519	333
219.570	336
219.620	354
219.670	366
219.720	393
219.771	415
219.821	430
219.872	464
219.922	480
219.972	497
220.022	516
220.072	511
220.122	532
220.173	530
220.223	512
220.273	516
220.323	496
220.373	477
220.424	458
220.474	426
220.524	413
220.574	391
220.624	364
220.675	354
220.726	343
220.776	328
220.826	330
