#Creator: pendulumdriveEventBuffer
#Creation time: Tue Apr  4 15:26:34 2017
#Time	Pos
#[s]	[au]
0.050	370
0.101	347
0.151	324
0.201	316
0.251	311
0.301	304
0.351	314
0.402	321
0.452	343
0.502	365
0.552	384
0.602	419
0.652	446
0.703	470
0.753	499
0.803	504
0.853	537
0.904	545
0.955	537
1.005	550
1.055	537
1.105	522
1.155	508
1.205	467
1.256	457
1.306	428
1.356	391
1.406	373
1.456	351
1.507	326
1.557	318
1.607	307
1.657	309
1.707	314
1.757	318
1.809	340
1.859	361
1.909	381
1.959	414
2.009	432
2.059	471
2.110	495
2.160	504
2.210	534
2.260	536
2.310	546
2.361	549
2.411	525
2.461	529
2.511	510
2.561	477
2.611	462
2.662	430
2.713	401
2.763	379
2.813	348
2.863	335
2.913	321
2.964	308
3.014	309
3.064	323
3.114	317
3.164	338
3.215	352
3.265	384
3.315	409
3.365	428
3.415	464
3.465	479
3.516	513
3.566	530
3.617	525
3.667	548
3.717	546
3.768	532
3.818	532
3.868	497
3.918	489
3.968	465
4.018	428
4.069	408
4.119	382
4.169	353
4.219	337
4.269	319
4.319	308
4.370	311
4.420	307
4.470	320
4.521	335
4.571	350
4.622	379
4.672	404
4.722	432
4.772	461
4.822	474
4.872	510
4.923	525
4.973	531
5.023	547
5.073	529
5.123	545
5.173	533
5.224	503
5.274	494
5.324	467
5.374	434
5.425	412
5.476	379
5.526	360
5.576	341
5.626	320
5.676	315
5.726	311
5.777	306
5.827	319
5.877	328
5.927	352
5.977	375
6.027	393
6.078	429
6.128	455
6.178	475
6.228	505
6.278	510
6.330	539
6.380	545
6.430	536
6.480	545
6.530	531
6.580	512
6.631	498
6.681	459
6.731	446
6.781	418
6.831	384
6.881	366
6.932	345
6.982	324
7.032	318
7.082	308
7.132	311
7.183	319
7.234	327
7.284	349
7.334	371
7.384	390
7.434	424
7.485	439
7.535	478
7.585	501
7.635	507
7.685	535
7.736	538
7.786	540
7.836	546
7.886	520
7.936	522
7.986	500
8.037	468
8.088	452
8.138	422
8.188	392
8.238	372
8.288	344
8.339	332
8.389	321
8.439	311
8.489	313
8.539	319
8.590	324
8.640	346
8.690	359
8.740	391
8.790	417
8.840	435
8.891	471
8.941	490
8.992	511
9.042	531
9.092	524
9.142	545
9.193	543
9.243	526
9.293	523
9.343	499
9.393	478
9.444	457
9.494	419
9.544	403
9.594	378
9.644	350
9.694	338
9.745	327
9.795	312
9.845	315
9.896	314
9.946	329
9.996	344
10.047	358
10.097	388
10.147	411
10.197	436
10.247	466
10.298	475
10.348	510
10.398	525
10.448	526
10.498	543
10.548	526
10.599	537
10.649	525
10.699	492
10.749	487
10.800	461
10.851	426
10.901	410
10.951	383
11.001	357
11.051	342
11.101	324
11.152	321
11.202	318
11.252	316
11.302	328
11.352	347
11.402	357
11.453	383
11.503	398
11.553	435
11.603	458
11.653	478
11.705	506
11.755	505
11.805	535
11.855	539
11.905	526
11.955	537
12.006	524
12.056	502
12.106	491
12.156	455
12.206	440
12.256	414
12.307	382
12.357	367
12.407	348
12.457	328
12.507	323
12.558	315
12.609	318
12.659	326
12.709	333
12.759	356
12.809	378
12.860	396
12.910	427
12.960	442
13.010	478
13.060	500
13.110	503
13.161	531
13.211	535
13.261	532
13.311	539
13.361	512
13.412	513
13.462	495
13.513	460
13.563	447
13.613	420
13.663	390
13.714	373
13.764	345
13.814	336
13.864	326
13.914	315
13.964	319
14.015	326
14.065	330
14.115	353
14.165	367
14.215	396
14.266	421
14.316	437
14.366	473
14.417	492
14.467	507
14.517	528
14.568	522
14.618	540
14.668	538
14.718	517
14.768	518
14.819	496
14.869	472
14.919	453
14.969	414
15.019	401
15.069	378
15.120	350
15.170	339
15.220	329
15.270	317
15.321	319
15.371	321
15.422	334
15.472	349
15.522	362
15.572	392
15.622	415
15.673	436
15.723	468
15.773	476
15.823	509
15.873	524
15.923	522
15.974	540
16.024	534
16.074	530
16.124	520
16.175	491
16.225	482
16.276	457
16.326	424
16.376	408
16.426	382
16.476	356
16.527	344
16.577	326
16.627	322
16.677	319
16.727	317
16.777	330
16.828	347
16.878	358
16.928	386
16.978	401
17.028	437
17.080	461
17.130	475
17.180	507
17.230	515
17.280	531
17.330	539
17.381	523
17.431	536
17.481	523
17.531	495
17.581	487
17.631	458
17.682	436
17.732	413
17.782	381
17.832	364
17.882	345
17.932	326
17.984	323
18.034	329
18.084	316
18.134	329
18.184	337
18.235	359
18.285	381
18.335	400
18.385	431
18.435	450
18.485	480
18.536	502
18.586	505
18.636	532
18.686	537
18.736	532
18.787	538
18.837	510
18.888	511
18.938	492
18.988	453
19.038	444
19.089	417
19.139	386
19.189	369
19.239	351
19.289	330
19.339	323
19.390	314
19.440	320
19.490	326
19.540	330
19.590	355
19.641	367
19.691	400
19.741	425
19.792	439
19.842	477
19.892	496
19.943	509
19.993	532
20.043	523
20.093	542
20.143	539
20.193	518
20.244	516
20.294	495
20.344	467
20.394	451
20.444	412
20.495	399
20.545	374
20.595	347
20.645	337
20.696	326
20.746	314
20.797	319
20.847	319
20.897	334
20.947	351
20.997	364
21.048	395
21.098	419
21.148	440
21.198	471
21.248	480
21.298	514
21.349	528
21.399	527
21.449	542
21.499	535
21.549	527
21.600	520
21.651	488
21.701	480
21.751	454
21.801	422
21.851	403
21.902	377
21.952	352
22.002	340
22.052	321
22.102	319
22.152	319
22.203	316
22.253	332
22.303	348
22.353	362
22.403	390
22.453	406
22.505	442
22.555	468
22.605	481
22.655	512
22.705	522
22.756	532
22.806	543
22.856	526
22.906	536
22.956	523
23.006	495
23.057	484
23.107	456
23.157	429
23.207	408
23.257	374
23.307	360
23.358	341
23.409	322
23.459	319
23.509	319
23.559	313
23.610	329
23.660	337
23.710	362
23.760	386
23.810	404
23.860	437
23.911	459
23.961	485
24.011	510
24.061	510
24.111	537
24.161	542
24.212	534
24.262	539
24.313	519
24.363	508
24.413	489
24.464	453
24.514	438
24.564	411
24.614	378
24.664	363
24.714	349
24.765	322
24.815	319
24.865	313
24.915	317
24.965	326
25.016	334
25.066	359
25.116	383
25.166	402
25.217	433
25.267	449
25.318	485
25.368	505
25.418	517
25.468	538
25.518	525
25.568	545
25.619	541
25.669	515
25.719	514
25.769	491
25.819	461
25.870	443
25.920	411
25.970	386
26.020	365
26.071	340
26.121	329
26.172	320
26.222	309
26.272	315
26.322	319
26.372	332
26.422	354
26.473	369
26.523	401
26.573	427
26.623	448
26.673	482
26.724	491
26.774	523
26.824	537
26.874	530
26.924	547
26.975	540
27.026	526
27.076	518
27.126	485
27.176	473
27.226	448
27.276	412
27.327	394
27.377	368
27.427	342
27.477	331
27.527	316
27.578	314
27.628	315
27.678	316
27.728	332
27.778	351
27.828	365
27.880	396
27.930	413
27.980	450
28.030	476
28.080	489
28.131	520
28.181	530
28.231	537
28.281	546
28.331	529
28.381	536
28.432	521
28.482	488
28.532	479
28.582	451
28.632	420
28.682	399
28.733	366
28.784	352
28.834	334
28.884	317
28.934	316
28.985	315
29.035	313
29.085	330
29.135	340
29.185	368
29.235	392
29.286	410
29.336	445
29.386	469
29.436	490
29.486	517
29.536	515
29.587	542
29.637	544
29.688	535
29.738	538
29.788	518
29.839	502
29.889	483
29.939	444
29.989	431
30.039	403
30.089	371
30.140	356
30.190	339
30.240	320
30.290	316
30.340	311
30.390	318
30.441	328
30.491	338
30.541	363
30.592	387
30.642	410
30.693	441
30.743	455
30.793	491
30.843	511
30.893	518
30.943	539
30.994	535
31.044	543
31.094	539
31.144	513
31.194	509
31.244	486
31.295	453
31.345	435
31.395	407
31.445	377
31.496	360
31.547	333
31.597	326
31.647	317
31.697	310
31.747	318
31.797	334
31.848	336
31.898	360
31.948	376
31.998	409
32.048	435
32.099	454
32.149	488
32.199	496
32.249	528
32.299	538
32.349	529
32.401	546
32.451	539
32.501	519
32.551	512
32.601	479
32.651	465
32.702	439
32.752	401
32.802	385
32.852	362
32.902	336
32.953	326
33.003	315
33.053	312
33.103	315
33.153	318
33.203	336
33.254	355
33.305	373
33.355	404
33.405	421
33.455	460
33.505	485
33.556	491
33.606	526
33.656	535
33.706	536
33.756	547
33.807	529
33.857	533
33.907	516
33.957	484
34.007	470
34.057	443
34.108	410
34.158	389
34.209	357
34.259	342
34.309	327
34.360	313
34.410	313
34.460	314
34.510	315
34.560	333
34.610	346
34.661	375
34.711	400
34.761	418
34.811	456
34.861	479
34.911	499
34.962	524
35.012	523
35.062	546
35.113	549
35.163	533
35.214	537
35.264	516
35.314	493
35.364	474
35.414	434
35.464	420
35.515	391
35.565	360
35.615	345
35.665	330
35.715	312
35.765	312
35.816	308
35.866	317
35.916	330
35.966	342
36.017	371
36.068	395
36.118	418
36.168	452
36.218	466
36.268	503
36.318	522
36.369	525
36.419	546
36.469	542
36.519	544
36.569	539
36.619	509
36.670	503
36.720	478
36.770	442
36.820	422
36.870	393
36.922	364
36.972	347
37.022	323
37.072	316
37.122	312
37.172	304
37.223	314
37.273	329
37.323	340
37.373	366
37.423	385
37.473	421
37.524	449
37.574	464
37.624	501
37.674	515
37.724	535
37.775	548
37.826	534
37.876	550
37.926	540
37.976	516
38.026	507
38.077	476
38.127	450
38.177	425
38.227	387
38.277	371
38.328	348
38.378	324
38.428	315
38.478	319
38.528	304
38.578	313
38.629	320
38.680	341
38.730	363
38.780	382
38.830	417
38.880	439
38.931	472
38.981	499
39.031	506
39.081	538
39.131	545
39.182	540
39.232	551
39.282	525
39.332	529
39.382	510
39.432	472
39.483	458
39.533	428
39.584	393
39.634	372
39.684	351
39.734	326
39.785	316
39.835	305
39.885	306
39.935	311
39.985	316
40.036	338
40.086	359
40.136	384
40.186	414
40.236	432
40.286	472
40.337	495
40.387	512
40.437	538
40.488	530
40.538	554
40.588	553
40.639	530
40.689	533
40.739	511
40.789	481
40.839	462
40.890	422
40.940	401
40.990	375
41.040	344
41.090	331
41.140	318
41.191	304
41.241	305
41.291	305
41.341	318
41.392	335
41.443	351
41.493	382
41.543	409
41.593	433
41.643	470
41.693	484
41.744	517
41.794	535
41.844	533
41.894	554
41.944	550
41.994	541
42.045	535
42.095	502
42.145	492
42.195	463
42.245	423
42.297	405
42.347	377
42.397	349
42.447	332
42.497	313
42.547	308
42.598	305
42.648	303
42.698	317
42.748	334
42.798	350
42.848	379
42.899	398
42.949	438
42.999	466
43.049	484
43.099	517
43.150	528
43.201	543
43.251	553
43.301	535
43.351	550
43.401	536
43.452	506
43.502	494
43.552	463
43.602	432
43.652	407
43.702	371
43.753	354
43.803	333
43.853	312
43.903	308
43.953	307
44.004	298
44.054	315
44.105	324
44.155	351
44.205	377
44.255	400
44.306	436
44.356	462
44.406	489
44.456	516
44.506	518
44.556	549
44.607	553
44.657	545
44.707	552
44.757	531
44.807	518
44.858	498
44.908	456
44.958	439
45.009	409
45.059	373
45.109	355
45.160	335
45.210	312
45.260	307
45.310	299
45.360	305
45.411	314
45.461	323
45.511	349
45.561	377
45.611	398
45.661	432
45.712	448
45.762	490
45.812	512
45.862	524
45.913	548
45.963	535
46.014	557
46.064	553
46.114	523
46.164	523
46.214	498
46.265	462
46.315	443
46.365	411
46.415	378
46.465	357
46.515	331
46.566	317
46.616	309
46.666	300
46.716	303
46.767	319
46.817	320
46.868	347
46.918	365
46.968	399
47.018	428
47.068	450
47.119	487
47.169	496
47.219	533
47.269	546
47.319	538
47.369	556
47.420	550
47.470	533
47.520	525
47.570	486
47.620	476
47.672	447
47.722	406
47.772	385
47.822	361
47.872	332
47.922	320
47.973	307
48.023	301
48.073	305
48.123	308
48.173	324
48.223	344
48.274	363
48.324	396
48.374	415
48.424	456
48.474	485
48.524	493
48.576	530
48.626	542
48.676	545
48.726	557
48.776	537
48.827	544
48.877	527
48.927	491
48.977	479
49.027	448
49.077	413
49.128	390
49.178	357
49.228	341
49.278	322
49.328	306
49.379	305
49.429	306
49.480	305
49.530	324
49.580	336
49.630	367
49.681	394
49.731	415
49.781	453
49.831	479
49.881	501
49.931	527
49.982	526
50.032	552
50.082	555
50.132	539
50.182	545
50.233	523
50.283	503
50.333	482
50.384	441
50.434	424
50.484	393
50.535	361
50.585	343
50.635	326
50.685	308
50.735	306
50.785	301
50.836	310
50.886	323
50.936	334
50.986	363
51.036	391
51.087	416
51.137	451
51.187	465
51.237	505
51.288	526
51.338	530
51.389	552
51.439	548
51.489	552
51.539	546
51.589	514
51.640	510
51.690	482
51.740	448
51.790	424
51.840	395
51.890	364
51.941	344
51.991	320
52.041	312
52.091	305
52.141	298
52.192	308
52.243	323
52.293	333
52.343	361
52.393	381
52.443	418
52.494	447
52.544	467
52.594	503
52.644	512
52.694	542
52.744	552
52.795	541
52.845	556
52.895	546
52.945	524
52.995	512
53.045	477
53.097	456
53.147	428
53.197	391
53.247	370
53.297	346
53.348	321
53.398	312
53.448	315
53.498	298
53.548	307
53.598	314
53.649	335
53.699	359
53.749	378
53.799	414
53.849	438
53.899	474
53.950	500
54.001	508
54.051	540
54.101	548
54.151	547
54.202	557
54.252	530
54.302	535
54.352	514
54.402	478
54.452	461
54.503	429
54.553	394
54.603	373
54.653	343
54.703	326
54.753	314
54.804	303
54.854	303
54.905	307
54.955	312
55.005	334
55.056	351
55.106	382
55.156	412
55.206	433
55.256	472
55.306	496
55.357	514
55.407	540
55.457	532
55.507	556
55.557	556
55.608	538
55.658	538
55.708	513
55.758	484
55.809	464
55.859	421
55.910	403
55.960	374
56.010	345
56.060	329
56.110	315
56.160	302
56.211	303
56.261	303
56.311	316
56.361	332
56.411	348
56.462	380
56.512	407
56.562	433
56.612	469
56.663	484
56.713	519
56.764	537
56.814	538
56.864	557
56.914	552
56.964	547
57.014	539
57.065	502
57.115	495
57.165	466
57.215	425
57.265	406
57.316	377
57.366	346
57.416	330
57.466	312
57.516	306
57.567	302
57.618	301
57.668	314
57.718	331
57.768	345
57.818	378
57.868	399
57.919	437
57.969	466
58.019	482
58.069	518
58.119	531
58.170	547
58.220	556
58.270	541
58.320	554
58.370	539
58.420	509
58.472	497
58.522	464
58.572	434
58.622	408
58.672	371
58.723	354
58.773	331
58.823	310
58.873	305
58.923	305
58.973	298
59.024	312
59.074	322
59.124	349
59.174	376
59.224	398
59.274	436
59.325	459
59.376	490
59.426	517
59.476	518
59.526	551
59.577	556
59.627	550
59.677	554
59.727	522
59.777	523
59.827	499
59.878	457
59.928	441
59.978	410
60.028	374
60.078	355
60.128	339
60.179	308
60.229	306
60.280	299
60.330	302
60.380	311
60.431	320
60.481	348
60.531	375
60.581	400
60.631	433
60.681	454
60.732	493
60.782	514
60.832	527
60.882	550
60.932	540
60.982	560
61.033	555
61.083	529
61.133	525
61.184	499
61.234	464
61.285	443
61.335	407
61.385	380
61.435	356
61.485	327
61.535	315
61.586	305
61.636	296
61.686	301
61.736	306
61.786	324
61.836	346
61.887	364
61.937	401
61.987	431
62.037	456
62.088	491
62.139	504
62.189	538
62.239	551
62.289	544
62.339	562
62.389	554
62.440	538
62.490	527
62.540	488
62.590	475
62.640	445
62.691	404
62.741	385
62.791	357
62.841	328
62.891	316
62.941	300
62.993	300
63.043	301
63.093	304
63.143	322
63.193	344
63.243	364
63.294	399
63.344	418
63.394	460
63.444	488
63.494	502
63.545	535
63.595	546
63.645	553
63.695	561
63.745	541
63.795	547
63.846	529
63.897	493
63.947	477
63.997	444
64.047	410
64.097	386
64.148	353
64.198	336
64.248	318
64.298	300
64.348	301
64.399	303
64.449	301
64.499	322
64.549	336
64.599	367
64.649	396
64.700	417
64.750	458
64.801	482
64.851	508
64.901	533
64.952	533
65.002	557
65.052	559
65.102	548
65.152	548
65.202	523
65.253	503
65.303	480
65.353	437
65.403	419
65.453	389
65.503	356
65.554	338
65.604	322
65.654	302
65.705	302
65.755	298
65.806	308
65.856	321
65.906	336
65.956	366
66.006	393
66.056	422
66.107	456
66.157	469
66.207	510
66.257	531
66.307	537
66.357	556
66.408	536
66.458	559
66.508	547
66.558	517
66.609	510
66.660	480
66.710	443
66.760	422
66.810	393
66.860	360
66.910	340
66.961	316
67.011	308
67.061	303
67.111	296
67.161	307
67.211	319
67.262	336
67.312	364
67.362	384
67.412	423
67.462	452
67.514	473
67.564	508
67.614	513
67.664	547
67.714	555
67.764	541
67.815	558
67.865	546
67.915	522
67.965	511
68.015	471
68.065	452
68.116	423
68.166	385
68.216	365
68.266	342
68.316	316
68.367	308
68.418	301
68.468	298
68.518	306
68.568	314
68.618	338
68.669	362
68.719	384
68.769	420
68.819	441
68.869	480
68.920	507
68.970	513
69.020	546
69.070	552
69.120	551
69.170	558
69.221	531
69.272	534
69.322	512
69.372	473
69.422	456
69.472	424
69.523	388
69.573	368
69.623	337
69.673	322
69.723	310
69.774	300
69.824	301
69.874	307
69.924	313
69.974	336
70.024	354
70.075	386
70.125	418
70.176	440
70.226	479
70.276	502
70.326	522
70.377	544
70.427	535
70.477	560
70.527	558
70.577	537
70.628	536
70.678	510
70.728	482
70.778	458
70.828	417
70.878	397
70.929	369
70.979	340
71.029	324
71.080	313
71.130	297
71.180	300
71.231	302
71.281	316
71.331	335
71.381	352
71.431	386
71.482	415
71.532	444
71.582	477
71.632	486
71.682	527
71.732	544
71.783	542
71.833	560
71.883	552
71.933	549
71.984	537
72.035	500
72.085	489
72.135	459
72.185	420
72.235	399
72.285	370
72.336	340
72.386	324
72.436	305
72.486	301
72.536	301
72.586	300
72.637	315
72.687	335
72.737	352
72.787	383
72.837	403
72.889	445
72.939	475
72.989	491
73.039	526
73.089	534
73.139	553
73.190	560
73.240	543
73.290	553
73.340	538
73.390	507
73.440	492
73.491	455
73.541	428
73.591	401
73.641	365
73.691	346
73.742	326
73.793	306
73.843	302
73.893	311
73.943	298
73.993	314
74.044	325
74.094	354
74.144	381
74.194	403
74.244	442
74.294	462
74.345	498
74.395	523
74.445	525
74.495	554
74.545	557
74.596	548
74.646	554
74.697	520
74.747	520
74.797	493
74.847	452
74.898	434
74.948	402
74.998	368
75.048	349
75.098	327
75.148	310
75.199	304
75.249	297
75.299	303
75.349	314
75.399	323
75.450	352
75.500	371
75.550	408
75.601	439
75.651	459
75.701	496
75.752	517
75.802	531
75.852	553
75.902	539
75.952	559
76.003	553
76.053	529
76.103	521
76.153	494
76.203	460
76.253	439
76.304	397
76.354	378
76.404	353
76.454	327
76.505	315
76.555	306
76.606	296
76.656	303
76.706	309
76.756	328
76.806	350
76.857	370
76.907	405
76.957	434
77.007	459
77.057	493
77.107	499
77.158	537
77.208	549
77.258	539
77.308	557
77.359	549
77.409	533
77.460	522
77.510	483
77.560	472
77.610	440
77.660	401
77.711	382
77.761	356
77.811	329
77.861	318
77.911	304
77.961	303
78.012	305
78.062	308
78.112	328
78.162	350
78.212	368
78.264	402
78.314	422
78.364	462
78.414	490
78.464	501
78.514	533
78.565	541
78.615	549
78.665	556
78.715	536
78.765	543
78.815	523
78.866	491
78.916	475
78.966	442
79.016	409
79.066	386
79.116	355
79.168	338
79.218	321
79.268	305
79.318	304
79.368	307
79.419	307
79.469	327
79.519	340
79.569	371
79.619	398
79.669	417
79.720	459
79.770	481
79.820	507
79.870	530
79.920	530
79.971	553
80.021	555
80.072	541
80.122	543
80.172	519
80.222	501
80.273	477
80.323	436
80.373	419
80.423	389
80.473	358
80.523	341
80.574	334
80.624	306
80.674	306
80.724	302
80.774	313
80.825	326
80.875	337
80.925	368
80.976	395
81.026	422
81.076	455
81.127	470
81.177	507
81.227	526
81.277	534
81.327	551
81.377	536
81.428	552
81.478	543
81.528	512
81.578	506
81.628	479
81.679	444
81.729	423
81.779	391
81.829	364
81.880	344
81.930	321
81.981	312
82.031	308
82.081	301
82.131	311
82.181	327
82.232	340
82.282	366
82.332	383
82.382	420
82.432	448
82.482	471
82.533	504
82.583	509
82.633	540
82.683	550
82.733	539
82.784	552
82.835	541
82.885	521
82.935	509
82.985	468
83.035	456
83.086	426
83.136	390
83.186	371
83.236	347
83.286	323
83.336	315
83.387	306
83.437	307
83.487	311
83.537	317
83.587	340
83.637	362
83.689	384
83.739	417
83.789	433
83.839	475
83.889	500
83.940	510
83.990	538
84.040	544
84.090	546
84.140	553
84.190	526
84.241	531
84.291	509
84.341	475
84.391	459
84.441	429
84.491	396
84.542	373
84.593	344
84.643	330
84.693	317
84.743	305
84.794	307
84.844	311
84.894	316
84.944	338
84.994	354
85.044	386
85.095	414
85.145	434
85.195	473
85.245	494
85.295	516
85.345	538
85.396	530
85.446	553
85.497	553
85.547	532
85.597	533
85.648	509
85.698	484
85.748	462
85.798	421
85.848	403
85.898	375
85.949	345
85.999	331
86.049	319
86.099	304
86.149	306
86.200	304
86.250	319
86.300	336
86.350	350
86.401	383
86.451	409
86.502	437
86.552	470
86.602	482
86.652	519
86.702	536
86.752	535
86.803	555
86.853	546
86.903	547
86.953	536
87.003	504
87.054	493
87.104	464
87.154	426
87.204	405
87.255	377
87.305	348
87.356	332
87.406	312
87.456	308
87.506	306
87.556	302
87.606	316
87.657	343
87.707	349
87.757	380
87.807	399
87.857	437
87.908	466
87.958	483
88.008	516
88.058	518
88.108	548
88.159	554
88.210	540
88.260	550
88.310	537
88.360	510
88.410	496
88.460	461
88.511	436
88.561	410
88.611	374
88.661	357
88.711	336
88.762	315
88.812	311
88.862	315
88.912	304
88.962	317
89.012	325
89.064	351
89.114	375
89.164	395
89.214	432
89.264	453
89.315	488
89.365	512
89.415	517
89.465	545
89.515	549
89.565	544
89.616	549
89.666	523
89.716	521
89.766	498
89.816	460
89.866	444
89.917	413
89.968	378
90.018	360
90.068	333
90.118	320
90.169	312
90.219	303
90.269	307
90.319	315
90.369	322
90.419	349
90.470	364
90.520	400
90.570	429
90.620	449
90.670	485
90.720	506
90.771	523
90.821	544
90.872	532
90.922	554
90.972	550
91.023	525
91.073	524
91.123	498
91.173	467
91.223	446
91.273	407
91.324	388
91.374	362
91.424	334
91.474	323
91.524	314
91.574	304
91.625	307
91.675	310
91.725	327
91.776	346
91.826	362
91.877	397
91.927	425
91.977	450
92.027	483
92.077	492
92.127	528
92.178	541
92.228	536
92.278	554
92.328	545
92.378	537
92.428	526
92.479	490
92.529	478
92.579	449
92.629	411
92.680	391
92.731	366
92.781	338
92.831	325
92.881	308
92.931	307
92.981	308
93.032	310
93.082	325
93.132	345
93.182	362
93.232	394
93.283	413
93.333	452
93.383	479
93.433	492
93.483	526
93.533	532
93.585	547
93.635	553
93.685	536
93.735	544
93.785	527
93.835	497
93.886	482
93.936	449
93.986	420
94.036	396
94.086	361
94.137	345
94.187	328
94.237	310
94.287	309
94.337	319
94.387	306
94.438	324
94.489	335
94.539	364
94.589	389
94.639	411
94.689	448
94.740	466
94.790	499
94.840	522
94.890	522
94.940	549
94.991	550
95.041	540
95.091	545
95.141	515
95.191	510
95.241	485
95.292	447
95.342	428
95.393	399
95.443	368
95.493	350
95.544	337
95.594	314
95.644	310
95.694	303
95.744	312
95.794	323
95.845	333
95.895	361
95.945	383
95.995	412
96.045	443
96.095	458
96.146	497
96.196	517
96.246	527
96.297	546
96.347	536
96.398	551
96.448	544
96.498	516
96.548	512
96.598	485
96.648	454
96.699	433
96.749	396
96.799	374
96.849	352
96.899	327
96.949	318
97.000	311
97.050	304
97.100	311
97.150	315
97.201	336
97.252	358
97.302	376
97.352	411
97.402	439
97.452	462
97.502	494
97.553	501
97.603	535
97.653	545
97.703	539
97.753	553
97.803	542
97.854	528
97.904	516
97.954	474
98.004	465
98.054	435
98.106	399
98.156	380
98.206	355
98.256	329
98.306	320
98.356	307
98.407	307
98.457	310
98.507	315
98.557	334
98.607	355
98.657	374
98.708	408
98.758	427
98.808	466
98.858	490
98.908	503
98.959	533
99.010	540
99.060	546
99.110	553
99.160	531
99.210	536
99.261	517
99.311	483
99.361	469
99.411	438
99.461	405
99.512	383
99.562	352
99.612	337
99.662	321
99.712	306
99.762	308
99.813	311
99.864	312
99.914	332
99.964	346
100.014	376
100.064	403
100.115	424
100.165	462
100.215	483
100.265	508
100.315	531
100.366	526
100.416	552
100.466	551
100.516	536
100.566	538
100.616	514
100.667	494
100.717	472
100.768	431
100.818	413
100.868	386
100.918	354
100.969	338
101.019	325
101.069	308
101.119	307
101.169	302
101.220	315
101.270	329
101.320	342
101.370	373
101.420	399
101.470	425
101.521	458
101.571	472
101.621	510
101.672	527
101.722	531
101.772	552
101.823	533
101.873	550
101.923	541
101.973	506
102.023	501
102.074	474
102.124	438
102.174	417
102.224	383
102.274	358
102.324	340
102.375	318
102.425	311
102.475	307
102.525	302
102.576	313
102.627	334
102.677	344
102.727	370
102.777	391
102.827	427
102.877	455
102.928	477
102.978	508
103.028	513
103.078	545
103.128	552
103.178	539
103.229	553
103.279	540
103.329	517
103.379	504
103.429	463
103.481	448
103.531	418
103.581	381
103.631	362
103.681	340
103.731	318
103.782	311
103.832	301
103.882	304
103.932	312
103.982	318
104.032	344
104.083	367
104.133	388
104.183	426
104.233	443
104.283	483
104.334	508
104.385	515
104.435	545
104.485	551
104.535	549
104.585	555
104.636	528
104.686	529
104.736	507
104.786	468
104.836	452
104.886	419
104.937	385
104.987	365
105.037	335
105.087	322
105.137	310
105.188	301
105.238	303
105.289	311
105.339	316
105.389	341
105.439	356
105.490	392
105.540	422
105.590	442
105.640	481
105.690	503
105.740	524
105.791	544
105.841	534
105.891	557
105.941	554
105.991	536
106.042	531
106.092	505
106.142	478
106.193	455
106.243	414
106.293	394
106.344	367
106.394	337
106.444	324
106.494	313
106.544	298
106.595	304
106.645	306
106.695	320
106.745	339
106.795	354
106.845	390
106.896	417
106.946	444
106.996	478
107.046	486
107.097	526
107.147	542
107.198	538
107.248	557
107.298	548
107.348	545
107.398	533
107.449	496
107.499	487
107.549	457
107.599	419
107.649	397
107.699	370
107.750	340
107.800	327
107.850	309
107.900	305
107.951	304
108.001	302
108.052	320
108.102	338
108.152	354
108.202	387
108.252	405
108.303	445
108.353	473
108.403	490
108.453	522
108.503	532
108.553	550
108.604	556
108.654	541
108.704	548
108.754	533
108.804	504
108.856	489
108.906	455
108.956	427
109.006	402
109.056	366
109.106	349
109.157	328
109.207	310
109.257	307
109.307	315
109.357	302
109.407	318
109.458	329
109.508	357
109.558	383
109.608	405
109.658	442
109.708	462
109.760	496
109.810	521
109.860	526
109.910	550
109.960	553
110.011	545
110.061	549
110.111	519
110.161	516
110.211	491
110.261	454
110.312	434
110.362	403
110.412	370
110.462	351
110.512	327
110.563	313
110.613	307
110.664	300
110.714	307
110.764	317
110.814	326
110.865	354
110.915	373
110.965	408
111.015	438
111.065	456
111.115	495
111.166	515
111.216	528
111.266	549
111.316	536
111.366	555
111.417	550
111.467	525
111.517	519
111.568	492
111.618	460
111.668	437
111.719	397
111.769	379
111.819	354
111.869	328
111.919	316
111.969	310
112.020	298
112.070	306
112.120	310
112.170	331
112.220	352
112.271	370
112.321	406
112.371	434
112.421	459
112.472	492
112.522	499
112.573	534
112.623	547
112.673	540
112.723	555
112.773	546
112.824	534
112.874	521
112.924	484
112.974	470
113.024	441
113.074	402
113.125	383
113.175	359
113.225	330
113.275	320
113.325	306
113.376	306
113.427	307
113.477	311
113.527	329
113.577	350
113.627	368
113.678	401
113.728	417
113.778	460
113.828	487
113.878	500
113.928	531
113.979	538
114.029	549
114.079	554
114.129	535
114.179	540
114.229	522
114.281	487
114.331	475
114.381	443
114.431	412
114.481	387
114.532	354
114.582	339
114.632	323
114.682	308
114.732	307
114.782	311
114.833	309
114.883	328
114.933	342
114.983	371
115.033	398
115.083	419
115.134	457
115.185	478
115.235	506
115.285	528
115.335	525
115.386	551
115.436	550
115.486	538
115.536	541
115.586	507
115.636	501
115.687	477
115.737	435
115.787	419
115.837	390
115.887	358
115.937	342
115.988	333
116.038	308
116.089	308
116.139	305
116.189	314
116.240	327
116.290	340
116.340	368
116.390	395
116.440	420
116.490	453
116.541	467
116.591	504
116.641	523
116.691	530
116.741	549
116.792	532
116.842	551
116.892	542
116.942	512
116.993	505
117.043	479
117.094	444
117.144	423
117.194	394
117.244	366
117.294	347
117.344	323
117.395	315
117.445	311
117.495	302
117.545	314
117.595	321
117.646	340
117.696	365
117.746	383
117.796	419
117.847	446
117.897	466
117.948	500
117.998	508
118.048	537
118.098	547
118.148	535
118.198	550
118.249	539
118.299	520
118.349	509
118.399	469
118.449	457
118.500	428
118.550	393
118.600	373
118.650	351
118.700	326
118.751	318
118.802	308
118.852	308
118.902	313
118.952	320
119.002	341
119.052	361
119.103	380
119.153	414
119.203	431
119.253	470
119.303	495
119.354	504
119.404	533
119.454	540
119.504	544
119.554	550
119.604	526
119.656	530
119.706	510
119.756	475
119.806	462
119.856	431
119.907	400
119.957	379
120.007	350
120.057	336
120.107	321
120.157	310
120.208	311
120.258	315
120.308	317
120.358	338
120.408	353
120.458	383
120.509	409
120.560	427
120.610	464
120.660	486
120.710	506
120.761	529
120.811	525
120.861	547
120.911	547
120.961	531
121.011	531
121.062	507
121.112	486
121.162	466
121.212	428
121.262	410
121.312	383
121.363	354
121.413	339
121.464	327
121.514	310
121.564	312
121.615	309
121.665	322
121.715	337
121.765	350
121.815	379
121.865	405
121.916	430
121.966	460
122.016	472
122.066	509
122.116	526
122.166	528
122.217	546
122.267	537
122.317	542
122.368	533
122.418	502
122.469	495
122.519	469
122.569	432
122.619	413
122.669	389
122.719	357
122.770	341
122.820	320
122.870	316
122.920	312
122.970	308
123.020	320
123.071	342
123.121	346
123.171	375
123.221	391
123.272	429
123.323	456
123.373	474
123.423	507
123.473	507
123.523	540
123.573	546
123.624	532
123.674	545
123.724	533
123.774	509
123.824	499
123.875	461
123.925	446
123.975	419
124.025	384
124.075	366
124.125	345
124.177	324
124.227	317
124.277	311
124.327	308
124.377	318
124.427	327
124.478	348
124.528	371
124.578	390
124.628	424
124.678	441
124.729	478
124.779	503
124.829	511
124.879	537
124.929	542
124.979	540
125.030	546
125.081	518
125.131	523
125.181	502
125.231	467
125.281	452
125.332	421
125.382	389
125.432	370
125.482	343
125.532	329
125.583	319
125.633	308
125.683	311
125.733	318
125.783	322
125.833	345
125.884	360
125.934	392
125.985	418
126.035	437
126.085	475
126.136	495
126.186	514
126.236	535
126.286	530
126.336	548
126.386	547
126.437	526
126.487	524
126.537	501
126.587	477
126.637	455
126.687	414
126.738	399
126.788	374
126.838	344
126.889	332
126.939	321
126.990	308
127.040	310
127.090	310
127.140	325
127.190	342
127.240	356
127.291	389
127.341	413
127.391	438
127.441	470
127.491	481
127.541	517
127.592	531
127.642	533
127.692	548
127.742	541
127.793	537
127.844	527
127.894	494
127.944	485
127.994	458
128.044	421
128.094	402
128.145	375
128.195	348
128.245	335
128.295	316
128.345	313
128.395	311
128.446	310
128.496	323
128.546	343
128.596	356
128.646	385
128.698	401
128.748	441
128.798	467
128.848	482
128.898	514
128.948	523
128.999	541
129.049	549
129.099	536
129.149	544
129.199	529
129.249	504
129.300	490
129.350	455
129.400	432
129.450	407
129.500	372
129.551	356
129.602	336
129.652	316
129.702	313
129.752	323
129.802	306
129.853	321
129.903	331
129.953	357
130.003	380
130.053	400
130.104	436
130.154	455
130.204	487
130.254	513
130.304	517
130.354	543
130.405	546
130.456	541
130.506	545
130.556	516
130.606	515
130.656	493
130.707	455
130.757	439
130.807	409
130.857	376
130.907	358
130.958	335
131.008	320
131.058	313
131.108	305
131.158	310
131.208	319
131.259	326
131.309	353
131.360	375
131.410	402
131.460	433
131.510	449
131.561	488
131.611	508
131.661	522
131.711	543
131.761	532
131.812	553
131.862	547
131.912	522
131.962	519
132.012	494
132.062	463
132.113	442
132.163	403
132.213	384
132.264	360
132.314	332
132.364	322
132.415	312
132.465	304
132.515	308
132.565	312
132.615	330
132.666	350
132.716	365
132.766	400
132.816	428
132.866	453
132.916	486
132.967	493
133.017	530
133.067	543
133.117	536
133.168	554
133.219	544
133.269	532
133.319	523
133.369	487
133.419	474
133.469	446
133.520	408
133.570	388
133.620	363
133.670	336
133.720	323
133.770	310
133.821	308
133.871	308
133.921	308
133.971	328
134.021	349
134.073	365
134.123	397
134.173	419
134.223	456
134.273	482
134.323	497
134.374	528
134.424	537
134.474	547
134.524	554
134.574	537
134.624	542
134.675	524
134.725	491
134.775	478
134.825	446
134.875	416
134.926	392
134.977	359
135.027	342
135.077	325
135.127	309
135.177	307
135.228	310
135.278	308
135.328	325
135.378	338
135.428	367
135.478	393
135.529	416
135.579	453
135.629	474
135.679	503
135.729	526
135.780	529
135.830	551
135.881	552
135.931	542
135.981	544
136.031	518
136.082	504
136.132	481
136.182	442
136.232	423
136.282	394
136.332	360
136.383	344
136.433	335
136.483	308
136.533	307
136.583	302
136.634	311
136.684	324
136.734	337
136.785	364
136.835	392
136.885	416
136.936	450
136.986	465
137.036	504
137.086	523
137.136	531
137.187	551
137.237	534
137.287	552
137.337	545
137.387	517
137.437	510
137.488	483
137.538	448
137.588	427
137.638	397
137.689	368
137.739	347
137.790	324
137.840	315
137.890	309
137.940	301
137.990	310
138.041	319
138.091	336
138.141	361
138.191	380
138.241	416
138.291	443
138.342	464
138.392	499
138.442	506
138.492	539
138.543	548
138.593	541
138.644	553
138.694	543
138.744	525
138.794	512
138.844	475
138.895	459
138.945	430
138.995	393
139.045	374
139.095	350
139.145	326
139.196	315
139.246	305
139.296	305
139.346	309
139.396	315
139.448	337
139.498	358
139.548	378
139.598	413
139.648	432
139.698	472
139.749	497
139.799	506
139.849	538
139.899	544
139.949	546
139.999	555
140.050	532
140.100	534
140.150	514
140.200	478
140.250	463
140.300	431
140.352	397
140.402	376
140.452	345
140.502	331
140.552	317
140.603	305
140.653	305
140.703	310
140.753	313
140.803	334
140.853	350
140.904	382
140.954	411
141.004	430
141.054	469
141.104	491
141.155	513
141.205	536
141.256	531
141.306	554
141.356	555
141.406	536
141.457	536
141.507	512
141.557	488
141.607	466
141.657	428
141.707	406
141.758	378
141.808	346
141.858	333
141.908	319
141.958	304
142.009	305
142.059	304
142.109	316
142.160	333
142.210	347
142.260	378
142.311	405
142.361	432
142.411	466
142.461	479
142.511	516
142.561	534
142.612	539
142.662	555
142.712	546
142.762	549
142.812	539
142.863	506
142.913	496
142.963	469
143.013	431
143.064	410
143.114	381
143.165	352
143.215	335
143.265	315
143.315	308
143.365	306
143.416	302
143.466	314
143.516	339
143.566	346
143.616	375
143.666	395
143.717	434
143.767	462
143.817	482
143.867	514
143.917	519
143.968	547
144.019	553
144.069	542
144.119	552
144.169	538
144.219	512
144.270	499
144.320	465
144.370	441
144.420	413
144.470	377
144.520	358
144.571	336
144.621	315
144.671	310
144.721	303
144.771	304
144.821	313
144.873	324
144.923	348
144.973	373
145.023	394
145.073	431
145.124	447
145.174	488
145.224	513
145.274	519
145.324	546
145.374	551
145.425	547
145.475	553
145.525	525
145.575	525
145.625	500
145.675	462
145.726	445
145.777	413
145.827	380
145.877	360
145.927	333
145.978	318
146.028	310
146.078	301
146.128	304
146.178	312
146.228	320
146.279	346
146.329	364
146.379	398
146.429	429
146.479	450
146.529	487
146.580	508
146.630	526
146.681	547
146.731	537
146.781	558
146.832	554
146.882	532
146.932	527
146.982	501
147.032	470
147.082	448
147.133	405
147.183	388
147.233	361
147.283	332
147.333	320
147.384	311
147.434	297
147.484	303
147.534	306
147.585	324
147.635	343
147.686	361
147.736	396
147.786	425
147.836	452
147.886	485
147.936	495
147.987	532
148.037	546
148.087	542
148.137	558
148.187	550
148.238	543
148.288	530
148.338	490
148.388	481
148.439	451
148.489	412
148.540	391
148.590	364
148.640	336
148.690	322
148.740	305
148.790	304
148.841	303
148.891	305
148.941	322
148.991	342
149.041	361
149.092	394
149.142	415
149.192	454
149.242	482
149.292	498
149.343	531
149.394	541
149.444	551
149.494	558
149.544	540
149.594	548
149.644	530
149.695	496
149.745	482
149.795	449
149.845	418
149.895	392
149.946	358
149.996	341
150.046	322
150.096	304
150.146	303
150.196	307
150.248	304
150.298	320
150.348	335
150.398	364
150.448	391
150.499	413
150.549	453
150.599	477
150.649	506
150.699	529
150.749	530
150.800	556
150.850	558
150.900	547
150.950	550
151.000	517
151.050	510
151.101	485
151.152	444
151.202	425
151.252	394
151.302	360
151.353	343
151.403	331
151.453	304
151.503	303
151.553	298
151.603	306
151.654	319
151.704	332
151.754	361
151.804	383
151.854	417
151.904	451
151.955	468
152.005	505
152.056	526
152.106	537
152.156	556
152.207	541
152.257	559
152.307	551
152.357	521
152.407	514
152.457	485
152.508	451
152.558	427
152.608	387
152.658	368
152.708	345
152.758	320
152.809	310
152.859	303
152.909	297
152.960	306
153.010	314
153.061	336
153.111	359
153.161	379
153.211	417
153.261	447
153.311	469
153.362	504
153.412	511
153.462	545
153.512	555
153.562	544
153.612	559
153.663	547
153.713	529
153.763	516
153.813	476
153.864	459
153.915	428
153.965	390
154.015	370
154.065	345
154.115	320
154.165	309
154.216	301
154.266	301
154.316	305
154.366	312
154.416	333
154.467	357
154.517	380
154.567	415
154.617	435
154.667	477
154.717	501
154.769	513
154.819	545
154.869	549
154.919	556
154.969	559
155.019	536
155.070	538
155.120	516
155.170	478
155.220	460
155.270	428
155.321	394
155.371	370
155.421	339
155.471	325
155.521	310
155.571	298
155.622	300
155.673	306
155.723	309
155.773	332
155.823	349
155.873	384
155.924	414
155.974	435
156.024	476
156.074	497
156.124	523
156.175	544
156.225	540
156.275	561
156.325	560
156.375	543
156.425	540
156.476	510
156.526	488
156.577	463
156.627	420
156.677	400
156.728	372
156.778	340
156.828	325
156.878	313
156.928	296
156.978	299
157.029	298
157.079	312
157.129	331
157.179	348
157.229	381
157.279	411
157.330	442
157.380	475
157.430	488
157.481	526
157.531	543
157.582	544
157.632	562
157.682	544
157.732	556
157.782	542
157.832	506
157.883	495
157.933	463
157.983	426
158.033	402
158.083	375
158.133	344
158.184	325
158.234	304
158.284	301
158.334	299
158.385	297
158.436	311
158.486	335
158.536	348
158.586	382
158.636	400
158.686	442
158.737	470
158.787	493
158.837	525
158.887	526
158.937	557
158.987	562
159.038	548
159.088	557
159.138	539
159.188	512
159.238	496
159.290	453
159.340	434
159.390	404
159.440	367
159.490	348
159.540	327
159.591	304
159.641	301
159.691	295
159.741	300
159.791	311
159.841	322
159.892	350
159.942	378
159.992	404
160.042	440
160.092	458
160.143	499
160.194	523
160.244	530
160.294	556
160.344	558
160.394	556
160.445	557
160.495	527
160.545	524
160.595	497
160.645	457
160.696	437
160.746	405
160.796	371
160.846	350
160.896	323
160.946	311
160.997	303
161.048	296
161.098	301
161.148	311
161.198	322
161.248	349
161.299	368
161.349	407
161.399	439
161.449	459
161.499	497
161.550	517
161.600	536
161.650	555
161.700	543
161.750	562
161.800	557
161.851	531
161.901	524
161.952	496
162.002	464
162.052	439
162.102	398
162.153	379
162.203	352
162.253	324
162.303	313
162.353	305
162.404	294
162.454	301
162.504	306
162.554	325
162.604	348
162.654	368
162.705	405
162.755	433
162.805	464
162.856	495
162.906	505
162.956	540
163.007	554
163.057	546
163.107	563
163.157	548
163.207	542
163.258	526
163.308	484
163.358	473
163.408	441
163.458	400
163.508	381
163.559	355
163.609	324
163.659	314
163.709	303
163.760	300
163.811	301
163.861	306
163.911	325
163.961	350
164.011	368
164.061	402
164.112	421
164.162	464
164.212	491
164.262	508
164.312	538
164.362	533
164.413	559
164.463	561
164.513	541
164.563	546
164.613	525
164.665	493
164.715	474
164.765	438
164.815	409
164.865	383
164.915	350
164.966	334
165.016	317
165.066	300
165.116	300
165.166	311
165.216	305
165.267	324
165.317	339
165.367	370
165.417	399
165.467	422
165.518	463
165.569	479
165.619	515
165.669	536
165.719	534
165.769	558
165.820	558
165.870	546
165.920	546
165.970	513
166.020	504
166.070	477
166.121	436
166.171	415
166.221	386
166.271	353
166.321	337
166.372	314
166.422	305
166.473	303
166.523	298
166.573	308
166.623	324
166.674	337
166.724	369
166.774	389
166.824	427
166.874	458
166.924	474
166.975	511
167.025	530
167.075	542
167.125	557
167.175	541
167.226	557
167.276	546
167.326	519
167.377	507
167.427	478
167.477	442
167.528	419
167.578	382
167.628	362
167.678	340
167.728	317
167.779	310
167.829	305
167.879	299
167.929	309
167.979	318
168.029	341
168.080	366
168.130	388
168.180	425
168.230	453
168.281	477
168.331	509
168.382	515
168.432	547
168.482	554
168.532	543
168.582	556
168.633	542
168.683	523
168.733	508
168.783	468
168.833	452
168.883	422
168.934	386
168.984	366
169.034	343
169.084	320
169.135	311
169.185	302
169.236	304
169.286	310
169.336	317
169.386	340
169.436	365
169.487	388
169.537	422
169.587	441
169.637	481
169.687	506
169.737	516
169.788	545
169.838	548
169.888	553
169.938	557
169.988	531
170.040	532
170.090	510
170.140	474
170.190	455
170.240	423
170.290	392
170.341	368
170.391	340
170.441	326
170.491	313
170.541	300
170.591	304
170.642	311
170.692	316
170.742	339
170.792	355
170.842	389
170.892	418
170.944	440
170.994	478
171.044	498
171.094	523
171.144	543
171.195	536
171.245	557
171.295	555
171.345	538
171.395	534
171.445	506
171.496	486
171.546	459
171.596	418
171.646	400
171.696	372
171.747	342
171.797	327
171.848	326
171.898	304
171.948	305
171.998	304
172.049	320
172.099	337
172.149	355
172.199	384
172.249	413
172.299	442
172.350	474
172.400	487
172.450	522
172.500	537
172.550	542
172.601	555
172.651	532
172.701	549
172.752	534
172.802	500
172.852	491
172.903	461
172.953	425
173.003	404
173.053	375
173.103	349
173.153	332
173.204	312
173.254	309
173.304	307
173.354	305
173.404	319
173.455	329
173.505	356
173.555	382
173.605	400
173.656	442
173.706	467
173.757	488
173.807	519
173.857	517
173.907	548
173.957	553
174.008	541
174.058	549
174.108	532
174.158	510
174.208	494
174.258	453
174.309	436
174.359	407
174.409	373
174.459	356
174.509	335
174.560	316
174.611	311
174.661	304
174.711	310
174.761	319
174.811	329
174.862	354
174.912	379
174.962	400
175.012	435
175.062	452
175.112	490
175.163	513
175.213	517
175.263	545
175.313	546
175.363	548
175.413	548
175.465	520
175.515	518
175.565	495
175.615	458
175.665	440
175.716	410
175.766	378
175.816	358
175.866	332
175.916	321
175.966	312
176.017	304
176.067	309
176.117	318
176.167	328
176.217	352
176.267	369
176.318	403
176.369	431
176.419	452
176.469	488
176.519	508
176.570	528
176.620	544
176.670	535
176.720	553
176.770	548
176.820	525
176.871	522
176.921	493
176.971	467
177.021	443
177.071	404
177.121	385
177.172	360
177.222	333
177.273	321
177.323	313
177.373	301
177.424	308
177.474	312
177.524	329
177.574	349
177.624	366
177.674	401
177.725	428
177.775	457
177.825	487
177.875	497
177.925	532
177.976	544
178.026	541
178.076	555
178.126	543
178.177	539
178.227	525
178.278	486
178.328	476
178.378	446
178.428	408
178.478	387
178.528	369
178.579	336
178.629	323
178.679	307
178.729	305
178.779	306
178.830	307
178.880	326
178.930	351
178.980	366
179.031	398
179.081	418
179.132	458
179.182	484
179.232	500
179.282	531
179.332	529
179.382	553
179.433	557
179.483	540
179.533	544
179.583	526
179.633	496
179.684	480
179.734	443
179.784	418
179.834	391
179.884	356
179.935	342
179.986	324
180.036	306
180.086	306
180.136	315
180.186	308
180.236	324
180.287	337
180.337	367
180.387	395
180.437	418
180.487	456
180.538	467
180.588	508
180.638	528
180.688	531
180.738	553
180.788	555
180.840	544
180.890	546
180.940	511
180.990	507
181.040	480
181.091	441
181.141	421
181.191	391
181.241	359
181.291	341
181.341	319
181.392	310
181.442	305
181.492	300
181.542	310
181.592	324
181.642	336
181.693	366
181.744	383
181.794	423
181.844	453
181.894	469
181.945	508
181.995	526
182.045	540
182.095	555
182.145	540
182.195	557
182.246	547
182.296	517
182.346	510
182.396	480
182.446	448
182.496	423
182.547	386
182.597	366
182.648	342
182.698	318
182.748	311
182.799	305
182.849	298
182.899	308
182.949	315
182.999	340
183.049	364
183.100	384
183.150	421
183.200	449
183.250	476
183.300	507
183.350	517
183.401	545
183.451	553
183.501	545
183.552	557
183.602	543
183.653	528
183.703	512
183.753	469
183.803	456
183.853	425
183.903	388
183.954	368
184.004	343
184.054	320
184.104	310
184.154	301
184.204	302
184.255	307
184.305	313
184.355	337
184.405	361
184.456	384
184.507	418
184.557	439
184.607	478
184.657	503
184.707	516
184.757	543
184.808	545
184.858	558
184.908	558
184.958	535
185.008	535
185.059	513
185.109	480
185.159	460
185.209	426
185.259	396
185.309	371
185.361	340
185.411	326
185.461	312
185.511	301
185.561	302
185.611	317
185.662	312
185.712	335
185.762	352
185.812	385
185.862	414
185.913	436
185.963	475
186.013	487
186.063	525
186.113	542
186.163	537
186.214	559
186.265	556
186.315	543
186.365	538
186.415	499
186.465	491
186.516	462
186.566	422
186.616	402
186.666	373
186.716	343
186.767	328
186.817	311
186.867	304
186.917	303
186.967	303
187.017	316
187.068	335
187.118	352
187.169	383
187.219	407
187.269	442
187.320	472
187.370	486
187.420	523
187.470	538
187.520	543
187.570	558
187.621	539
187.671	553
187.721	538
187.771	506
187.821	493
187.871	462
187.922	428
187.972	404
188.022	367
188.073	350
188.123	330
188.174	308
188.224	306
188.274	303
188.324	302
188.374	315
188.424	327
188.475	355
188.525	382
188.575	402
188.625	442
188.675	469
188.725	490
188.776	521
188.826	522
188.876	552
188.926	557
188.977	545
189.028	553
189.078	536
189.128	514
189.178	495
189.228	455
189.278	437
189.329	406
189.379	372
189.429	352
189.479	332
189.529	310
189.579	306
189.630	299
189.680	304
189.730	314
189.780	324
189.830	352
189.882	378
189.932	404
189.982	439
190.032	457
190.082	496
190.132	519
190.183	527
190.233	552
190.283	551
190.333	555
190.383	554
190.433	524
190.484	523
190.534	497
190.584	459
190.634	439
190.684	407
190.735	374
190.786	354
190.836	326
190.886	316
190.936	307
190.986	299
191.037	305
191.087	315
191.137	323
191.187	350
191.237	367
191.288	405
191.338	436
191.388	457
191.438	494
191.488	511
191.538	535
191.589	551
191.640	540
191.690	559
191.740	553
191.790	529
191.840	524
191.891	494
191.941	468
191.991	442
192.041	402
192.091	382
192.142	357
192.192	330
192.242	317
192.292	319
192.342	298
192.392	305
192.443	308
192.493	327
192.544	348
192.594	366
192.644	401
192.694	427
192.745	460
192.795	489
192.845	502
192.895	535
192.945	547
192.996	545
193.046	558
193.096	537
193.146	542
193.196	525
193.246	488
193.297	475
193.347	443
193.397	408
193.448	385
193.498	363
193.548	332
193.599	320
193.649	305
193.699	305
193.749	306
193.799	308
193.850	326
193.900	343
193.950	368
194.000	399
194.050	419
194.100	460
194.151	485
194.201	503
194.251	532
194.301	530
194.352	555
194.403	557
194.453	543
194.503	544
194.553	524
194.603	496
194.653	477
194.704	435
194.754	417
194.804	389
194.854	355
194.904	339
194.954	322
195.005	306
195.055	305
195.105	301
195.155	312
195.205	325
195.257	338
195.307	368
195.357	396
195.407	419
195.457	455
195.507	472
195.558	508
195.608	529
195.658	529
195.708	553
195.758	552
195.808	549
195.859	545
195.909	510
195.959	507
196.009	481
196.059	442
196.110	422
196.161	392
196.211	360
196.261	344
196.311	320
196.361	313
196.412	307
196.462	303
196.512	312
196.562	325
196.612	338
196.662	366
196.713	385
196.763	423
196.813	451
196.863	469
196.913	505
196.964	521
197.014	537
197.065	551
197.115	539
197.165	554
197.215	544
197.266	516
197.316	509
197.366	481
197.416	453
197.466	427
197.516	389
197.567	371
197.617	348
197.667	325
197.717	316
197.767	313
197.818	304
197.868	313
197.918	318
197.969	341
198.019	363
198.069	381
198.120	418
198.170	443
198.220	471
198.270	500
198.320	504
198.371	538
198.421	547
198.471	543
198.521	552
198.571	536
198.621	529
198.672	511
198.722	474
198.772	460
198.822	431
198.873	394
198.923	375
198.974	353
199.024	328
199.074	319
199.124	308
199.174	309
199.225	313
199.275	317
199.325	339
199.375	362
199.425	380
199.475	412
199.526	431
199.576	470
199.626	493
199.676	506
199.727	534
199.777	535
199.828	550
199.878	550
199.928	528
199.978	532
200.028	512
200.079	482
200.129	465
200.179	431
200.229	404
200.279	380
200.329	351
200.380	337
200.430	323
200.480	310
200.530	310
200.580	323
200.632	316
200.682	337
200.732	350
200.782	382
200.832	408
200.882	428
200.933	464
200.983	480
201.033	513
201.083	530
201.133	528
201.183	549
201.234	547
201.284	536
201.334	533
201.384	502
201.434	493
201.484	468
201.536	429
201.586	412
201.636	385
201.686	354
201.736	340
201.787	323
201.837	313
201.887	311
201.937	308
201.987	321
202.037	335
202.088	348
202.138	378
202.188	396
202.238	432
202.288	460
202.339	475
202.389	509
202.440	524
202.490	532
202.540	547
202.590	535
202.641	545
202.691	534
202.741	504
202.791	497
202.841	469
202.891	437
202.942	416
202.992	382
203.042	365
203.092	343
203.142	322
203.193	317
203.243	314
203.293	308
203.344	320
203.394	328
203.444	352
203.495	374
203.545	391
203.595	427
203.645	453
203.695	476
203.745	505
203.796	506
203.846	539
203.896	545
203.946	534
203.996	547
204.047	531
204.097	516
204.147	500
204.197	461
204.248	449
204.298	422
204.349	386
204.399	370
204.449	347
204.499	325
204.549	319
204.600	309
204.650	313
204.700	318
204.750	324
204.800	348
204.850	371
204.901	392
204.951	422
205.001	440
205.051	478
205.101	500
205.152	508
205.203	536
205.253	537
205.303	545
205.353	546
205.403	524
205.454	525
205.504	503
205.554	471
205.604	454
205.654	423
205.704	394
205.755	373
205.805	346
205.855	333
205.905	321
205.955	308
206.005	313
206.057	319
206.107	324
206.157	345
206.207	360
206.257	391
206.308	417
206.358	438
206.408	474
206.458	483
206.508	518
206.558	535
206.609	528
206.659	549
206.709	546
206.759	530
206.809	527
206.859	493
206.910	483
206.961	458
207.011	420
207.061	401
207.111	375
207.162	347
207.212	334
207.262	319
207.312	308
207.362	311
207.412	312
207.463	325
207.513	342
207.563	356
207.613	388
207.663	412
207.713	441
207.764	471
207.814	482
207.865	517
207.915	533
207.965	537
208.016	550
208.066	530
208.116	544
208.166	530
208.216	498
208.266	488
208.317	460
208.367	426
208.417	404
208.467	371
208.517	352
208.568	335
208.618	315
208.668	313
208.718	311
208.769	308
208.819	322
208.870	331
208.920	356
208.970	383
209.020	400
209.070	439
209.120	465
209.171	485
209.221	515
209.271	516
209.321	545
209.371	550
209.422	538
209.472	546
209.522	530
209.572	508
209.623	492
209.673	452
209.724	436
209.774	407
209.824	372
209.874	356
209.924	336
209.974	317
210.025	312
210.075	305
210.125	311
210.175	320
210.225	329
210.276	355
210.326	379
210.376	401
210.426	437
210.476	452
210.527	491
210.578	513
210.628	521
210.678	545
210.728	547
210.778	546
210.828	548
210.879	522
210.929	518
210.979	495
211.029	461
211.079	441
211.130	410
211.180	378
211.230	358
211.280	332
211.330	321
211.380	313
211.432	304
211.482	309
211.532	319
211.582	328
211.632	353
211.683	371
211.733	404
211.783	433
211.833	452
211.883	489
211.933	507
211.984	527
212.034	545
212.084	539
212.134	554
212.184	549
212.234	526
212.285	520
212.336	492
212.386	468
212.436	443
212.486	404
212.537	386
212.587	360
212.637	334
212.687	321
212.737	314
212.787	302
212.838	308
212.888	311
212.938	329
212.988	350
213.038	367
213.088	402
213.139	431
213.189	457
213.240	488
213.290	497
213.340	532
213.391	545
213.441	543
213.491	556
213.541	534
213.591	541
213.641	524
213.692	486
213.742	476
213.792	445
213.842	408
213.892	387
213.942	366
213.993	334
214.043	322
214.093	309
214.144	306
214.194	307
214.245	308
214.295	328
214.345	351
214.395	366
214.445	398
214.495	417
214.546	458
214.596	484
214.646	502
214.696	531
214.746	526
214.796	554
214.847	556
214.897	538
214.947	544
214.997	524
215.048	494
215.099	479
215.149	439
215.199	417
215.249	390
215.299	357
215.349	341
215.400	323
215.450	305
215.500	306
215.550	302
215.600	310
215.651	325
215.701	339
215.751	368
215.801	395
215.851	419
215.901	457
215.953	469
216.003	509
216.053	529
216.103	531
216.153	554
216.203	554
216.254	547
216.304	546
216.354	510
216.404	507
216.454	481
216.505	442
216.555	422
216.605	391
216.655	360
216.705	342
216.755	319
216.806	310
216.857	306
216.907	300
216.957	311
217.007	324
217.057	337
217.108	365
217.158	385
217.208	423
217.258	453
217.308	470
217.359	508
217.409	524
217.459	539
217.509	554
217.559	543
217.609	556
217.660	546
217.710	520
217.761	510
217.811	480
217.861	450
217.912	425
217.962	386
218.012	367
218.062	343
218.112	320
218.162	312
218.213	307
218.263	300
218.313	309
218.363	315
218.413	339
218.463	363
218.514	384
218.564	420
218.614	447
218.665	475
218.715	504
218.766	511
218.816	544
218.866	553
218.916	543
218.966	557
219.016	540
219.067	530
219.117	513
219.167	474
219.217	458
219.267	426
219.317	390
219.368	371
219.418	348
219.468	321
219.518	312
219.569	302
219.620	304
219.670	308
219.720	314
219.770	337
219.820	363
219.870	384
219.921	417
219.971	436
220.021	476
220.071	500
220.121	515
220.171	542
220.222	533
220.272	557
220.322	556
220.372	536
220.422	535
220.474	513
220.524	479
220.574	461
220.624	427
220.674	396
220.724	373
220.775	343
220.825	329
220.875	315
220.925	301
220.975	304
221.025	319
221.076	314
221.126	335
221.176	352
221.226	383
221.276	412
221.327	435
221.378	472
221.428	484
221.478	522
221.528	539
221.578	537
221.629	556
221.679	553
221.729	539
221.779	536
221.829	501
221.880	492
221.930	464
221.980	425
222.030	404
222.080	377
222.130	347
222.181	332
222.232	319
222.282	305
222.332	306
222.382	304
222.432	318
222.483	335
222.533	352
222.583	381
222.633	401
222.683	440
222.734	469
222.784	482
222.834	519
222.884	534
222.934	541
222.984	555
223.035	542
223.085	551
223.136	538
223.186	506
223.236	496
223.286	466
223.337	432
223.387	409
223.437	375
223.487	356
223.537	335
223.588	314
223.638	310
223.688	308
223.738	304
223.788	317
223.838	327
223.889	353
223.939	379
223.989	398
224.040	436
224.090	463
224.140	485
224.191	515
224.241	519
224.291	547
224.341	552
224.391	542
224.442	551
224.492	534
224.542	515
224.592	498
224.642	459
224.692	442
224.743	413
224.793	378
224.843	360
224.893	339
224.944	317
224.995	312
225.045	304
225.095	309
225.145	317
225.195	325
225.245	351
225.296	375
225.346	397
225.396	432
225.446	449
225.496	488
225.546	510
225.597	521
225.647	545
225.697	545
225.747	552
225.797	550
225.849	524
225.899	523
225.949	499
225.999	465
226.049	446
226.099	415
226.150	384
226.200	363
226.250	336
226.300	324
226.350	314
226.400	304
226.451	309
226.501	319
226.551	324
226.601	349
226.651	365
226.702	399
226.753	427
226.803	447
226.853	484
226.903	501
226.953	527
227.004	543
227.054	534
227.104	554
227.154	549
227.204	531
227.254	525
227.305	489
227.355	476
227.405	450
227.455	411
227.505	392
227.556	366
227.606	340
227.657	326
227.707	323
227.757	304
227.807	308
227.858	312
227.908	327
227.958	346
228.008	363
228.058	396
228.108	419
228.159	448
228.209	480
228.259	490
228.309	526
228.359	538
228.410	541
228.460	554
228.510	536
228.561	543
228.611	528
228.661	493
228.712	482
228.762	453
228.812	417
228.862	396
228.912	367
228.963	344
229.013	329
229.063	313
229.113	310
229.163	310
229.213	309
229.264	326
229.314	337
229.364	364
229.414	391
229.465	410
229.515	449
229.566	474
229.616	494
229.666	523
229.716	522
229.766	548
229.817	551
229.867	535
229.917	544
229.967	527
230.017	501
230.067	485
230.118	446
230.168	429
230.218	401
230.268	368
230.319	351
230.369	333
230.420	314
230.470	312
230.520	306
230.570	314
230.620	324
230.671	336
230.721	363
230.771	387
230.821	409
230.871	444
230.921	458
230.972	497
231.022	518
231.072	521
231.122	546
231.172	548
231.224	543
231.274	545
231.324	513
231.374	512
231.424	488
231.474	450
231.525	434
231.575	405
231.625	373
231.675	355
231.725	333
231.775	322
231.826	314
231.876	307
231.926	313
231.976	325
232.026	334
232.076	359
232.128	376
232.178	411
232.228	439
232.278	457
232.328	493
232.379	510
232.429	527
232.479	544
232.529	536
232.579	551
232.629	543
232.680	521
232.730	515
232.780	487
232.830	463
232.880	438
232.931	400
232.981	382
233.032	358
233.082	333
233.132	323
233.182	315
233.233	305
233.283	313
233.333	316
233.383	336
233.433	356
233.483	373
233.534	407
233.584	433
233.634	461
233.684	490
233.734	496
233.785	531
233.835	542
233.885	538
233.936	552
233.986	538
234.036	533
234.087	518
234.137	483
234.187	469
234.237	440
234.287	403
234.337	385
234.388	367
234.438	336
234.488	324
234.538	310
234.588	309
234.639	311
234.689	314
234.739	333
234.789	357
234.840	372
234.890	403
234.941	420
234.991	460
235.041	485
235.091	499
235.141	529
235.192	524
235.242	549
235.292	552
235.342	534
235.392	539
235.442	519
235.493	489
235.543	473
235.593	438
235.643	414
235.693	388
235.744	355
235.795	341
235.845	325
235.895	310
235.945	310
235.995	311
236.046	313
236.096	330
236.146	343
236.196	372
236.246	397
236.296	420
236.347	457
236.397	472
236.447	506
236.497	526
236.547	531
236.597	550
236.649	548
236.699	542
236.749	540
236.799	507
236.849	501
236.900	477
236.950	439
237.000	420
237.050	391
237.100	360
237.150	344
237.201	321
237.251	315
237.301	310
237.351	304
237.401	315
237.451	329
237.502	341
237.553	369
237.603	388
237.653	423
237.703	452
237.754	468
237.804	504
237.854	521
237.904	532
237.954	548
238.004	531
238.055	550
238.105	540
238.155	514
238.205	506
238.255	477
238.305	446
238.356	423
238.406	387
238.457	369
238.507	348
238.557	323
238.608	316
238.658	312
238.708	304
238.758	314
238.808	321
238.858	343
238.909	366
238.959	384
239.009	420
239.059	446
239.109	472
239.160	500
239.210	506
239.260	538
239.310	545
239.361	539
239.411	551
239.462	537
239.512	524
239.562	508
239.612	469
239.662	456
239.712	427
239.763	390
239.813	373
239.863	351
239.913	328
239.963	318
240.014	308
240.064	309
240.114	314
240.164	318
240.215	341
240.265	363
240.316	384
240.366	416
240.416	431
240.466	472
240.516	497
240.566	508
240.617	536
240.667	540
240.717	548
240.767	551
240.817	528
240.868	531
240.918	511
240.968	476
241.018	461
241.068	430
241.119	400
241.170	377
241.220	347
241.270	333
241.320	320
241.370	308
241.420	309
241.471	317
241.521	316
241.571	339
241.621	352
241.671	385
241.722	412
241.772	434
241.822	470
241.872	483
241.922	517
241.972	535
242.024	529
242.074	552
242.124	551
242.174	534
242.224	534
242.275	499
242.325	489
242.375	464
242.425	423
242.475	406
242.525	379
242.576	349
242.626	335
242.676	319
242.726	308
242.776	308
242.826	306
242.877	320
242.928	335
242.978	350
243.028	381
243.078	407
243.129	436
243.179	467
243.229	480
243.279	516
243.329	531
243.379	538
243.430	553
243.480	536
243.530	548
243.580	536
243.630	505
243.680	495
243.731	466
243.781	431
243.832	409
243.882	374
243.932	356
243.983	336
244.033	316
244.083	310
244.133	309
244.183	304
244.233	317
244.284	328
244.334	354
244.384	379
244.434	398
244.484	435
244.534	463
244.585	484
244.635	514
244.685	517
244.736	547
244.786	553
244.837	539
244.887	550
244.937	535
244.987	514
245.037	497
245.087	457
245.138	441
245.188	411
245.238	376
245.288	358
245.338	337
245.388	316
245.439	310
245.489	302
245.539	307
245.589	316
245.640	325
245.691	350
245.741	374
245.791	397
245.841	432
245.891	449
245.941	489
245.992	512
246.042	522
246.092	546
246.142	547
246.192	551
246.243	551
246.293	526
